0 0.744140625 0.1429618768328446 0.07177734375 0.11217008797653959
0 0.84765625 0.1656891495601173 0.06201171875 0.0872434017595308
0 0.462890625 0.5469208211143695 0.05322265625 0.0747800586510264
0 0.47314453125 0.8211143695014663 0.0400390625 0.05498533724340176
0 0.0263671875 0.7008797653958945 0.05224609375 0.07551319648093842
0 0.1083984375 0.7873900293255132 0.0712890625 0.07258064516129033
0 0.044921875 0.04105571847507331 0.0673828125 0.0813782991202346
0 0.25146484375 0.09090909090909091 0.048828125 0.053519061583577714
0 0.1650390625 0.24413489736070382 0.076171875 0.0813782991202346
0 0.1015625 0.2859237536656892 0.0625 0.07697947214076246
0 0.10693359375 0.13416422287390029 0.0615234375 0.0747800586510264
0 0.0387256650390625 0.9903850571847507 0.1633583779296875 0.8401354105571848 0.15863826171875 0.8209984017595309 0.015460892578125 0.9411331085043989 0.0387256650390625 0.9903850571847507
0 0.12646484375 0.9618768328445748 0.0712890625 0.07551319648093842
0 0.111328125 0.5843108504398827 0.060546875 0.07991202346041056
0 0.1708984375 0.6752199413489736 0.1044921875 0.14149560117302054
0 0.1531581748046875 0.9402662903225807 0.2819453125 0.854854642228739 0.2113200849609375 0.7519866217008797 0.13875816796875 0.9217699120234604 0.1531581748046875 0.9402662903225807
0 0.52685546875 0.6634897360703812 0.033203125 0.05498533724340176
0 0.43017578125 0.2969208211143695 0.07666015625 0.10043988269794721
0 0.61083984375 0.34384164222873903 0.05908203125 0.0967741935483871
0 0.4794921875 0.062316715542521994 0.04833984375 0.06744868035190615
0 0.4560546875 0.14149560117302054 0.0634765625 0.09237536656891496
0 0.43310546875 0.04985337243401759 0.04345703125 0.06671554252199413
0 0.31689453125 0.13269794721407624 0.03125 0.0813782991202346
0 0.34716796875 0.14589442815249268 0.0341796875 0.07258064516129033
0 0.21826171875 0.19868035190615835 0.0400390625 0.06304985337243402
0 0.2578125 0.16348973607038123 0.0625 0.08577712609970674
0 0.1552734375 0.17228739002932553 0.0517578125 0.06598240469208211
0 0.11669921875 0.218475073313783 0.04150390625 0.051319648093841645
0 0.08642578125 0.2118768328445748 0.0439453125 0.05278592375366569
0 0.18798828125 0.45527859237536655 0.06689453125 0.054252199413489736
0 0.1953125 0.1187683284457478 0.0595703125 0.10483870967741936
0 0.11865234375 0.06744868035190615 0.06494140625 0.06744868035190615
0 0.03955078125 0.12976539589442815 0.0791015625 0.09457478005865103
0 0.0390625 0.8174486803519062 0.0751953125 0.0872434017595308
0 0.0693359375 0.8167155425219942 0.060546875 0.06451612903225806
0 0.20822614453125 1 0.2709579345703125 0.9398862170087976 0.275112359375 0.870060651026393 0.1857922822265625 0.9691879956011731 0.20822614453125 1
0 0.32861328125 0.5256598240469208 0.06103515625 0.08504398826979472
0 0.33203125 0.4530791788856305 0.0556640625 0.05718475073313783
0 0.08642578125 0.4567448680351906 0.04541015625 0.06451612903225806
0 0.36767578125 0.8108504398826979 0.05615234375 0.125366568914956
0 0.29638671875 0.9743401759530792 0.0576171875 0.051319648093841645
0 0.0380859375 0.5762463343108505 0.076171875 0.05571847507331378
0 0.06298828125 0.6319648093841642 0.0703125 0.06304985337243402
0 0.1787109375 0.35117302052785926 0.06005859375 0.10850439882697947
0 0.693359375 0.3181818181818182 0.03466796875 0.10410557184750734
0 0.5947265625 0.14442815249266863 0.1162109375 0.26173020527859236
0 0.21533203125 0.5432551319648093 0.07568359375 0.08797653958944282
0 0.29345703125 0.3658357771260997 0.04248046875 0.08577712609970674
0 0.36474609375 0.3812316715542522 0.06982421875 0.10850439882697947
0 0.43359375 0.4281524926686217 0.048828125 0.0747800586510264
0 0.36376953125 0.5139296187683284 0.029296875 0.05205278592375367
0 0.3544921875 0.5725806451612904 0.025390625 0.04985337243401759
0 0.38037109375 0.5813782991202346 0.025390625 0.051319648093841645
0 0.39697265625 0.48240469208211145 0.05859375 0.05718475073313783
0 0.39404296875 0.5359237536656891 0.0537109375 0.04105571847507331
0 0.400390625 0.5711143695014663 0.0322265625 0.04105571847507331
0 0.4716796875 0.9032258064516129 0.04736328125 0.0718475073313783
0 0.62939453125 0.6605571847507331 0.06298828125 0.1063049853372434
0 0.79541015625 0.06158357771260997 0.06396484375 0.10337243401759531
0 0.2200915712890625 0.8156829545454546 0.325611904296875 0.6969194926686217 0.31047 0.6569313592375366 0.207843638671875 0.7690258841642228 0.2200915712890625 0.8156829545454546
0 0.05712890625 0.3526392961876833 0.1015625 0.06304985337243402
0 0.5576171875 0.45527859237536655 0.0556640625 0.09090909090909091
0 0.62353515625 0.5080645161290323 0.06884765625 0.12463343108504399
0 0.3896484375 0.9538123167155426 0.09765625 0.09237536656891496
0 0.3740234375 0.2434017595307918 0.0302734375 0.04985337243401759
0 0.38427734375 0.18475073313782991 0.0419921875 0.054252199413489736
0 0.02734375 0.48607038123167157 0.0546875 0.09897360703812316