0 0.7421875 0.874633431085044 0.0810546875 0.11730205278592376
0 0.44677734375 0.4274193548387097 0.0546875 0.08651026392961877
0 0.25048828125 0.44941348973607037 0.0400390625 0.06598240469208211
0 0.7705078125 0.07624633431085044 0.0400390625 0.08064516129032258
0 0.35009765625 0.022727272727272728 0.1015625 0.04105571847507331
0 0.2948971015625 0.023952060117302054 0.2753226337890625 0.005812222873900293 0.1816608828125 0.00826692815249267 0.222337349609375 0.14023032991202347 0.2948971015625 0.023952060117302054
0 0.3642578125 0.532991202346041 0.0400390625 0.054252199413489736
0 0.6259765625 0.36950146627565983 0.0732421875 0.12609970674486803
0 0.595703125 0.6634897360703812 0.0712890625 0.0967741935483871
0 0.79541015625 0.4442815249266862 0.0498046875 0.07917888563049853
0 0.73828125 0.4083577712609971 0.0673828125 0.10410557184750734
0 0.8037109375 0.36950146627565983 0.048828125 0.0718475073313783
0 0.74169921875 0.18255131964809385 0.0595703125 0.051319648093841645
0 0.73291015625 0.23313782991202345 0.0537109375 0.05718475073313783
0 0.69287109375 0.028592375366568914 0.0458984375 0.05718475073313783
0 0.71826171875 0.08797653958944282 0.0625 0.10263929618768329
0 0.5078125 0.017595307917888565 0.0390625 0.03519061583577713
0 0.7490234375 0.017595307917888565 0.076171875 0.03519061583577713
0 0.161500185546875 0.03194725513196481 0.162572728515625 0.12420624926686218 0.2112864287109375 0.12945407624633432 0.161500185546875 0.03194725513196481
0 0.4599609375 0.2089442815249267 0.0625 0.10117302052785923
0 0.51220703125 0.21407624633431085 0.0419921875 0.09237536656891496
0 0.255859375 0.2785923753665689 0.0908203125 0.093841642228739
0 0.61572265625 0.7961876832844574 0.0751953125 0.05865102639296188
0 0.73876953125 0.6334310850439883 0.189453125 0.1935483870967742
0 0.4453125 0.04472140762463343 0.064453125 0.08797653958944282
0 0.57373046875 0.1495601173020528 0.0625 0.07038123167155426
0 0.56396484375 0.2661290322580645 0.0791015625 0.11436950146627566
0 0.53173828125 0.3775659824046921 0.0546875 0.08064516129032258
0 0.46875 0.2661290322580645 0.0380859375 0.04838709677419355
0 0.42626953125 0.2529325513196481 0.03515625 0.04252199413489736
0 0.4208984375 0.29472140762463345 0.037109375 0.04252199413489736
0 0.4921875 0.3189149560117302 0.0419921875 0.09530791788856305
0 0.45361328125 0.3159824046920821 0.0302734375 0.08944281524926687
0 0.4287109375 0.32697947214076245 0.0302734375 0.054252199413489736
0 0.19189453125 0.44868035190615835 0.0517578125 0.07771260997067449
0 0.3681640625 0.6994134897360704 0.0771484375 0.10410557184750734
0 0.80126953125 0.9479472140762464 0.0751953125 0.08944281524926687
0 0.365040431640625 0.18268568768328447 0.2825925478515625 0.018644480938416422 0.2493097890625 0.03935212463343109 0.3366023671875 0.20795310850439883 0.365040431640625 0.18268568768328447
0 0.5146484375 0.5784457478005866 0.0654296875 0.09237536656891496
0 0.4775390625 0.6869501466275659 0.0908203125 0.11436950146627566
0 0.17578125 0.3152492668621701 0.0244140625 0.15835777126099707
0 0.66357421875 0.27712609970674484 0.0361328125 0.051319648093841645
0 0.705078125 0.2932551319648094 0.0400390625 0.0689149560117302