0 0.8671875 0.02932551319648094 0.044921875 0.05791788856304985
0 0.88134765625 0.0747800586510264 0.03271484375 0.027126099706744868
0 0.9462890625 0.28079178885630496 0.02197265625 0.039589442815249266
0 0.9267578125 0.30425219941348974 0.029296875 0.036656891495601175
0 0.9345703125 0.3621700879765396 0.046875 0.062316715542521994
0 0.93359375 0.43841642228739003 0.04541015625 0.0718475073313783
0 0.87744140625 0.10777126099706745 0.0458984375 0.0469208211143695
0 0.919921875 0.23313782991202345 0.02685546875 0.03372434017595308
0 0.900390625 0.17008797653958943 0.0576171875 0.09750733137829912
0 0.81982421875 0.9413489736070382 0.04296875 0.04838709677419355
0 0.9697265625 0.9750733137829912 0.060546875 0.04985337243401759
0 0.90673828125 0.9398826979472141 0.0556640625 0.06158357771260997
0 0.97900390625 0.9156891495601173 0.0419921875 0.0718475073313783
0 0.9306640625 0.6876832844574781 0.03955078125 0.0718475073313783
0 0.8583984375 0.8262463343108505 0.0439453125 0.05498533724340176