0 0.056423298828125 0 0.06018569921875 0.01801550439882698 0.15148925 0.1339249780058651 0.16598320703125 0.10992545161290322 0.0826599951171875 0 0.056423298828125 0
0 0.0306298681640625 0.027525964809384167 0.1294134443359375 0.1550593284457478 0.1477669453125 0.12658979765395895 0.0550072255859375 0.004928237536656891 0.0306298681640625 0.027525964809384167
0 0.056640625 0.26392961876832843 0.0673828125 0.08944281524926687
0 0.15478515625 0.20527859237536658 0.0390625 0.060117302052785926
0 0.1220703125 0.21700879765395895 0.03515625 0.04838709677419355
0 0.3203125 0.1774193548387097 0.0498046875 0.0689149560117302
0 0.2353515625 0.0469208211143695 0.0283203125 0.05865102639296188
0 0.1298828125 0.2939882697947214 0.037109375 0.054252199413489736
0 0.9609375 0.4120234604105572 0.0517578125 0.04985337243401759
0 0.9765625 0.4655425219941349 0.0400390625 0.05278592375366569
0 0.98681640625 0.530791788856305 0.0263671875 0.07771260997067449
0 0.32666015625 0.42668621700879766 0.0654296875 0.08064516129032258
0 0.26416015625 0.3526392961876833 0.0625 0.07624633431085044
0 0.1062786083984375 0.16526765982404693 0.005074015625 0.05698694574780058 0.0045192353515625 0.10470855718475074 0.0897646611328125 0.18278999853372435 0.1062786083984375 0.16526765982404693
0 0.0930352529296875 0 0.167321576171875 0.09568183870967742 0.1796145869140625 0.07611896774193548 0.128639255859375 0 0.0930352529296875 0
0 0.5283203125 0.02346041055718475 0.03125 0.039589442815249266
0 0.541015625 0.062316715542521994 0.03125 0.04985337243401759
0 0.58837890625 0.07991202346041056 0.0419921875 0.060117302052785926
0 0.56787109375 0.022727272727272728 0.0517578125 0.04398826979472141
0 0.43017578125 0.030791788856304986 0.0517578125 0.06158357771260997
0 0.38232421875 0.20527859237536658 0.06640625 0.08797653958944282
0 0.93017578125 0.1627565982404692 0.076171875 0.07038123167155426
0 0.955078125 0.24560117302052786 0.0537109375 0.06304985337243402
0 0.982421875 0.17521994134897362 0.03515625 0.054252199413489736
0 0.92236328125 0.3782991202346041 0.0595703125 0.08064516129032258
0 0.63134765625 0.12976539589442815 0.044921875 0.07771260997067449
0 0.17822265625 0.28885630498533726 0.048828125 0.08211143695014662
0 0.1123046875 0.3585043988269795 0.05859375 0.08357771260997067
0 0.21875 0.2595307917888563 0.0498046875 0.08944281524926687
0 0.34912109375 0.04472140762463343 0.0458984375 0.08944281524926687
0 0.884088708984375 0.04550443548387097 0.920812205078125 0.09792637390029325 0.991919443359375 0.02343074633431085 0.9775120029296875 0.012438561583577711 0.960855453125 0.012002023460410557 0.884088708984375 0.04550443548387097
0 0.962890625 0.1092375366568915 0.0654296875 0.03225806451612903
0 0.83642578125 0.04985337243401759 0.1064453125 0.08504398826979472
0 0.6982421875 0.04985337243401759 0.05078125 0.0689149560117302
0 0.64404296875 0.021994134897360705 0.05078125 0.03812316715542522
0 0.60986328125 0.04912023460410557 0.033203125 0.04985337243401759
0 0.27880859375 0.2280058651026393 0.0625 0.10850439882697947
0 0.3046875 0.07331378299120235 0.0361328125 0.0718475073313783
0 0.8642578125 0.35117302052785926 0.0498046875 0.06451612903225806
0 0.80322265625 0.22580645161290322 0.0439453125 0.08504398826979472
0 0.52294921875 0.1429618768328446 0.05078125 0.09530791788856305