0 0.14208984375 0.6502932551319648 0.1025390625 0.12316715542521994
0 0.1572265625 0.7221407624633431 0.06640625 0.07771260997067449
0 0.2177734375 0.6268328445747801 0.0849609375 0.06451612903225806
0 0.20849609375 0.7104105571847508 0.0654296875 0.093841642228739
0 0.23388671875 0.7800586510263929 0.0732421875 0.08064516129032258
0 0.2822265625 0.8108504398826979 0.056640625 0.0718475073313783
0 0.29541015625 0.8731671554252199 0.0537109375 0.08944281524926687
0 0.32958984375 0.7236070381231672 0.0458984375 0.051319648093841645
0 0.36083984375 0.7895894428152492 0.0791015625 0.07771260997067449
0 0.36767578125 0.8717008797653959 0.0673828125 0.10997067448680352
0 0.412109375 0.7331378299120235 0.0478515625 0.05278592375366569
0 0.4375 0.8277126099706745 0.0634765625 0.09530791788856305
0 0.46728515625 0.7412023460410557 0.0537109375 0.0689149560117302
0 0.48046875 0.6422287390029325 0.0263671875 0.054252199413489736
0 0.52880859375 0.5879765395894428 0.0498046875 0.07038123167155426
0 0.5029296875 0.6319648093841642 0.0244140625 0.04398826979472141
0 0.50390625 0.6891495601173021 0.0517578125 0.06598240469208211
0 0.50048828125 0.7397360703812317 0.0439453125 0.06598240469208211
0 0.52783203125 0.8049853372434017 0.0595703125 0.10557184750733138
0 0.55126953125 0.6869501466275659 0.0537109375 0.0718475073313783
0 0.57666015625 0.7705278592375366 0.0634765625 0.09530791788856305
0 0.57275390625 0.5527859237536656 0.0830078125 0.08797653958944282
0 0.62353515625 0.6107038123167156 0.0810546875 0.07624633431085044
0 0.62548828125 0.6737536656891495 0.046875 0.06598240469208211
0 0.65185546875 0.7463343108504399 0.07421875 0.0747800586510264
0 0.6416015625 0.5256598240469208 0.0498046875 0.11290322580645161
0 0.67822265625 0.6400293255131965 0.0361328125 0.0747800586510264
0 0.68603515625 0.48167155425219943 0.0322265625 0.10850439882697947
0 0.73388671875 0.41642228739002934 0.0859375 0.14222873900293256
0 0.7080078125 0.5366568914956011 0.0478515625 0.09824046920821114
0 0.7265625 0.6268328445747801 0.0537109375 0.0747800586510264
0 0.20263671875 0.907624633431085 0.0712890625 0.12756598240469208
0 0.2412109375 0.8614369501466276 0.0498046875 0.10703812316715543
0 0.05126953125 0.6686217008797654 0.0947265625 0.0967741935483871
0 0.07568359375 0.749266862170088 0.09375 0.10997067448680352
0 0.10498046875 0.8115835777126099 0.064453125 0.0689149560117302
0 0.1142578125 0.8621700879765396 0.0615234375 0.10263929618768329
0 0.0205078125 0.8115835777126099 0.03515625 0.0718475073313783
0 0.046875 0.874633431085044 0.0859375 0.10410557184750734
0 0.06640625 0.9574780058651027 0.078125 0.08504398826979472
0 0.1064453125 0.9868035190615836 0.095703125 0.026392961876832845
0 0.02294921875 0.9714076246334311 0.0361328125 0.05718475073313783
0 0.01416015625 0.4530791788856305 0.0283203125 0.11730205278592376
0 0.01611328125 0.7280058651026393 0.0283203125 0.0967741935483871
0 0.03662109375 0.5168621700879765 0.0732421875 0.11290322580645161
0 0.03564453125 0.2727272727272727 0.0654296875 0.08651026392961877
0 0.0634765625 0.18035190615835778 0.0771484375 0.10117302052785923
0 0.10791015625 0.2565982404692082 0.0625 0.09530791788856305
0 0.02685546875 0.06964809384164222 0.0537109375 0.09237536656891496
0 0.01123046875 0.15542521994134897 0.0224609375 0.07917888563049853
0 0.09375 0.07111436950146628 0.0791015625 0.10410557184750734
0 0.1435546875 0.16642228739002932 0.0654296875 0.07771260997067449
0 0.0283203125 0.3585043988269795 0.056640625 0.06598240469208211
0 0.05859375 0.4244868035190616 0.0634765625 0.0747800586510264
0 0.12451171875 0.40542521994134895 0.0712890625 0.09237536656891496
0 0.17333984375 0.2287390029325513 0.0595703125 0.06304985337243402
0 0.162109375 0.29765395894428154 0.0361328125 0.060117302052785926
0 0.21240234375 0.2873900293255132 0.0458984375 0.07771260997067449
0 0.20068359375 0.3687683284457478 0.083984375 0.10410557184750734
0 0.18408203125 0.43621700879765396 0.0693359375 0.08357771260997067
0 0.14111328125 0.4802052785923754 0.0498046875 0.08064516129032258
0 0.1669921875 0.5432551319648093 0.04296875 0.08357771260997067
0 0.2265625 0.5021994134897361 0.0859375 0.06158357771260997
0 0.26513671875 0.43841642228739003 0.0908203125 0.08211143695014662
0 0.19287109375 0.017595307917888565 0.0498046875 0.020527859237536656
0 0.193359375 0.07038123167155426 0.076171875 0.06598240469208211
0 0.2255859375 0.14149560117302054 0.076171875 0.0718475073313783
0 0.26025390625 0.23973607038123168 0.0888671875 0.08211143695014662
0 0.2744140625 0.31451612903225806 0.064453125 0.06304985337243402
0 0.31005859375 0.3585043988269795 0.0712890625 0.06304985337243402
0 0.33154296875 0.4347507331378299 0.0625 0.08064516129032258
0 0.23681640625 0.5601173020527859 0.05859375 0.0689149560117302
0 0.29150390625 0.5549853372434017 0.0576171875 0.08211143695014662
0 0.26513671875 0.6818181818181818 0.0830078125 0.0718475073313783
0 0.3046875 0.6334310850439883 0.064453125 0.07771260997067449
0 0.341796875 0.594574780058651 0.0859375 0.0747800586510264
0 0.37451171875 0.6656891495601173 0.0791015625 0.08944281524926687
0 0.36328125 0.5285923753665689 0.0419921875 0.051319648093841645
0 0.39599609375 0.5153958944281525 0.0615234375 0.06744868035190615
0 0.42236328125 0.6129032258064516 0.0654296875 0.06598240469208211
0 0.30712890625 0.17155425219941348 0.0849609375 0.12903225806451613
0 0.33740234375 0.3086510263929619 0.0615234375 0.04985337243401759
0 0.3662109375 0.37390029325513197 0.0458984375 0.093841642228739
0 0.4150390625 0.29178885630498536 0.064453125 0.0689149560117302
0 0.40869140625 0.37316715542521994 0.0576171875 0.09824046920821114
0 0.23779296875 0.04032258064516129 0.05859375 0.0689149560117302
0 0.25830078125 0.10850439882697947 0.064453125 0.0718475073313783
0 0.2802734375 0.027126099706744868 0.06640625 0.04252199413489736
0 0.34619140625 0.024926686217008796 0.076171875 0.04252199413489736
0 0.37548828125 0.07111436950146628 0.0986328125 0.09090909090909091
0 0.36572265625 0.1656891495601173 0.052734375 0.09237536656891496
0 0.41845703125 0.13929618768328444 0.0556640625 0.10263929618768329
0 0.45947265625 0.15469208211143695 0.0556640625 0.10850439882697947
0 0.40625 0.22580645161290322 0.0693359375 0.08944281524926687
0 0.46337890625 0.23313782991202345 0.0419921875 0.06304985337243402
0 0.4638671875 0.2837243401759531 0.044921875 0.06744868035190615
0 0.51611328125 0.1906158357771261 0.064453125 0.08944281524926687
0 0.5224609375 0.2624633431085044 0.0517578125 0.07771260997067449
0 0.4794921875 0.3350439882697947 0.0546875 0.08064516129032258
0 0.53173828125 0.33944281524926684 0.0654296875 0.10997067448680352
0 0.48291015625 0.4010263929618768 0.0302734375 0.08944281524926687
0 0.5068359375 0.4501466275659824 0.0400390625 0.08064516129032258
0 0.5380859375 0.4244868035190616 0.0498046875 0.07038123167155426
0 0.458984375 0.5505865102639296 0.0732421875 0.10263929618768329
0 0.4443359375 0.6810850439882697 0.0478515625 0.06451612903225806
0 0.5859375 0.3086510263929619 0.0498046875 0.10410557184750734
0 0.595703125 0.41642228739002934 0.0546875 0.07771260997067449
0 0.501953125 0.016129032258064516 0.056640625 0.03225806451612903
0 0.53466796875 0.04985337243401759 0.0732421875 0.09970674486803519
0 0.57666015625 0.011730205278592375 0.0595703125 0.02346041055718475
0 0.58984375 0.07917888563049853 0.0498046875 0.09237536656891496
0 0.62255859375 0.16788856304985336 0.076171875 0.1217008797653959
0 0.63623046875 0.27126099706744866 0.0380859375 0.09970674486803519
0 0.6279296875 0.39002932551319647 0.0458984375 0.09237536656891496
0 0.666015625 0.3629032258064516 0.0625 0.13929618768328444
0 0.6435546875 0.0718475073313783 0.0498046875 0.08357771260997067
0 0.23486328125 0.9794721407624634 0.0654296875 0.04105571847507331
0 0.3193359375 0.9714076246334311 0.060546875 0.05718475073313783
0 0.37744140625 0.9699413489736071 0.0576171875 0.060117302052785926
0 0.421875 0.905425219941349 0.0439453125 0.0747800586510264
0 0.43310546875 0.9736070381231672 0.0400390625 0.05278592375366569
0 0.45458984375 0.9156891495601173 0.021484375 0.06304985337243402
0 0.47900390625 0.8768328445747801 0.0166015625 0.03225806451612903
0 0.48193359375 0.9230205278592375 0.0263671875 0.051319648093841645
0 0.47509765625 0.969208211143695 0.0478515625 0.06158357771260997
0 0.517578125 0.9794721407624634 0.044921875 0.039589442815249266
0 0.55810546875 0.874633431085044 0.076171875 0.06598240469208211
0 0.57666015625 0.9508797653958945 0.0439453125 0.08211143695014662
0 0.62939453125 0.8914956011730205 0.0439453125 0.08651026392961877
0 0.65869140625 0.9501466275659824 0.056640625 0.09237536656891496
0 0.66357421875 0.8519061583577713 0.0361328125 0.1187683284457478
0 0.6953125 0.8651026392961877 0.0244140625 0.0689149560117302
0 0.697265625 0.9178885630498533 0.0380859375 0.06304985337243402
0 0.7373046875 0.7052785923753666 0.0712890625 0.08651026392961877
0 0.71826171875 0.7778592375366569 0.0361328125 0.06304985337243402
0 0.73486328125 0.8071847507331378 0.044921875 0.039589442815249266
0 0.72705078125 0.8643695014662757 0.0439453125 0.07038123167155426
0 0.73828125 0.9186217008797654 0.0556640625 0.0689149560117302
0 0.71337890625 0.9728739002932552 0.02734375 0.039589442815249266
0 0.8427734375 0.967741935483871 0.0791015625 0.04838709677419355
0 0.74560546875 0.9706744868035191 0.0224609375 0.04398826979472141
0 0.80078125 0.8834310850439883 0.0634765625 0.08357771260997067
0 0.7841796875 0.9633431085043989 0.04296875 0.060117302052785926
0 0.74658203125 0.5058651026392962 0.0322265625 0.08651026392961877
0 0.68310546875 0.2529325513196481 0.0478515625 0.08211143695014662
0 0.7080078125 0.3093841642228739 0.0419921875 0.08944281524926687
0 0.69775390625 0.08577712609970674 0.072265625 0.13929618768328444
0 0.75146484375 0.21041055718475074 0.068359375 0.10997067448680352
0 0.75341796875 0.3086510263929619 0.05078125 0.12903225806451613
0 0.830078125 0.27419354838709675 0.107421875 0.1348973607038123
0 0.78662109375 0.4090909090909091 0.0361328125 0.07771260997067449
0 0.78662109375 0.4809384164222874 0.02734375 0.05278592375366569
0 0.78125 0.5359237536656891 0.0458984375 0.06598240469208211
0 0.7158203125 0.17228739002932553 0.0556640625 0.09237536656891496
0 0.75732421875 0.08651026392961877 0.056640625 0.09530791788856305
0 0.70703125 0.012463343108504398 0.115234375 0.024926686217008796
0 0.79150390625 0.01466275659824047 0.0654296875 0.02932551319648094
0 0.83056640625 0.04985337243401759 0.0888671875 0.09970674486803519
0 0.876953125 0.03152492668621701 0.087890625 0.06304985337243402
0 0.95751953125 0.01686217008797654 0.0732421875 0.03372434017595308
0 0.83203125 0.1590909090909091 0.0361328125 0.0718475073313783
0 0.87451171875 0.14589442815249268 0.0341796875 0.06598240469208211
0 0.892578125 0.09530791788856305 0.0302734375 0.06451612903225806
0 0.93359375 0.04912023460410557 0.046875 0.0747800586510264
0 0.97802734375 0.07404692082111437 0.0341796875 0.09824046920821114
0 0.943359375 0.1429618768328446 0.0810546875 0.09824046920821114
0 0.84375 0.3614369501466276 0.0654296875 0.0747800586510264
0 0.8427734375 0.45527859237536655 0.07421875 0.11290322580645161
0 0.7783203125 0.6070381231671554 0.03515625 0.09530791788856305
0 0.8154296875 0.591642228739003 0.0302734375 0.08357771260997067
0 0.8583984375 0.5535190615835777 0.0556640625 0.0967741935483871
0 0.78466796875 0.7126099706744868 0.0498046875 0.06304985337243402
0 0.7978515625 0.7947214076246334 0.0595703125 0.10117302052785923
0 0.86474609375 0.6444281524926686 0.076171875 0.10117302052785923
0 0.87353515625 0.7624633431085044 0.0654296875 0.06598240469208211
0 0.861328125 0.8343108504398827 0.0517578125 0.07771260997067449
0 0.9091796875 0.8115835777126099 0.0537109375 0.09530791788856305
0 0.8662109375 0.9010263929618768 0.0634765625 0.08651026392961877
0 0.92138671875 0.8973607038123167 0.048828125 0.10557184750733138
0 0.9423828125 0.967008797653959 0.0546875 0.04398826979472141
0 0.96484375 0.8387096774193549 0.044921875 0.1495601173020528
0 0.97705078125 0.9450146627565983 0.0458984375 0.08651026392961877
0 0.9248046875 0.6195014662756598 0.0888671875 0.07917888563049853
0 0.94384765625 0.7052785923753666 0.0830078125 0.07038123167155426
0 0.91162109375 0.40542521994134895 0.0673828125 0.08944281524926687
0 0.91552734375 0.4706744868035191 0.0556640625 0.06304985337243402
0 0.95654296875 0.4802052785923754 0.0478515625 0.04252199413489736
0 0.9755859375 0.4538123167155425 0.048828125 0.06598240469208211
0 0.9619140625 0.5212609970674487 0.044921875 0.060117302052785926
0 0.9892578125 0.5065982404692082 0.021484375 0.08064516129032258
0 0.98681640625 0.6129032258064516 0.0263671875 0.07038123167155426
0 0.99267578125 0.7778592375366569 0.0146484375 0.0689149560117302
0 0.978515625 0.6532258064516129 0.04296875 0.0718475073313783
0 0.9501953125 0.22287390029325513 0.0751953125 0.04838709677419355
0 0.96533203125 0.28519061583577715 0.0654296875 0.11290322580645161
0 0.921875 0.5051319648093842 0.0458984375 0.060117302052785926