0 0.1787109375 0.16202346041055718 0.05859375 0.08211143695014662
0 0.2216796875 0.25513196480938416 0.0703125 0.08211143695014662
0 0.93115234375 0.2961876832844575 0.0517578125 0.06451612903225806
0 0.953125 0.35777126099706746 0.0400390625 0.06451612903225806
0 0.97265625 0.43621700879765396 0.0546875 0.08944281524926687
0 0.98291015625 0.11656891495601172 0.0341796875 0.07917888563049853
0 0.93798828125 0.09824046920821114 0.048828125 0.05865102639296188
0 0.90625 0.013929618768328446 0.0390625 0.02785923753665689
0 0.03076171875 0.11656891495601172 0.02734375 0.04985337243401759
0 0.283203125 0.03225806451612903 0.052734375 0.06451612903225806
0 0.1826171875 0.0689149560117302 0.0576171875 0.07917888563049853
0 0.97265625 0.030058651026392963 0.0546875 0.05865102639296188
0 0.88134765625 0.2558651026392962 0.060546875 0.10997067448680352
0 0.8193359375 0.21407624633431085 0.052734375 0.07038123167155426
0 0.74951171875 0.050586510263929615 0.05078125 0.06451612903225806
0 0.1279296875 0.08797653958944282 0.052734375 0.08211143695014662
0 0.0888671875 0.11290322580645161 0.052734375 0.06744868035190615
0 0.021484375 0.17302052785923755 0.04296875 0.08211143695014662
0 0.0654296875 0.028592375366568914 0.0400390625 0.05718475073313783
0 0.44384765625 0.01466275659824047 0.0400390625 0.02932551319648094