0 0.1728515625 0.42008797653958946 0.0888671875 0.1063049853372434
0 0.18505859375 0.3563049853372434 0.05712890625 0.06744868035190615
0 0.2392578125 0.43841642228739003 0.07421875 0.05498533724340176
0 0.22998046875 0.3658357771260997 0.056640625 0.0813782991202346
0 0.25146484375 0.30425219941348974 0.0634765625 0.0689149560117302
0 0.2939453125 0.2763929618768328 0.048828125 0.06158357771260997
0 0.3046875 0.22067448680351906 0.04638671875 0.07771260997067449
0 0.33642578125 0.35117302052785926 0.03955078125 0.04325513196480939
0 0.36279296875 0.2925219941348974 0.06884765625 0.06744868035190615
0 0.3681640625 0.22067448680351906 0.05859375 0.09530791788856305
0 0.408203125 0.3409090909090909 0.04150390625 0.045454545454545456
0 0.4296875 0.25733137829912023 0.05517578125 0.0813782991202346
0 0.45654296875 0.3321114369501466 0.046875 0.05865102639296188
0 0.4697265625 0.41935483870967744 0.02294921875 0.047653958944281524
0 0.51220703125 0.4655425219941349 0.04345703125 0.06085043988269795
0 0.4892578125 0.4281524926686217 0.02099609375 0.03812316715542522
0 0.4892578125 0.3775659824046921 0.04443359375 0.056451612903225805
0 0.48583984375 0.33357771260997066 0.03759765625 0.056451612903225805
0 0.50927734375 0.2756598240469208 0.0517578125 0.09090909090909091
0 0.53125 0.3782991202346041 0.0458984375 0.062316715542521994
0 0.552734375 0.30498533724340177 0.05419921875 0.08284457478005865
0 0.55126953125 0.49560117302052786 0.0712890625 0.07551319648093842
0 0.59521484375 0.4442815249266862 0.07080078125 0.06524926686217009
0 0.59619140625 0.3885630498533724 0.04052734375 0.056451612903225805
0 0.61865234375 0.32404692082111436 0.064453125 0.06451612903225806
0 0.61181640625 0.5175953079178885 0.0419921875 0.09824046920821114
0 0.64306640625 0.41642228739002934 0.03125 0.06378299120234604
0 0.6513671875 0.5549853372434017 0.02685546875 0.093841642228739
0 0.69384765625 0.6114369501466276 0.07373046875 0.12243401759530792
0 0.669921875 0.5065982404692082 0.041015625 0.08504398826979472
0 0.68505859375 0.42668621700879766 0.0458984375 0.06451612903225806
0 0.22265625 0.19281524926686217 0.06201171875 0.11143695014662756
0 0.25732421875 0.23240469208211142 0.04248046875 0.09310850439882698
0 0.0927734375 0.40615835777126097 0.08154296875 0.08211143695014662
0 0.11279296875 0.3343108504398827 0.0810546875 0.093841642228739
0 0.138671875 0.2793255131964809 0.0556640625 0.05865102639296188
0 0.14599609375 0.23460410557184752 0.052734375 0.08870967741935484
0 0.0205078125 0.27785923753665687 0.0283203125 0.0689149560117302
0 0.0341796875 0.20381231671554254 0.05029296875 0.08944281524926687
0 0.05224609375 0.28152492668621704 0.05419921875 0.062316715542521994
0 0.08056640625 0.22580645161290322 0.0869140625 0.08870967741935484
0 0.103515625 0.14882697947214077 0.06787109375 0.07991202346041056
0 0.1376953125 0.09604105571847507 0.08349609375 0.07991202346041056
0 0.0478515625 0.11436950146627566 0.0654296875 0.10337243401759531
0 0.07568359375 0.0593841642228739 0.06201171875 0.07404692082111437
0 0.02880859375 0.7661290322580645 0.05419921875 0.13563049853372433
0 0.01806640625 0.6656891495601173 0.03564453125 0.06744868035190615
0 0.0380859375 0.5953079178885631 0.07275390625 0.10263929618768329
0 0.02783203125 0.5043988269794721 0.04638671875 0.07991202346041056
0 0.02392578125 0.43914956011730205 0.044921875 0.07844574780058651
0 0.04296875 0.3548387096774194 0.0615234375 0.08577712609970674
0 0.07958984375 0.5395894428152492 0.06787109375 0.09750733137829912
0 0.0830078125 0.7536656891495601 0.056640625 0.07551319648093842
0 0.1083984375 0.8343108504398827 0.06640625 0.0872434017595308
0 0.146484375 0.7661290322580645 0.05419921875 0.08284457478005865
0 0.0234375 0.9516129032258065 0.041015625 0.09604105571847507
0 0.060546875 0.9318181818181818 0.07958984375 0.07917888563049853
0 0.044921875 0.8563049853372434 0.05419921875 0.06818181818181818
0 0.13623046875 0.9288856304985337 0.068359375 0.08944281524926687
0 0.1787109375 0.844574780058651 0.05615234375 0.06671554252199413
0 0.07177734375 0.6781524926686217 0.0576171875 0.05718475073313783
0 0.1015625 0.6195014662756598 0.05517578125 0.06378299120234604
0 0.1591796875 0.6348973607038123 0.0615234375 0.07991202346041056
0 0.2041015625 0.7895894428152492 0.0517578125 0.053519061583577714
0 0.19384765625 0.7287390029325513 0.0302734375 0.051319648093841645
0 0.23779296875 0.7368035190615836 0.0390625 0.06744868035190615
0 0.2265625 0.6656891495601173 0.07275390625 0.08944281524926687
0 0.21142578125 0.6063049853372434 0.060546875 0.07258064516129033
0 0.17333984375 0.5696480938416423 0.04296875 0.0689149560117302
0 0.1953125 0.5131964809384164 0.03662109375 0.0718475073313783
0 0.248046875 0.5476539589442815 0.07470703125 0.05205278592375367
0 0.28271484375 0.6026392961876833 0.07861328125 0.06964809384164222
0 0.2236328125 0.9824046920821115 0.04345703125 0.0344574780058651
0 0.22314453125 0.9274193548387096 0.06591796875 0.056451612903225805
0 0.25146484375 0.8643695014662757 0.06591796875 0.062316715542521994
0 0.2802734375 0.7778592375366569 0.07666015625 0.07038123167155426
0 0.2919921875 0.7118768328445748 0.0556640625 0.053519061583577714
0 0.32275390625 0.6722873900293255 0.06201171875 0.054252199413489736
0 0.3408203125 0.6048387096774194 0.05419921875 0.0689149560117302
0 0.2568359375 0.4963343108504399 0.05029296875 0.060117302052785926
0 0.3046875 0.5 0.048828125 0.07111436950146628
0 0.2802734375 0.38929618768328444 0.0712890625 0.062316715542521994
0 0.3154296875 0.4310850439882698 0.0556640625 0.06671554252199413
0 0.34814453125 0.46480938416422285 0.07470703125 0.06304985337243402
0 0.3759765625 0.4010263929618768 0.068359375 0.07697947214076246
0 0.3671875 0.5219941348973607 0.03662109375 0.04472140762463343
0 0.396484375 0.532991202346041 0.05322265625 0.05791788856304985
0 0.41845703125 0.4464809384164223 0.05615234375 0.05718475073313783
0 0.322265625 0.8357771260997068 0.07275390625 0.11217008797653959
0 0.34765625 0.7155425219941349 0.052734375 0.04252199413489736
0 0.3720703125 0.656891495601173 0.03955078125 0.0813782991202346
0 0.41552734375 0.7280058651026393 0.0556640625 0.0593841642228739
0 0.4091796875 0.656891495601173 0.04931640625 0.08504398826979472
0 0.2626953125 0.9545454545454546 0.05029296875 0.062316715542521994
0 0.27978515625 0.8929618768328446 0.0556640625 0.062316715542521994
0 0.30029296875 0.9706744868035191 0.05810546875 0.050586510263929615
0 0.35791015625 0.9728739002932552 0.0673828125 0.054252199413489736
0 0.3828125 0.9222873900293255 0.08544921875 0.07697947214076246
0 0.37353515625 0.8401759530791789 0.04541015625 0.07991202346041056
0 0.42041015625 0.8621700879765396 0.04833984375 0.08870967741935484
0 0.45556640625 0.8467741935483871 0.04833984375 0.093841642228739
0 0.40869140625 0.7859237536656891 0.06005859375 0.07771260997067449
0 0.45849609375 0.7785923753665689 0.03564453125 0.054252199413489736
0 0.45849609375 0.7338709677419355 0.03857421875 0.05791788856304985
0 0.5048828125 0.8145161290322581 0.0556640625 0.07771260997067449
0 0.51025390625 0.751466275659824 0.04541015625 0.06598240469208211
0 0.4716796875 0.6891495601173021 0.04736328125 0.07038123167155426
0 0.517578125 0.6840175953079178 0.056640625 0.09457478005865103
0 0.47412109375 0.6312316715542522 0.02587890625 0.07697947214076246
0 0.49462890625 0.5872434017595308 0.0341796875 0.0689149560117302
0 0.52197265625 0.6092375366568915 0.04248046875 0.060117302052785926
0 0.45166015625 0.5 0.0634765625 0.08870967741935484
0 0.43701171875 0.38563049853372433 0.04052734375 0.05498533724340176
0 0.5654296875 0.7096774193548387 0.04345703125 0.08944281524926687
0 0.57275390625 0.6151026392961877 0.046875 0.06671554252199413
0 0.4951171875 0.9772727272727273 0.0498046875 0.045454545454545456
0 0.5234375 0.9406158357771262 0.06298828125 0.09090909090909091
0 0.56103515625 0.9802052785923754 0.05224609375 0.038856304985337244
0 0.5712890625 0.9105571847507331 0.04345703125 0.07991202346041056
0 0.5986328125 0.8328445747800587 0.06591796875 0.10483870967741936
0 0.60986328125 0.7412023460410557 0.0322265625 0.08577712609970674
0 0.6015625 0.6363636363636364 0.0390625 0.07991202346041056
0 0.634765625 0.6598240469208211 0.052734375 0.1217008797653959
0 0.6181640625 0.9156891495601173 0.04345703125 0.07258064516129033
0 0.0302734375 0.027126099706744868 0.0537109375 0.054252199413489736
0 0.09521484375 0.02126099706744868 0.0576171875 0.041788856304985335
0 0.14599609375 0.03372434017595308 0.041015625 0.04472140762463343
0 0.203125 0.028592375366568914 0.046875 0.05571847507331378
0 0.2509765625 0.11070381231671554 0.05712890625 0.07111436950146628
0 0.23046875 0.07258064516129033 0.03662109375 0.060117302052785926
0 0.275390625 0.04032258064516129 0.07666015625 0.07111436950146628
0 0.3251953125 0.12609970674486803 0.05224609375 0.06524926686217009
0 0.31103515625 0.030791788856304986 0.04736328125 0.06158357771260997
0 0.34619140625 0.047653958944281524 0.041015625 0.07331378299120235
0 0.3759765625 0.12390029325513197 0.05029296875 0.06964809384164222
0 0.4150390625 0.18988269794721407 0.03759765625 0.06524926686217009
0 0.42529296875 0.1158357771260997 0.0341796875 0.0718475073313783
0 0.4150390625 0.04252199413489736 0.03759765625 0.08431085043988269
0 0.37744140625 0.02346041055718475 0.0302734375 0.0469208211143695
0 0.44384765625 0.18035190615835778 0.01806640625 0.05571847507331378
0 0.46533203125 0.21334310850439883 0.0146484375 0.028592375366568914
0 0.4677734375 0.17302052785923755 0.02197265625 0.045454545454545456
0 0.46142578125 0.11803519061583578 0.04150390625 0.08064516129032258
0 0.45458984375 0.04618768328445748 0.04296875 0.06524926686217009
0 0.49853515625 0.09970674486803519 0.0400390625 0.07917888563049853
0 0.5087890625 0.04472140762463343 0.0390625 0.05791788856304985
0 0.5400390625 0.054252199413489736 0.037109375 0.09530791788856305
0 0.53515625 0.21407624633431085 0.06591796875 0.05571847507331378
0 0.55078125 0.1466275659824047 0.03759765625 0.07111436950146628
0 0.59765625 0.1972140762463343 0.03759765625 0.07551319648093842
0 0.58740234375 0.0718475073313783 0.03173828125 0.08944281524926687
0 0.62255859375 0.13049853372434017 0.048828125 0.10997067448680352
0 0.6044921875 0.09457478005865103 0.00048828125 0.007331378299120235
0 0.625 0.03372434017595308 0.03271484375 0.06671554252199413
0 0.6279296875 0.23093841642228738 0.03076171875 0.10337243401759531
0 0.65576171875 0.218475073313783 0.0205078125 0.06085043988269795
0 0.65673828125 0.17302052785923755 0.0322265625 0.053519061583577714
0 0.69384765625 0.35777126099706746 0.06201171875 0.0747800586510264
0 0.6767578125 0.29472140762463345 0.0302734375 0.053519061583577714
0 0.69091796875 0.2690615835777126 0.0390625 0.03372434017595308
0 0.68359375 0.218475073313783 0.0380859375 0.06085043988269795
0 0.6923828125 0.17155425219941348 0.0478515625 0.0593841642228739
0 0.67041015625 0.12390029325513197 0.02392578125 0.0344574780058651
0 0.673828125 0.062316715542521994 0.0361328125 0.07551319648093842
0 0.69140625 0.0373900293255132 0.04833984375 0.06524926686217009
0 0.78369140625 0.11436950146627566 0.06787109375 0.06451612903225806
0 0.767578125 0.02785923753665689 0.05078125 0.04985337243401759
0 0.69873046875 0.12243401759530792 0.01904296875 0.04472140762463343
0 0.748046875 0.2001466275659824 0.05517578125 0.07258064516129033
0 0.73291015625 0.1282991202346041 0.03759765625 0.05718475073313783
0 0.7041015625 0.532991202346041 0.02685546875 0.07551319648093842
0 0.65087890625 0.7558651026392962 0.04150390625 0.07111436950146628
0 0.67236328125 0.7067448680351907 0.03662109375 0.07771260997067449
0 0.66552734375 0.9024926686217009 0.0615234375 0.12096774193548387
0 0.71142578125 0.7917888563049853 0.05908203125 0.09457478005865103
0 0.7119140625 0.7052785923753666 0.0419921875 0.11143695014662756
0 0.77978515625 0.7338709677419355 0.0927734375 0.11510263929618768
0 0.740234375 0.6165689149560117 0.03076171875 0.06671554252199413
0 0.7392578125 0.5542521994134897 0.02294921875 0.0469208211143695
0 0.734375 0.5051319648093842 0.0400390625 0.05571847507331378
0 0.6806640625 0.8262463343108505 0.0478515625 0.07917888563049853
0 0.71826171875 0.9002932551319648 0.048828125 0.08211143695014662
0 0.67529296875 0.9780058651026393 0.1015625 0.04325513196480939
0 0.7490234375 0.9750733137829912 0.0576171875 0.04985337243401759
0 0.78271484375 0.9435483870967742 0.07763671875 0.10997067448680352
0 0.8232421875 0.9596774193548387 0.076171875 0.08064516129032258
0 0.8974609375 0.9714076246334311 0.06884765625 0.056451612903225805
0 0.78271484375 0.8350439882697948 0.0302734375 0.06158357771260997
0 0.81982421875 0.8460410557184751 0.02880859375 0.05718475073313783
0 0.83642578125 0.8892961876832844 0.0263671875 0.05498533724340176
0 0.873046875 0.9288856304985337 0.04052734375 0.06378299120234604
0 0.9482421875 0.906158357771261 0.10302734375 0.08504398826979472
0 0.88037109375 0.8467741935483871 0.0703125 0.08431085043988269
0 0.791015625 0.656891495601173 0.05615234375 0.06378299120234604
0 0.7890625 0.5747800586510264 0.064453125 0.09750733137829912
0 0.73095703125 0.44281524926686217 0.0302734375 0.0813782991202346
0 0.763671875 0.4567448680351906 0.025390625 0.07258064516129033
0 0.8017578125 0.48826979472140764 0.04833984375 0.08357771260997067
0 0.7353515625 0.35043988269794724 0.0419921875 0.05498533724340176
0 0.74609375 0.27785923753665687 0.0517578125 0.08651026392961877
0 0.80615234375 0.4083577712609971 0.06591796875 0.0872434017595308
0 0.81298828125 0.30498533724340177 0.05615234375 0.05718475073313783
0 0.80126953125 0.24193548387096775 0.04443359375 0.06744868035190615
0 0.84326171875 0.2602639296187683 0.0458984375 0.08284457478005865
0 0.8046875 0.18328445747800587 0.05419921875 0.07404692082111437
0 0.85302734375 0.18548387096774194 0.0419921875 0.09164222873900293
0 0.87109375 0.10043988269794721 0.048828125 0.08504398826979472
0 0.8251953125 0.04472140762463343 0.05615234375 0.08944281524926687
0 0.87890625 0.030058651026392963 0.03759765625 0.0593841642228739
0 0.89208984375 0.23533724340175954 0.03759765625 0.12976539589442815
0 0.90234375 0.13636363636363635 0.04052734375 0.08651026392961877
0 0.9052734375 0.05498533724340176 0.0400390625 0.047653958944281524
0 0.85888671875 0.42888563049853373 0.07763671875 0.06671554252199413
0 0.875 0.3533724340175953 0.0712890625 0.060117302052785926
0 0.849609375 0.6173020527859238 0.05859375 0.07624633431085044
0 0.85302734375 0.5593841642228738 0.04736328125 0.053519061583577714
0 0.888671875 0.5505865102639296 0.0419921875 0.03592375366568915
0 0.91015625 0.5740469208211144 0.05029296875 0.056451612903225805
0 0.892578125 0.5146627565982405 0.03857421875 0.05205278592375367
0 0.92626953125 0.5263929618768328 0.03515625 0.07111436950146628
0 0.94677734375 0.43328445747800587 0.087890625 0.062316715542521994
0 0.9580078125 0.37023460410557185 0.083984375 0.09017595307917889
0 0.931640625 0.28885630498533726 0.04052734375 0.06085043988269795
0 0.943359375 0.22653958944281524 0.0546875 0.07258064516129033
0 0.9521484375 0.16348973607038123 0.072265625 0.06085043988269795
0 0.9404296875 0.07844574780058651 0.0517578125 0.10337243401759531
0 0.9287109375 0.021994134897360705 0.0517578125 0.04325513196480939
0 0.69775390625 0.10043988269794721 0.0048828125 0.0007331378299120235
0 0.98388671875 0.10190615835777127 0.0322265625 0.0747800586510264
0 0.98095703125 0.030791788856304986 0.0380859375 0.06158357771260997
0 0.978515625 0.27126099706744866 0.04248046875 0.07844574780058651
0 0.98828125 0.20674486803519063 0.0234375 0.041788856304985335
0 0.9140625 0.3980938416422287 0.05224609375 0.062316715542521994
0 0.88525390625 0.7763929618768328 0.06494140625 0.04105571847507331
0 0.9169921875 0.7206744868035191 0.09326171875 0.09824046920821114
0 0.9560546875 0.656891495601173 0.04443359375 0.04985337243401759
0 0.96728515625 0.6026392961876833 0.0654296875 0.07331378299120235
0 0.97802734375 0.5491202346041055 0.0439453125 0.06818181818181818
0 0.98583984375 0.46480938416422285 0.02783203125 0.04912023460410557
0 0.85791015625 0.5293255131964809 0.0400390625 0.050586510263929615
0 0.962890625 0.8137829912023461 0.07421875 0.093841642228739
0 0.9853515625 0.7302052785923754 0.029296875 0.0593841642228739
0 0.98828125 0.6392961876832844 0.0234375 0.045454545454545456