0 0.826171875 0.5887096774193549 0.08984375 0.10850439882697947
0 0.81298828125 0.6517595307917888 0.0576171875 0.0689149560117302
0 0.759765625 0.5681818181818182 0.0751953125 0.05718475073313783
0 0.7685546875 0.6414956011730205 0.0576171875 0.08357771260997067
0 0.74609375 0.7023460410557185 0.064453125 0.07038123167155426
0 0.70361328125 0.7287390029325513 0.0498046875 0.06304985337243402
0 0.69189453125 0.7844574780058651 0.0478515625 0.07917888563049853
0 0.66162109375 0.6532258064516129 0.0400390625 0.045454545454545456
0 0.634765625 0.7111436950146628 0.0693359375 0.0689149560117302
0 0.62841796875 0.782991202346041 0.0595703125 0.0967741935483871
0 0.58984375 0.6612903225806451 0.0419921875 0.0469208211143695
0 0.5673828125 0.7441348973607038 0.0556640625 0.08357771260997067
0 0.54150390625 0.6693548387096774 0.0478515625 0.060117302052785926
0 0.529296875 0.5813782991202346 0.0244140625 0.0469208211143695
0 0.4873046875 0.5344574780058651 0.0439453125 0.06304985337243402
0 0.509765625 0.5718475073313783 0.021484375 0.03812316715542522
0 0.50927734375 0.6224340175953079 0.0458984375 0.05718475073313783
0 0.51220703125 0.6664222873900293 0.0380859375 0.05718475073313783
0 0.48828125 0.7243401759530792 0.052734375 0.09237536656891496
0 0.46728515625 0.6209677419354839 0.046875 0.06304985337243402
0 0.44482421875 0.6935483870967742 0.0556640625 0.08357771260997067
0 0.44873046875 0.5029325513196481 0.072265625 0.07771260997067449
0 0.404296875 0.5535190615835777 0.0712890625 0.06598240469208211
0 0.40234375 0.6092375366568915 0.0419921875 0.05718475073313783
0 0.37939453125 0.6730205278592375 0.0654296875 0.06598240469208211
0 0.38818359375 0.47947214076246336 0.04296875 0.09970674486803519
0 0.35595703125 0.5799120234604106 0.0322265625 0.06598240469208211
0 0.34912109375 0.4413489736070381 0.0283203125 0.093841642228739
0 0.3076171875 0.38343108504398826 0.0751953125 0.12463343108504399
0 0.330078125 0.48900293255131966 0.0419921875 0.08651026392961877
0 0.31396484375 0.5681818181818182 0.046875 0.06598240469208211
0 0.77392578125 0.8145161290322581 0.0634765625 0.11290322580645161
0 0.73974609375 0.7741935483870968 0.0439453125 0.09530791788856305
0 0.90625 0.6048387096774194 0.0830078125 0.08357771260997067
0 0.88525390625 0.6759530791788856 0.08203125 0.09530791788856305
0 0.85888671875 0.7302052785923754 0.056640625 0.060117302052785926
0 0.85107421875 0.7749266862170088 0.0537109375 0.08944281524926687
0 0.97705078125 0.7346041055718475 0.029296875 0.0689149560117302
0 0.96240234375 0.8086510263929618 0.0517578125 0.09090909090909091
0 0.9453125 0.7302052785923754 0.0556640625 0.06304985337243402
0 0.916015625 0.7851906158357771 0.087890625 0.09090909090909091
0 0.892578125 0.8614369501466276 0.0693359375 0.08064516129032258
0 0.857421875 0.9134897360703812 0.0849609375 0.08064516129032258
0 0.94775390625 0.8973607038123167 0.06640625 0.10410557184750734
0 0.9189453125 0.9516129032258065 0.0634765625 0.0747800586510264
0 0.97265625 0.24560117302052786 0.0546875 0.13636363636363635
0 0.98291015625 0.3467741935483871 0.0341796875 0.0689149560117302
0 0.962890625 0.41715542521994137 0.0732421875 0.10410557184750734
0 0.97216796875 0.5080645161290323 0.0478515625 0.08064516129032258
0 0.97509765625 0.5733137829912024 0.0458984375 0.08064516129032258
0 0.955078125 0.656891495601173 0.0625 0.08651026392961877
0 0.9208984375 0.4714076246334311 0.0693359375 0.09824046920821114
0 0.919921875 0.25733137829912023 0.0576171875 0.07771260997067449
0 0.8955078125 0.17595307917888564 0.0673828125 0.08944281524926687
0 0.8564453125 0.2434017595307918 0.0556640625 0.08357771260997067
0 0.98046875 0.06085043988269795 0.0390625 0.09824046920821114
0 0.9443359375 0.07991202346041056 0.0810546875 0.08064516129032258
0 0.958984375 0.15542521994134897 0.0556640625 0.0689149560117302
0 0.86865234375 0.08064516129032258 0.0693359375 0.09090909090909091
0 0.8251953125 0.16422287390029325 0.0576171875 0.0689149560117302
0 0.93017578125 0.33284457478005863 0.05859375 0.05865102639296188
0 0.89990234375 0.3907624633431085 0.0556640625 0.06598240469208211
0 0.84228515625 0.37390029325513197 0.0625 0.08064516129032258
0 0.79931640625 0.218475073313783 0.052734375 0.054252199413489736
0 0.80859375 0.2793255131964809 0.03125 0.05278592375366569
0 0.76513671875 0.2697947214076246 0.0400390625 0.0689149560117302
0 0.775390625 0.3416422287390029 0.0732421875 0.09090909090909091
0 0.78955078125 0.4010263929618768 0.0615234375 0.0747800586510264
0 0.82763671875 0.43914956011730205 0.0439453125 0.07038123167155426
0 0.8046875 0.49486803519061584 0.0380859375 0.07331378299120235
0 0.75244140625 0.45894428152492667 0.0751953125 0.054252199413489736
0 0.71826171875 0.4032258064516129 0.0791015625 0.0718475073313783
0 0.78173828125 0.024926686217008796 0.04296875 0.036656891495601175
0 0.78173828125 0.07991202346041056 0.0673828125 0.05718475073313783
0 0.7529296875 0.14222873900293256 0.0673828125 0.06304985337243402
0 0.72314453125 0.2280058651026393 0.0771484375 0.0718475073313783
0 0.71044921875 0.2932551319648094 0.056640625 0.054252199413489736
0 0.67919921875 0.3321114369501466 0.0634765625 0.05571847507331378
0 0.66015625 0.39956011730205276 0.0556640625 0.07038123167155426
0 0.7431640625 0.5102639296187683 0.0517578125 0.06158357771260997
0 0.6953125 0.5051319648093842 0.0498046875 0.0718475073313783
0 0.71826171875 0.6165689149560117 0.072265625 0.06304985337243402
0 0.68359375 0.5740469208211144 0.056640625 0.0689149560117302
0 0.6513671875 0.5388563049853372 0.0751953125 0.06451612903225806
0 0.623046875 0.6019061583577713 0.0693359375 0.07771260997067449
0 0.6328125 0.48167155425219943 0.0380859375 0.045454545454545456
0 0.60400390625 0.46994134897360706 0.0537109375 0.060117302052785926
0 0.5810546875 0.5557184750733137 0.0576171875 0.05865102639296188
0 0.681640625 0.16862170087976538 0.0732421875 0.11290322580645161
0 0.65478515625 0.28812316715542524 0.052734375 0.04398826979472141
0 0.6298828125 0.3467741935483871 0.0400390625 0.08357771260997067
0 0.5869140625 0.27419354838709675 0.056640625 0.060117302052785926
0 0.5927734375 0.3453079178885631 0.0498046875 0.08651026392961877
0 0.74267578125 0.05205278592375367 0.0517578125 0.06304985337243402
0 0.724609375 0.11290322580645161 0.056640625 0.06304985337243402
0 0.705078125 0.0344574780058651 0.0595703125 0.051319648093841645
0 0.6474609375 0.030791788856304986 0.068359375 0.05571847507331378
0 0.6220703125 0.08064516129032258 0.0869140625 0.07917888563049853
0 0.63037109375 0.16348973607038123 0.0458984375 0.08064516129032258
0 0.583984375 0.14002932551319647 0.0498046875 0.08944281524926687
0 0.54833984375 0.15469208211143695 0.0498046875 0.09530791788856305
0 0.5947265625 0.21627565982404692 0.0615234375 0.07917888563049853
0 0.544921875 0.22287390029325513 0.0361328125 0.05571847507331378
0 0.54443359375 0.26759530791788855 0.0400390625 0.060117302052785926
0 0.49853515625 0.18548387096774194 0.056640625 0.07917888563049853
0 0.49267578125 0.24853372434017595 0.0458984375 0.06744868035190615
0 0.5302734375 0.31158357771260997 0.0478515625 0.0718475073313783
0 0.484375 0.3152492668621701 0.0576171875 0.09530791788856305
0 0.52734375 0.36950146627565983 0.0263671875 0.07624633431085044
0 0.50634765625 0.41275659824046923 0.03515625 0.07038123167155426
0 0.4794921875 0.39002932551319647 0.0439453125 0.06158357771260997
0 0.54833984375 0.501466275659824 0.064453125 0.08944281524926687
0 0.5615234375 0.6158357771260997 0.0419921875 0.05718475073313783
0 0.43701171875 0.28885630498533726 0.0439453125 0.09090909090909091
0 0.4287109375 0.38269794721407624 0.0478515625 0.0689149560117302
0 0.509765625 0.022727272727272728 0.05078125 0.045454545454545456
0 0.4814453125 0.05865102639296188 0.0634765625 0.09237536656891496
0 0.4443359375 0.01906158357771261 0.052734375 0.03812316715542522
0 0.43359375 0.08797653958944282 0.0439453125 0.08064516129032258
0 0.4052734375 0.16495601173020527 0.0673828125 0.10703812316715543
0 0.39306640625 0.2558651026392962 0.033203125 0.08651026392961877
0 0.39990234375 0.36070381231671556 0.0400390625 0.08064516129032258
0 0.3671875 0.33651026392961875 0.0537109375 0.12316715542521994
0 0.38671875 0.0813782991202346 0.0439453125 0.0747800586510264
0 0.9638671875 0.9787390029325513 0.0546875 0.04252199413489736
0 0.89892578125 0.9838709677419355 0.0576171875 0.03225806451612903
0 0.8486328125 0.9758064516129032 0.0419921875 0.045454545454545456
0 0.79150390625 0.9750733137829912 0.0478515625 0.04985337243401759
0 0.74462890625 0.8958944281524927 0.0576171875 0.0718475073313783
0 0.7646484375 0.9347507331378299 0.0380859375 0.06158357771260997
0 0.71923828125 0.9648093841642229 0.0771484375 0.07038123167155426
0 0.67041015625 0.8782991202346041 0.0537109375 0.06598240469208211
0 0.68310546875 0.9714076246334311 0.0478515625 0.05718475073313783
0 0.6484375 0.9560117302052786 0.0419921875 0.0747800586510264
0 0.61962890625 0.8790322580645161 0.0517578125 0.0718475073313783
0 0.58154296875 0.8123167155425219 0.0380859375 0.06598240469208211
0 0.5703125 0.8863636363636364 0.03515625 0.07331378299120235
0 0.57958984375 0.9582111436950147 0.0380859375 0.08357771260997067
0 0.6171875 0.9772727272727273 0.03125 0.045454545454545456
0 0.55224609375 0.8211143695014663 0.0185546875 0.05571847507331378
0 0.53125 0.7873900293255132 0.0146484375 0.02932551319648094
0 0.5283203125 0.8277126099706745 0.0224609375 0.045454545454545456
0 0.5341796875 0.8826979472140762 0.0419921875 0.08211143695014662
0 0.5400390625 0.9552785923753666 0.0439453125 0.06598240469208211
0 0.49658203125 0.9002932551319648 0.041015625 0.08064516129032258
0 0.48583984375 0.9552785923753666 0.0400390625 0.060117302052785926
0 0.45458984375 0.9442815249266863 0.0380859375 0.0967741935483871
0 0.46142578125 0.7851906158357771 0.0673828125 0.05718475073313783
0 0.4453125 0.8519061583577713 0.0380859375 0.0718475073313783
0 0.39892578125 0.7998533724340176 0.0380859375 0.07771260997067449
0 0.40771484375 0.9259530791788856 0.0322265625 0.09090909090909091
0 0.373046875 0.8665689149560117 0.0498046875 0.11143695014662756
0 0.36962890625 0.9626099706744868 0.0341796875 0.0689149560117302
0 0.369140625 0.7653958944281525 0.0322265625 0.10410557184750734
0 0.3408203125 0.7771260997067448 0.021484375 0.06158357771260997
0 0.33935546875 0.8225806451612904 0.033203125 0.054252199413489736
0 0.3046875 0.6370967741935484 0.0634765625 0.07624633431085044
0 0.32080078125 0.7008797653958945 0.03125 0.054252199413489736
0 0.306640625 0.7258064516129032 0.0390625 0.03519061583577713
0 0.31298828125 0.7763929618768328 0.0390625 0.06304985337243402
0 0.3037109375 0.8233137829912024 0.048828125 0.060117302052785926
0 0.3251953125 0.8717008797653959 0.0234375 0.03519061583577713
0 0.3212890625 0.9332844574780058 0.037109375 0.07771260997067449
0 0.30322265625 0.9574780058651027 0.0498046875 0.06598240469208211
0 0.2119140625 0.8782991202346041 0.0693359375 0.06598240469208211
0 0.22705078125 0.9648093841642229 0.0517578125 0.051319648093841645
0 0.296875 0.8724340175953079 0.0205078125 0.04398826979472141
0 0.24853515625 0.7932551319648093 0.0556640625 0.0747800586510264
0 0.2626953125 0.8658357771260997 0.0380859375 0.05865102639296188
0 0.29638671875 0.46187683284457476 0.0283203125 0.07624633431085044
0 0.35205078125 0.2404692082111437 0.0419921875 0.0718475073313783
0 0.330078125 0.28885630498533726 0.0380859375 0.07917888563049853
0 0.33935546875 0.09310850439882698 0.0625 0.1217008797653959
0 0.2919921875 0.20307917888563048 0.0595703125 0.09530791788856305
0 0.29052734375 0.28885630498533726 0.04296875 0.11290322580645161
0 0.22314453125 0.2587976539589443 0.09375 0.11730205278592376
0 0.26123046875 0.37683284457478006 0.0322265625 0.0689149560117302
0 0.26123046875 0.43914956011730205 0.0244140625 0.0469208211143695
0 0.265625 0.48900293255131966 0.041015625 0.05718475073313783
0 0.3232421875 0.1693548387096774 0.048828125 0.08064516129032258
0 0.28662109375 0.093841642228739 0.0498046875 0.08357771260997067
0 0.32958984375 0.020527859237536656 0.1025390625 0.04105571847507331
0 0.255859375 0.021994134897360705 0.05859375 0.04398826979472141
0 0.22216796875 0.05205278592375367 0.0791015625 0.10410557184750734
0 0.18212890625 0.036656891495601175 0.0771484375 0.07331378299120235
0 0.10791015625 0.02346041055718475 0.0693359375 0.0469208211143695
0 0.22119140625 0.15762463343108504 0.03125 0.06304985337243402
0 0.18408203125 0.14589442815249268 0.0302734375 0.05865102639296188
0 0.16796875 0.10190615835777127 0.02734375 0.05571847507331378
0 0.1318359375 0.06158357771260997 0.0419921875 0.06598240469208211
0 0.056640625 0.08211143695014662 0.1044921875 0.08797653958944282
0 0.12353515625 0.1429618768328446 0.0712890625 0.08651026392961877
0 0.2109375 0.3357771260997067 0.0576171875 0.06598240469208211
0 0.2119140625 0.4178885630498534 0.0654296875 0.09824046920821114
0 0.2685546875 0.5513196480938416 0.03125 0.08357771260997067
0 0.23583984375 0.5366568914956011 0.0263671875 0.07331378299120235
0 0.1982421875 0.5036656891495601 0.0498046875 0.08504398826979472
0 0.26318359375 0.6436950146627566 0.04296875 0.05718475073313783
0 0.25146484375 0.7155425219941349 0.052734375 0.08797653958944282
0 0.19287109375 0.5835777126099707 0.0673828125 0.08944281524926687
0 0.1845703125 0.6869501466275659 0.0576171875 0.05865102639296188
0 0.19580078125 0.75 0.0458984375 0.0689149560117302
0 0.15380859375 0.7309384164222874 0.046875 0.08357771260997067
0 0.19189453125 0.8086510263929618 0.0556640625 0.0747800586510264
0 0.1435546875 0.8049853372434017 0.04296875 0.09237536656891496
0 0.12451171875 0.8900293255131965 0.0498046875 0.08651026392961877
0 0.16943359375 0.9464809384164223 0.0576171875 0.09090909090909091
0 0.11572265625 0.9596774193548387 0.0380859375 0.060117302052785926
0 0.10498046875 0.7543988269794721 0.0390625 0.13049853372434017
0 0.09326171875 0.8533724340175953 0.0419921875 0.08797653958944282
0 0.08984375 0.9340175953079178 0.041015625 0.04838709677419355
0 0.14013671875 0.5615835777126099 0.0791015625 0.0689149560117302
0 0.12353515625 0.6370967741935484 0.072265625 0.06158357771260997
0 0.15185546875 0.37390029325513197 0.0595703125 0.07771260997067449
0 0.14794921875 0.4310850439882698 0.0478515625 0.054252199413489736
0 0.11181640625 0.43914956011730205 0.0419921875 0.036656891495601175
0 0.0908203125 0.4149560117302053 0.0517578125 0.05718475073313783
0 0.107421875 0.4750733137829912 0.0400390625 0.054252199413489736
0 0.07421875 0.4626099706744868 0.0361328125 0.0718475073313783
0 0.052734375 0.5549853372434017 0.0888671875 0.06451612903225806
0 0.04150390625 0.6180351906158358 0.0830078125 0.09237536656891496
0 0.06591796875 0.7001466275659824 0.0419921875 0.06304985337243402
0 0.0537109375 0.7617302052785924 0.0556640625 0.0747800586510264
0 0.0439453125 0.8247800586510264 0.0732421875 0.06304985337243402
0 0.0546875 0.9098240469208211 0.052734375 0.10410557184750734
0 0.06591796875 0.967008797653959 0.052734375 0.045454545454545456
0 0.01416015625 0.8856304985337243 0.0283203125 0.07624633431085044
0 0.0166015625 0.9567448680351907 0.033203125 0.06304985337243402
0 0.0205078125 0.716275659824047 0.041015625 0.08064516129032258
0 0.009765625 0.7800586510263929 0.01953125 0.04105571847507331
0 0.0849609375 0.5909090909090909 0.0537109375 0.06304985337243402
0 0.1181640625 0.21334310850439883 0.064453125 0.04252199413489736
0 0.08544921875 0.26832844574780057 0.0947265625 0.10117302052785923
0 0.0458984375 0.3313782991202346 0.0458984375 0.051319648093841645
0 0.0341796875 0.3848973607038123 0.06640625 0.0747800586510264
0 0.0224609375 0.43841642228739003 0.044921875 0.0689149560117302
0 0.013671875 0.5219941348973607 0.02734375 0.04985337243401759
0 0.142578125 0.46114369501466274 0.041015625 0.051319648093841645
0 0.041015625 0.1744868035190616 0.0751953125 0.09530791788856305
0 0.017578125 0.25733137829912023 0.0302734375 0.060117302052785926
0 0.01318359375 0.34824046920821117 0.0244140625 0.045454545454545456