0 0.10693359375 0.4640762463343108 0.0283203125 0.04325513196480939
0 0.09375 0.5065982404692082 0.037109375 0.030791788856304986
0 0.978515625 0.41935483870967744 0.04248046875 0.07991202346041056
0 0.388671875 0.34017595307917886 0.05322265625 0.06818181818181818
0 0.4033203125 0.4208211143695015 0.02978515625 0.05205278592375367
0 0.2021484375 0.5843108504398827 0.0302734375 0.03812316715542522
0 0.00830078125 0.45527859237536655 0.0166015625 0.04618768328445748
0 0.01513671875 0.34017595307917886 0.02978515625 0.09310850439882698
0 0.115234375 0.018328445747800588 0.0390625 0.036656891495601175
0 0.0380859375 0.8907624633431085 0.03662109375 0.03372434017595308
0 0.19970703125 0.626099706744868 0.03466796875 0.04252199413489736
0 0.03515625 0.6121700879765396 0.0703125 0.08064516129032258
0 0.01953125 0.6840175953079178 0.0390625 0.051319648093841645
0 0.462890625 0.43548387096774194 0.03515625 0.04618768328445748
0 0.08349609375 0.7404692082111437 0.046875 0.03372434017595308
0 0.072265625 0.7771260997067448 0.05419921875 0.036656891495601175
0 0.05859375 0.8167155425219942 0.0361328125 0.04398826979472141
0 0.0439453125 0.8592375366568915 0.0400390625 0.03372434017595308
0 0.1064453125 0.7126099706744868 0.0615234375 0.027126099706744868
0 0.1123046875 0.6803519061583577 0.0673828125 0.04032258064516129
0 0.0107421875 0.781524926686217 0.021484375 0.12609970674486803