0 0.1669921875 0.7613373973607038 0.24429703125 0.6981270087976539 0.2372995205078125 0.6556296803519062 0.1669921875 0.6942321143695015 0.1669921875 0.7613373973607038
0 0.1669921875 0.813014008797654 0.2388207197265625 0.7625584164222874 0.2348656064453125 0.7378825366568915 0.1669921875 0.8014257228739003 0.1669921875 0.813014008797654
0 0.1669921875 0.8454357008797654 0.224217216796875 0.7913469281524927 0.216306990234375 0.7748963577712611 0.1669921875 0.8311626304985338 0.1669921875 0.8454357008797654
0 0.1669921875 0.9053151129032257 0.2187409052734375 0.8119101304985338 0.2156985078125 0.7950025850439884 0.1669921875 0.8465153519061585 0.1669921875 0.9053151129032257
0 0.1669921875 0.8539599120234604 0.202920453125 0.8178506143695016 0.200790771484375 0.8050557463343108 0.1669921875 0.8373553152492669 0.1669921875 0.8539599120234604
0 0.1669921875 0.9468543709677419 0.2026162041015625 0.8767985146627566 0.1920645009765625 0.8574841920821115 0.1669921875 0.9127760131964809 0.1669921875 0.9468543709677419
0 0.2914113056640625 0.7605951671554252 0.3714263369140625 0.6490968255131965 0.3656457763671875 0.6143678299120234 0.2719399658203125 0.6920511275659824 0.2914113056640625 0.7605951671554252
0 0.297496091796875 0.7491711759530792 0.289585865234375 0.7098725762463344 0.210787806640625 0.7715622302052785 0.2246815322265625 0.8326012258064516 0.297496091796875 0.7491711759530792
0 0.548828125 0.3225806451612903 0.0732421875 0.14076246334310852
0 0.5003935654296875 0.2669839090909091 0.5405531943359375 0.17285008651026393 0.49735117578125 0.15000205718475074 0.4906357890625 0.2618010483870968 0.5003935654296875 0.2669839090909091
0 0.4455508427734375 0.14531439589442816 0.4771917470703125 0.273720284457478 0.4886285869140625 0.2716034296187683 0.4802341435546875 0.1338904046920821 0.4455508427734375 0.14531439589442816
0 0.734880455078125 0.20496643695014666 0.8285862578125 0.12317055425219942 0.8158082021484375 0.08021625073313783 0.724976615234375 0.17961185483870967 0.734880455078125 0.20496643695014666
0 0.8225262724609375 0 0.73408612109375 0.12186334017595309 0.7365180263671876 0.13663218475073313 0.8314427802734375 0.038239560117302056 0.8330078125 0.022403696480938415 0.8330078125 0 0.8225262724609375 0
0 0.82718343359375 0.03732565835777126 0.7383454677734375 0.13420128005865103 0.7400306298828125 0.15397485923753665 0.8326597451171875 0.08439259237536657 0.82718343359375 0.03732565835777126
0 0.7435409462890625 0.011598693548387096 0.6388824970703125 0.15462730205278594 0.6487029423828125 0.18564408944281524 0.7377603701171875 0.13315019648093843 0.7435409462890625 0.011598693548387096
0 0.598565087890625 0 0.560759591796875 0.1509025850439883 0.57694547265625 0.16302321114369503 0.6262859853515625 0 0.598565087890625 0
0 0.4532241123046875 0.2671976832844575 0.4763463232421875 0.2671976832844575 0.42705951171875 0.04374402346041056 0.3927846943359375 0.07027760703812316 0.4532241123046875 0.2671976832844575
0 0.439596306640625 0.05848123313782991 0.4715414755859375 0.18460229472140763 0.48361058203125 0.17207156158357773 0.483711048828125 0.0539116275659824 0.439596306640625 0.05848123313782991
0 0.2946475712890625 0.05523796627565983 0.3904830478515625 0.24533348533724342 0.401817103515625 0.23390196480938416 0.3348072001953125 0.0369595439882698 0.2946475712890625 0.05523796627565983
0 0.354756326171875 0.29614698240469206 0.376357369140625 0.27055719941348977 0.2844769755859375 0.03659342815249267 0.23519015625 0.09965400586510265 0.354756326171875 0.29614698240469206
0 0.2922136494140625 0.11829849706744867 0.36614387109375 0.2352803944281525 0.3827486845703125 0.2271157008797654 0.3043832451171875 0.07168853812316715 0.2922136494140625 0.11829849706744867
0 0.35471446484375 0 0.3971525400390625 0.14287995014662755 0.4133585146484375 0.13437009677419354 0.38619068359375 0 0.35471446484375 0
0 0.320643771484375 0 0.376159994140625 0.16846973313782992 0.3837522861328125 0.15171277126099705 0.352597091796875 0 0.320643771484375 0
0 0.4901952734375 0.06858245161290323 0.48361058203125 0.19695452932551322 0.525487072265625 0.06812552346041056 0.4901952734375 0.06858245161290323
0 0.54965473828125 0 0.5578770546875 0.10647101319648093 0.5687723955078124 0.1108228064516129 0.586340173828125 0 0.54965473828125 0
0 0.65515071484375 0 0.6186681123046875 0.1458479633431085 0.6284037705078125 0.15133149413489735 0.6311399248046875 0.15548291788856305 0.686209298828125 0.0165281715542522 0.672415201171875 0 0.65515071484375 0
0 0.636450423828125 0 0.6116705869140625 0.0617672082111437 0.625620119140625 0.0846041642228739 0.6711529326171874 0 0.636450423828125 0
0 0.1669921875 0.5510753548387097 0.3289426025390625 0.5098913724340176 0.3303498720703125 0.4760762815249267 0.1669921875 0.5042672492668622 0.1669921875 0.5510753548387097
0 0.1669921875 0.6454290615835777 0.258734576171875 0.5886983343108504 0.262689689453125 0.560366797653959 0.1669921875 0.6072550894428153 0.1669921875 0.6454290615835777
0 0.1669921875 0.46448978739002933 0.2972310400390625 0.4511189046920821 0.3024031181640625 0.4163899574780059 0.1669921875 0.37352622434017596 0.1669921875 0.46448978739002933
0 0.1669921875 0.36081000879765396 0.250273357421875 0.3862158826979472 0.258311953125 0.3439724046920821 0.1669921875 0.27600638563049856 0.1669921875 0.36081000879765396
0 0.3627535400390625 0.3683356026392962 0.3840503193359375 0.33040787976539593 0.278174927734375 0.2106842741935484 0.257486646484375 0.2888245 0.3627535400390625 0.3683356026392962
0 0.260288189453125 0.31193574486803516 0.2587669873046875 0.3695127668621701 0.36568746875 0.3862158826979472 0.3676847646484375 0.35077736950146626 0.260288189453125 0.31193574486803516
0 0.375890837890625 0.4174681920821114 0.375890837890625 0.3886797258064516 0.2824892607421875 0.36628862609970675 0.281880779296875 0.41472643695014666 0.375890837890625 0.4174681920821114
0 0.3536263486328125 0.2943080073313783 0.376444341796875 0.26826125073313783 0.3070776923828125 0.13574273167155426 0.2790876513671875 0.17686918181818181 0.3536263486328125 0.2943080073313783
0 0.3258769541015625 0.3055151275659824 0.3416974375 0.2812962214076246 0.2038768623046875 0.04733245014662757 0.1684798779296875 0.11099518914956011 0.3258769541015625 0.3055151275659824
0 0.30365945703125 0.2951956524926686 0.3121781806640625 0.264579288856305 0.221514767578125 0.17638595014662758 0.20009330859375 0.23918017008797654 0.30365945703125 0.2951956524926686
0 0.500610673828125 0 0.4874534345703125 0.16428360703812317 0.5133137939453125 0.15651527272727273 0.5574285361328125 0.01759931964809384 0.545129337890625 0 0.500610673828125 0
0 0.7626953125 0.028592375366568914 0.048828125 0.05718475073313783
0 0.4138003037109375 0 0.432606591796875 0.05582855571847507 0.4898036376953125 0.05628548387096774 0.4895571142578125 0 0.4138003037109375 0
0 0.6726114384765625 0 0.659891234375 0.047821479472140764 0.6784498623046875 0.060159419354838706 0.703641783203125 0 0.6726114384765625 0
0 0.25341796875 0.02126099706744868 0.0380859375 0.04252199413489736
0 0.2119140625 0.032991202346041054 0.04296875 0.06598240469208211
0 0.29931640625 0.9024926686217009 0.0517578125 0.12609970674486803