0 0.0458984375 0.09457478005865103 0.0556640625 0.0689149560117302
0 0.01513671875 0.19648093841642228 0.0302734375 0.07917888563049853
0 0.0361328125 0.38636363636363635 0.072265625 0.09530791788856305
0 0.099609375 0.5234604105571847 0.05859375 0.09237536656891496
0 0.14599609375 0.6129032258064516 0.0771484375 0.08651026392961877
0 0.025390625 0.4963343108504399 0.05078125 0.08651026392961877
0 0.09423828125 0.9699413489736071 0.0869140625 0.060117302052785926
0 0.19091796875 0.9824046920821115 0.0341796875 0.03519061583577713
0 0.23291015625 0.9809384164222874 0.0419921875 0.03812316715542522
0 0.16015625 0.9230205278592375 0.0380859375 0.06598240469208211
0 0.0654296875 0.8181818181818182 0.0576171875 0.08651026392961877
0 0.17626953125 0.8233137829912024 0.0537109375 0.08064516129032258