0 0.4833984375 0.5674486803519062 0.0302734375 0.05865102639296188
0 0.40234375 0.47287390029325516 0.0498046875 0.07771260997067449
0 0.53515625 0.44281524926686217 0.03515625 0.03225806451612903
0 0.54931640625 0.47214076246334313 0.0400390625 0.03372434017595308
0 0.5625 0.5036656891495601 0.029296875 0.03812316715542522
0 0.57177734375 0.5557184750733137 0.0283203125 0.03812316715542522
0 0.564453125 0.8387096774193549 0.0361328125 0.07331378299120235
0 0.57861328125 0.9142228739002932 0.056640625 0.15689149560117302
0 0.55419921875 0.9024926686217009 0.025390625 0.03519061583577713
0 0.50146484375 0.9464809384164223 0.0498046875 0.10703812316715543
0 0.521484375 0.9780058651026393 0.017578125 0.03225806451612903
0 0.5361328125 0.9318181818181818 0.01953125 0.03519061583577713
0 0.5322265625 0.8878299120234604 0.013671875 0.030791788856304986
0 0.51953125 0.8680351906158358 0.0205078125 0.03812316715542522
0 0.48828125 0.907624633431085 0.02734375 0.051319648093841645
0 0.7138671875 0.8453079178885631 0.0302734375 0.054252199413489736
0 0.70263671875 0.783724340175953 0.0380859375 0.06304985337243402
0 0.47607421875 0.2969208211143695 0.0341796875 0.05718475073313783
0 0.515625 0.29545454545454547 0.0478515625 0.04985337243401759
0 0.49169921875 0.3717008797653959 0.0322265625 0.04985337243401759
0 0.51953125 0.36070381231671556 0.0224609375 0.04398826979472141
0 0.51708984375 0.23460410557184752 0.0380859375 0.05865102639296188
0 0.4111328125 0.15029325513196481 0.044921875 0.0718475073313783
0 0.43896484375 0.036656891495601175 0.0478515625 0.0718475073313783
0 0.37744140625 0.05278592375366569 0.0615234375 0.10117302052785923
0 0.47021484375 0.18914956011730205 0.048828125 0.07771260997067449
0 0.423828125 0.2785923753665689 0.0517578125 0.0747800586510264
0 0.32958984375 0.16422287390029325 0.0458984375 0.04838709677419355
0 0.302734375 0.20821114369501467 0.0556640625 0.05718475073313783
0 0.31689453125 0.10263929618768329 0.041015625 0.04252199413489736
0 0.7431640625 0.13563049853372433 0.0556640625 0.0747800586510264
0 0.76318359375 0.08577712609970674 0.0498046875 0.05718475073313783
0 0.7841796875 0.18328445747800587 0.0576171875 0.054252199413489736
0 0.80859375 0.3497067448680352 0.0458984375 0.036656891495601175
0 0.79150390625 0.38929618768328444 0.03515625 0.021994134897360705
0 0.79638671875 0.437683284457478 0.03515625 0.021994134897360705
0 0.77880859375 0.437683284457478 0.01953125 0.017595307917888565
0 0.82275390625 0.6282991202346041 0.0244140625 0.060117302052785926
0 0.81201171875 0.6217008797653959 0.0341796875 0.04838709677419355
0 0.7685546875 0.5520527859237536 0.025390625 0.04105571847507331
0 0.76123046875 0.5073313782991202 0.037109375 0.02932551319648094
0 0.798828125 0.7844574780058651 0.0537109375 0.06598240469208211
0 0.7939453125 0.8819648093841642 0.03515625 0.045454545454545456
0 0.8115234375 0.8409090909090909 0.03125 0.04252199413489736
0 0.80029296875 0.9728739002932552 0.03125 0.039589442815249266
0 0.7421875 0.9252199413489736 0.091796875 0.13929618768328444
0 0.69970703125 0.9721407624633431 0.0263671875 0.045454545454545456
0 0.65869140625 0.9508797653958945 0.0439453125 0.06304985337243402
0 0.67529296875 0.8673020527859238 0.0283203125 0.06744868035190615
0 0.66845703125 0.8079178885630498 0.0234375 0.03519061583577713
0 0.50341796875 0.6869501466275659 0.05078125 0.08651026392961877
0 0.41943359375 0.6187683284457478 0.021484375 0.03812316715542522
0 0.4423828125 0.6107038123167156 0.025390625 0.036656891495601175
0 0.38525390625 0.6627565982404692 0.0341796875 0.051319648093841645
0 0.380859375 0.7727272727272727 0.0439453125 0.0747800586510264
0 0.35693359375 0.8856304985337243 0.0517578125 0.08651026392961877
0 0.6923828125 0.33724340175953077 0.0302734375 0.04105571847507331
0 0.7119140625 0.2925219941348974 0.0400390625 0.045454545454545456
0 0.73193359375 0.25513196480938416 0.041015625 0.04252199413489736
0 0.63134765625 0.13563049853372433 0.0361328125 0.054252199413489736
0 0.62841796875 0.08357771260997067 0.037109375 0.04838709677419355
0 0.61669921875 0.013196480938416423 0.0361328125 0.026392961876832845
0 0.49658203125 0.499266862170088 0.0361328125 0.0718475073313783
0 0.51318359375 0.5953079178885631 0.0419921875 0.07331378299120235
0 0.53125 0.6532258064516129 0.0546875 0.0747800586510264
0 0.576171875 0.6730205278592375 0.0302734375 0.07624633431085044
0 0.56103515625 0.7536656891495601 0.0341796875 0.054252199413489736
0 0.54931640625 0.7250733137829912 0.0283203125 0.054252199413489736
0 0.60791015625 0.7690615835777126 0.0478515625 0.0689149560117302
0 0.61083984375 0.8394428152492669 0.041015625 0.08357771260997067
0 0.427734375 0.8277126099706745 0.05078125 0.10410557184750734
0 0.310546875 0.6693548387096774 0.05078125 0.06304985337243402
0 0.31396484375 0.750733137829912 0.056640625 0.08504398826979472
0 0.306640625 0.8614369501466276 0.080078125 0.1598240469208211
0 0.2802734375 0.8511730205278593 0.078125 0.13196480938416422
0 0.37890625 0.9780058651026393 0.041015625 0.04398826979472141
0 0.2919921875 0.9545454545454546 0.06640625 0.09090909090909091
0 0.3369140625 0.9728739002932552 0.052734375 0.054252199413489736
0 0.4033203125 0.9435483870967742 0.0322265625 0.07771260997067449
0 0.4404296875 0.9472140762463344 0.048828125 0.10557184750733138
0 0.36865234375 0.5454545454545454 0.03125 0.030791788856304986
0 0.337890625 0.6114369501466276 0.0322265625 0.0689149560117302
0 0.37353515625 0.6019061583577713 0.0439453125 0.06598240469208211
0 0.435546875 0.38636363636363635 0.0498046875 0.06744868035190615
0 0.40673828125 0.3460410557184751 0.0458984375 0.06598240469208211
0 0.61669921875 0.9758064516129032 0.0361328125 0.04398826979472141
0 0.59619140625 0.9215542521994134 0.05078125 0.15249266862170088
0 0.47705078125 0.9846041055718475 0.0419921875 0.030791788856304986
0 0.6708984375 0.9882697947214076 0.029296875 0.016129032258064516
0 0.72998046875 0.6099706744868035 0.0390625 0.05718475073313783
0 0.64794921875 0.24120234604105573 0.046875 0.051319648093841645
0 0.64990234375 0.17375366568914957 0.0234375 0.026392961876832845
0 0.6396484375 0.19941348973607037 0.03515625 0.03812316715542522
0 0.67041015625 0.187683284457478 0.0244140625 0.04398826979472141
0 0.6513671875 0.34017595307917886 0.0478515625 0.08211143695014662
0 0.65380859375 0.4303519061583578 0.0263671875 0.04252199413489736
0 0.6689453125 0.4560117302052786 0.0390625 0.04252199413489736
0 0.60205078125 0.4912023460410557 0.0615234375 0.07771260997067449
0 0.64306640625 0.37976539589442815 0.01953125 0.01906158357771261
0 0.60986328125 0.37609970674486803 0.0224609375 0.04105571847507331
0 0.62841796875 0.45527859237536655 0.01953125 0.04105571847507331
0 0.6279296875 0.41275659824046923 0.01953125 0.03372434017595308
0 0.6220703125 0.593108504398827 0.0419921875 0.05865102639296188
0 0.6376953125 0.5461876832844574 0.0537109375 0.08064516129032258
0 0.67626953125 0.5681818181818182 0.029296875 0.051319648093841645
0 0.67626953125 0.5197947214076246 0.033203125 0.045454545454545456
0 0.81494140625 0.5476539589442815 0.0380859375 0.06598240469208211
0 0.81298828125 0.719208211143695 0.0361328125 0.060117302052785926
0 0.7685546875 0.6392961876832844 0.0458984375 0.07331378299120235
0 0.787109375 0.4970674486803519 0.037109375 0.051319648093841645
0 0.75927734375 0.4670087976539589 0.025390625 0.03225806451612903
0 0.77490234375 0.4149560117302053 0.044921875 0.02932551319648094
0 0.74658203125 0.3387096774193548 0.046875 0.02932551319648094
0 0.751953125 0.37390029325513197 0.0390625 0.04252199413489736
0 0.77587890625 0.3651026392961877 0.029296875 0.02785923753665689
0 0.81982421875 0.313049853372434 0.0234375 0.05278592375366569
0 0.77001953125 0.02932551319648094 0.0771484375 0.05865102639296188
0 0.6953125 0.009530791788856305 0.048828125 0.01906158357771261
0 0.7177734375 0.018328445747800588 0.03515625 0.036656891495601175
0 0.6884765625 0.093841642228739 0.0439453125 0.07771260997067449
0 0.71240234375 0.06158357771260997 0.0654296875 0.08651026392961877
0 0.55517578125 0.10043988269794721 0.0205078125 0.04105571847507331
0 0.59619140625 0.24633431085043989 0.0322265625 0.06304985337243402
0 0.55126953125 0.39222873900293254 0.0322265625 0.02785923753665689
0 0.56103515625 0.35410557184750735 0.0615234375 0.0718475073313783
0 0.5576171875 0.28812316715542524 0.02734375 0.04398826979472141
0 0.54833984375 0.2221407624633431 0.0263671875 0.04985337243401759
0 0.5810546875 0.2793255131964809 0.0302734375 0.06598240469208211
0 0.45654296875 0.43548387096774194 0.04296875 0.0718475073313783
0 0.45703125 0.5131964809384164 0.0400390625 0.08944281524926687
0 0.3291015625 0.4538123167155425 0.052734375 0.08064516129032258
0 0.36474609375 0.3724340175953079 0.0400390625 0.0689149560117302
0 0.58251953125 0.017595307917888565 0.0615234375 0.03519061583577713
0 0.48876953125 0.06085043988269795 0.0400390625 0.06451612903225806
0 0.51953125 0.02126099706744868 0.021484375 0.03372434017595308
0 0.8095703125 0.16862170087976538 0.0400390625 0.06304985337243402
0 0.69921875 0.21480938416422288 0.0478515625 0.060117302052785926
0 0.7392578125 0.22727272727272727 0.04296875 0.05718475073313783
0 0.72119140625 0.4149560117302053 0.0478515625 0.045454545454545456
0 0.72412109375 0.5161290322580645 0.033203125 0.04105571847507331
0 0.744140625 0.7338709677419355 0.0595703125 0.07331378299120235
0 0.7626953125 0.8599706744868035 0.0263671875 0.07331378299120235
0 0.73681640625 0.8401759530791789 0.0263671875 0.06744868035190615
0 0.8251953125 0.9332844574780058 0.0263671875 0.06744868035190615
0 0.79541015625 0.9252199413489736 0.0380859375 0.0689149560117302
0 0.45458984375 0.6649560117302052 0.048828125 0.051319648093841645
0 0.451171875 0.717008797653959 0.0341796875 0.04838709677419355
0 0.37109375 0.2375366568914956 0.0341796875 0.05278592375366569
0 0.59814453125 0.1774193548387097 0.04296875 0.0718475073313783
0 0.52978515625 0.10777126099706745 0.03125 0.054252199413489736
0 0.51611328125 0.07551319648093842 0.0302734375 0.04838709677419355
0 0.5205078125 0.17302052785923755 0.0283203125 0.039589442815249266
0 0.5 0.12023460410557185 0.021484375 0.03812316715542522
0 0.81298828125 0.045454545454545456 0.0302734375 0.07331378299120235
0 0.77197265625 0.2859237536656892 0.0458984375 0.07331378299120235
0 0.8212890625 0.4032258064516129 0.0224609375 0.04985337243401759
0 0.47998046875 0.7221407624633431 0.0322265625 0.08797653958944282
0 0.47314453125 0.7991202346041055 0.0302734375 0.054252199413489736
0 0.51513671875 0.7602639296187683 0.03515625 0.08211143695014662
0 0.49951171875 0.8357771260997068 0.0537109375 0.0689149560117302
0 0.31787109375 0.5403225806451613 0.03515625 0.0469208211143695
0 0.30224609375 0.5146627565982405 0.0322265625 0.05865102639296188
0 0.2734375 0.5168621700879765 0.02734375 0.06451612903225806
0 0.27587890625 0.40542521994134895 0.0625 0.036656891495601175
0 0.30517578125 0.3357771260997067 0.0546875 0.05571847507331378
0 0.20458984375 0.3057184750733138 0.046875 0.07917888563049853
0 0.24853515625 0.14076246334310852 0.056640625 0.060117302052785926
0 0.283203125 0.03592375366568915 0.048828125 0.06158357771260997
0 0.4658203125 0.1312316715542522 0.0341796875 0.04985337243401759
0 0.68310546875 0.6429618768328446 0.0419921875 0.060117302052785926
0 0.73779296875 0.5615835777126099 0.03125 0.04252199413489736
0 0.71728515625 0.45821114369501464 0.0439453125 0.045454545454545456
0 0.67919921875 0.7060117302052786 0.0458984375 0.0689149560117302
0 0.37890625 0.7038123167155426 0.0498046875 0.05718475073313783
0 0.4208984375 0.5381231671554252 0.0341796875 0.05865102639296188
0 0.38671875 0.4142228739002933 0.03515625 0.03812316715542522
0 0.22412109375 0.44941348973607037 0.0556640625 0.051319648093841645