0 0.01025390625 0.6612903225806451 0.0205078125 0.12023460410557185
0 0.986328125 0.7888563049853372 0.02734375 0.10850439882697947
0 0.9580078125 0.8489736070381232 0.083984375 0.11436950146627566
0 0.57421875 0.8988269794721407 0.033203125 0.08211143695014662
0 0.52880859375 0.8973607038123167 0.05859375 0.07331378299120235
0 0.794921875 0.8255131964809385 0.029296875 0.04985337243401759
0 0.93896484375 0.7023460410557185 0.06640625 0.036656891495601175
0 0.8203125 0.9442815249266863 0.060546875 0.0689149560117302
0 0.88671875 0.9574780058651027 0.0322265625 0.04398826979472141
0 0.86181640625 0.9831378299120235 0.0283203125 0.03372434017595308
0 0.84375 0.8995601173020528 0.060546875 0.06158357771260997
0 0.7275390625 0.8570381231671554 0.048828125 0.05278592375366569
0 0.65966796875 0.8269794721407625 0.0458984375 0.07624633431085044
0 0.666015625 0.8848973607038123 0.03125 0.03812316715542522
0 0.62109375 0.8401759530791789 0.033203125 0.05865102639296188
0 0.76171875 0.8372434017595308 0.0390625 0.05865102639296188
0 0.890625 0.75 0.037109375 0.06304985337243402
0 0.994140625 0.5865102639296188 0.01171875 0.045454545454545456
0 0.97705078125 0.6590909090909091 0.041015625 0.04985337243401759