0 0.7509765625 0.13049853372434017 0.0751953125 0.11730205278592376
0 0.8583984375 0.15102639296187684 0.0654296875 0.09237536656891496
0 0.4658203125 0.5542521994134897 0.0556640625 0.07771260997067449
0 0.47998046875 0.8372434017595308 0.04296875 0.05865102639296188
0 0.0234375 0.7250733137829912 0.04296875 0.07917888563049853
0 0.10302734375 0.8123167155425219 0.0751953125 0.07624633431085044
0 0.03173828125 0.04912023460410557 0.0634765625 0.0747800586510264
0 0.2421875 0.08944281524926687 0.05078125 0.05718475073313783
0 0.1552734375 0.250733137829912 0.0791015625 0.08651026392961877
0 0.08984375 0.29545454545454547 0.0654296875 0.08064516129032258
0 0.09375 0.13856304985337242 0.064453125 0.07771260997067449
0 0.0525950615234375 1 0.1604713466796875 0.8652349369501466 0.15537298046875 0.8456223900293255 0.009123703125 0.9734140762463342 0.0221522568359375 1 0.0525950615234375 1
0 0.123046875 0.9758064516129032 0.07421875 0.04838709677419355
0 0.103515625 0.6026392961876833 0.0634765625 0.08357771260997067
0 0.16650390625 0.6950146627565983 0.1103515625 0.14809384164222875
0 0.151150408203125 0.9687974032258064 0.2829723056640625 0.8772121730205278 0.2088876103515625 0.7730113504398828 0.1360747509765625 0.9501073665689149 0.151150408203125 0.9687974032258064
0 0.533203125 0.6730205278592375 0.03515625 0.05865102639296188
0 0.42919921875 0.2969208211143695 0.080078125 0.10410557184750734
0 0.6162109375 0.3409090909090909 0.0615234375 0.10117302052785923
0 0.47705078125 0.05498533724340176 0.05078125 0.0718475073313783
0 0.45361328125 0.13636363636363635 0.06640625 0.0967741935483871
0 0.42919921875 0.041788856304985335 0.0458984375 0.0689149560117302
0 0.31005859375 0.1312316715542522 0.033203125 0.08651026392961877
0 0.341796875 0.14442815249266863 0.0361328125 0.07624633431085044
0 0.20947265625 0.20161290322580644 0.0419921875 0.06598240469208211
0 0.25 0.16495601173020527 0.0654296875 0.08944281524926687
0 0.14404296875 0.17668621700879766 0.0546875 0.0689149560117302
0 0.10498046875 0.2250733137829912 0.0439453125 0.054252199413489736
0 0.07373046875 0.21920821114369501 0.0458984375 0.05571847507331378
0 0.18115234375 0.46774193548387094 0.0703125 0.05718475073313783
0 0.1845703125 0.12023460410557185 0.0615234375 0.10997067448680352
0 0.10498046875 0.0689149560117302 0.068359375 0.0718475073313783
0 0.03271484375 0.13563049853372433 0.0654296875 0.09824046920821114
0 0.03759765625 0.8453079178885631 0.0673828125 0.09237536656891496
0 0.0634765625 0.843841642228739 0.0634765625 0.0689149560117302
0 0.2377241318359375 1 0.2726583134765625 0.9652207302052785 0.27610634375 0.8930821539589443 0.1851598671875 0.9977484002932552 0.186857806640625 1 0.2377241318359375 1
0 0.3271484375 0.5359237536656891 0.0634765625 0.08944281524926687
0 0.32958984375 0.46114369501466274 0.05859375 0.060117302052785926
0 0.07666015625 0.4714076246334311 0.0478515625 0.06744868035190615
0 0.37109375 0.8291788856304986 0.0595703125 0.13049853372434017
0 0.29931640625 0.9860703812316716 0.0595703125 0.02785923753665689
0 0.0341796875 0.5967741935483871 0.0673828125 0.060117302052785926
0 0.0546875 0.6532258064516129 0.0732421875 0.06598240469208211
0 0.17041015625 0.36070381231671556 0.0634765625 0.11290322580645161
0 0.701171875 0.312316715542522 0.0361328125 0.10850439882697947
0 0.5966796875 0.13563049853372433 0.123046875 0.27126099706744866
0 0.2099609375 0.5571847507331378 0.0791015625 0.09237536656891496
0 0.2890625 0.37316715542521994 0.044921875 0.09090909090909091
0 0.36279296875 0.38636363636363635 0.0732421875 0.11290322580645161
0 0.43408203125 0.43255131964809385 0.0517578125 0.07917888563049853
0 0.36376953125 0.5234604105571847 0.03125 0.054252199413489736
0 0.3544921875 0.5835777126099707 0.02734375 0.051319648093841645
0 0.380859375 0.591642228739003 0.0263671875 0.05278592375366569
0 0.3974609375 0.4904692082111437 0.0615234375 0.060117302052785926
0 0.39453125 0.5454545454545454 0.0546875 0.04398826979472141
0 0.4013671875 0.5813782991202346 0.0341796875 0.04398826979472141
0 0.4794921875 0.9222873900293255 0.0498046875 0.0747800586510264
0 0.63916015625 0.6678885630498533 0.0654296875 0.11143695014662756
0 0.80322265625 0.04912023460410557 0.0673828125 0.09824046920821114
0 0.2186993779296875 0.8384780747800586 0.3261212216796875 0.7131188797653959 0.3100225625 0.672279784457478 0.2055059267578125 0.7906816231671554 0.2186993779296875 0.8384780747800586
0 0.048828125 0.3651026392961877 0.09765625 0.06744868035190615
0 0.5625 0.4574780058651026 0.05859375 0.09530791788856305
0 0.63134765625 0.5102639296187683 0.072265625 0.13049853372434017
0 0.39453125 0.9633431085043989 0.1015625 0.07331378299120235
0 0.37060546875 0.24413489736070382 0.0322265625 0.05278592375366569
0 0.38037109375 0.18328445747800587 0.0439453125 0.05718475073313783
0 0.02197265625 0.5021994134897361 0.0439453125 0.10410557184750734