0 0.4375 0.46480938416422285 0.037109375 0.04105571847507331
0 0.49951171875 0.3497067448680352 0.048828125 0.07038123167155426
0 0.5166015625 0.5417888563049853 0.01953125 0.05278592375366569
0 0.4970703125 0.5623167155425219 0.0205078125 0.05865102639296188
0 0.47705078125 0.5806451612903226 0.0234375 0.04105571847507331
0 0.443359375 0.593841642228739 0.0234375 0.04105571847507331
0 0.26220703125 0.5784457478005866 0.046875 0.04985337243401759
0 0.212890625 0.5967741935483871 0.099609375 0.07771260997067449
0 0.22119140625 0.5615835777126099 0.0224609375 0.036656891495601175
0 0.1923828125 0.48533724340175954 0.0703125 0.07038123167155426
0 0.1728515625 0.5131964809384164 0.0205078125 0.026392961876832845
0 0.203125 0.5351906158357771 0.0234375 0.02785923753665689
0 0.23095703125 0.5300586510263929 0.01953125 0.020527859237536656
0 0.244140625 0.5124633431085044 0.0234375 0.02932551319648094
0 0.21923828125 0.4662756598240469 0.033203125 0.03812316715542522
0 0.1103515625 0.27785923753665687 0.0517578125 0.05571847507331378
0 0.119140625 0.19501466275659823 0.03125 0.04252199413489736
0 0.2548828125 0.7939882697947214 0.0341796875 0.04398826979472141
0 0.294921875 0.7785923753665689 0.0390625 0.05278592375366569
0 0.611328125 0.4596774193548387 0.03515625 0.04985337243401759
0 0.611328125 0.5161290322580645 0.03125 0.06744868035190615
0 0.5625 0.4809384164222874 0.03125 0.045454545454545456
0 0.5693359375 0.5205278592375366 0.0283203125 0.03225806451612903
0 0.650390625 0.5197947214076246 0.037109375 0.05278592375366569
0 0.7060546875 0.36730205278592376 0.044921875 0.06304985337243402
0 0.92041015625 0.21480938416422288 0.0234375 0.0469208211143695
0 0.8818359375 0.2118768328445748 0.05078125 0.06158357771260997
0 0.7783203125 0.41055718475073316 0.0458984375 0.0689149560117302
0 0.771484375 0.32038123167155425 0.0703125 0.08797653958944282
0 0.822265625 0.32331378299120234 0.029296875 0.08797653958944282
0 0.68017578125 0.45234604105571846 0.0498046875 0.0689149560117302
0 0.6240234375 0.38343108504398826 0.046875 0.07331378299120235
0 0.6982421875 0.25 0.03125 0.06598240469208211
0 0.6708984375 0.20967741935483872 0.03515625 0.07917888563049853
0 0.73779296875 0.23240469208211142 0.0263671875 0.05865102639296188
0 0.8779296875 0.3526392961876833 0.03125 0.05865102639296188
0 0.91552734375 0.35997067448680353 0.0322265625 0.05865102639296188
0 0.935546875 0.4340175953079179 0.044921875 0.07038123167155426
0 0.87939453125 0.40762463343108507 0.044921875 0.05278592375366569
0 0.87158203125 0.6898826979472141 0.02734375 0.04105571847507331
0 0.857421875 0.7272727272727273 0.029296875 0.0469208211143695
0 0.84619140625 0.9024926686217009 0.0361328125 0.07038123167155426
0 0.7099609375 0.8482404692082112 0.0478515625 0.07917888563049853
0 0.7421875 0.8782991202346041 0.0361328125 0.07038123167155426
0 0.6787109375 0.906158357771261 0.033203125 0.08211143695014662
0 0.5712890625 0.9391495601173021 0.0234375 0.06744868035190615
0 0.546875 0.9134897360703812 0.013671875 0.05278592375366569
0 0.51513671875 0.9193548387096774 0.013671875 0.04985337243401759
0 0.515625 0.8944281524926686 0.01171875 0.02932551319648094
0 0.392578125 0.969208211143695 0.0390625 0.06158357771260997
0 0.39697265625 0.9398826979472141 0.0302734375 0.04838709677419355
0 0.4423828125 0.8782991202346041 0.02734375 0.036656891495601175
0 0.4716796875 0.8680351906158358 0.017578125 0.054252199413489736
0 0.29296875 0.9178885630498533 0.041015625 0.07624633431085044
0 0.23046875 0.908357771260997 0.02734375 0.04985337243401759
0 0.25634765625 0.9347507331378299 0.0263671875 0.04398826979472141
0 0.0966796875 0.8922287390029325 0.05859375 0.07331378299120235
0 0.16552734375 0.9164222873900293 0.0361328125 0.04398826979472141
0 0.18896484375 0.8335777126099707 0.115234375 0.12903225806451613
0 0.1728515625 0.7719941348973607 0.0322265625 0.03812316715542522
0 0.1884765625 0.7126099706744868 0.0390625 0.06158357771260997
0 0.109375 0.7932551319648093 0.09375 0.10263929618768329
0 0.24169921875 0.7375366568914956 0.04296875 0.04105571847507331
0 0.27978515625 0.7294721407624634 0.0234375 0.03372434017595308
0 0.3603515625 0.49193548387096775 0.0546875 0.0718475073313783
0 0.40576171875 0.3717008797653959 0.0234375 0.02932551319648094
0 0.41015625 0.4046920821114369 0.0234375 0.03812316715542522
0 0.3779296875 0.3218475073313783 0.03125 0.04985337243401759
0 0.30712890625 0.313049853372434 0.046875 0.06304985337243402
0 0.2353515625 0.27712609970674484 0.0546875 0.07331378299120235
0 0.11865234375 0.6107038123167156 0.0546875 0.05865102639296188
0 0.12158203125 0.6891495601173021 0.056640625 0.04398826979472141
0 0.58154296875 0.7712609970674487 0.025390625 0.04398826979472141
0 0.609375 0.7998533724340176 0.02734375 0.05571847507331378
0 0.6337890625 0.8299120234604106 0.0263671875 0.060117302052785926
0 0.71142578125 0.6869501466275659 0.03515625 0.051319648093841645
0 0.7451171875 0.6832844574780058 0.0302734375 0.05278592375366569
0 0.7939453125 0.6678885630498533 0.0234375 0.05278592375366569
0 0.837890625 0.6796187683284457 0.029296875 0.03812316715542522
0 0.8408203125 0.47287390029325516 0.064453125 0.06451612903225806
0 0.91796875 0.2866568914956012 0.0419921875 0.06304985337243402
0 0.9111328125 0.1063049853372434 0.044921875 0.09237536656891496
0 0.8291015625 0.18255131964809385 0.03125 0.07331378299120235
0 0.48095703125 0.48533724340175954 0.044921875 0.04985337243401759
0 0.41943359375 0.5080645161290323 0.046875 0.060117302052785926
0 0.38134765625 0.532258064516129 0.046875 0.07771260997067449
0 0.36767578125 0.5975073313782991 0.0478515625 0.04105571847507331
0 0.31640625 0.5740469208211144 0.0341796875 0.04838709677419355
0 0.3349609375 0.5579178885630498 0.03515625 0.04105571847507331
0 0.30615234375 0.6422287390029325 0.0439453125 0.06744868035190615
0 0.2607421875 0.6451612903225806 0.052734375 0.05865102639296188
0 0.271484375 0.37976539589442815 0.06640625 0.0718475073313783
0 0.375 0.21407624633431085 0.0390625 0.0718475073313783
0 0.32275390625 0.21700879765395895 0.0537109375 0.08064516129032258
0 0.25146484375 0.20381231671554254 0.1015625 0.11436950146627566
0 0.2587890625 0.16642228739002932 0.083984375 0.10997067448680352
0 0.0517578125 0.3277126099706745 0.103515625 0.05571847507331378
0 0.0556640625 0.2785923753665689 0.111328125 0.09090909090909091
0 0.1142578125 0.32404692082111436 0.0556640625 0.04252199413489736
0 0.166015625 0.30718475073313783 0.044921875 0.05865102639296188
0 0.1689453125 0.18255131964809385 0.103515625 0.093841642228739
0 0.1552734375 0.24780058651026393 0.08203125 0.0747800586510264
0 0.19775390625 0.34310850439882695 0.048828125 0.045454545454545456
0 0.193359375 0.3966275659824047 0.068359375 0.07038123167155426
0 0.1435546875 0.35777126099706746 0.0380859375 0.04838709677419355
0 0.45361328125 0.2998533724340176 0.01953125 0.04398826979472141
0 0.41162109375 0.2536656891495601 0.04296875 0.045454545454545456
0 0.41748046875 0.3057184750733138 0.0419921875 0.06158357771260997
0 0.55419921875 0.39882697947214074 0.04296875 0.07038123167155426
0 0.58056640625 0.35777126099706746 0.0419921875 0.06598240469208211
0 0.0615234375 0.6422287390029325 0.029296875 0.03225806451612903
0 0.07421875 0.6730205278592375 0.033203125 0.021994134897360705
0 0.1015625 0.6466275659824047 0.05859375 0.04252199413489736
0 0.15771484375 0.6517595307917888 0.056640625 0.051319648093841645
0 0.20849609375 0.6224340175953079 0.09765625 0.07038123167155426
0 0.1376953125 0.44941348973607037 0.08203125 0.060117302052785926
0 0.12158203125 0.5102639296187683 0.0751953125 0.0747800586510264
0 0.03515625 0.7111436950146628 0.0390625 0.051319648093841645
0 0.14697265625 0.7287390029325513 0.04296875 0.04105571847507331
0 0.40625 0.8203812316715543 0.03515625 0.05571847507331378
0 0.64404296875 0.7082111436950147 0.0322265625 0.06598240469208211
0 0.6875 0.7126099706744868 0.015625 0.03225806451612903
0 0.6708984375 0.6972140762463344 0.0234375 0.05278592375366569
0 0.677734375 0.7412023460410557 0.0283203125 0.03519061583577713
0 0.58056640625 0.7118768328445748 0.0517578125 0.06744868035190615
0 0.5224609375 0.7140762463343109 0.02734375 0.036656891495601175
0 0.50537109375 0.7353372434017595 0.02734375 0.05571847507331378
0 0.48388671875 0.6378299120234604 0.048828125 0.08797653958944282
0 0.5546875 0.6994134897360704 0.01171875 0.02932551319648094
0 0.5576171875 0.6517595307917888 0.02734375 0.03225806451612903
0 0.5068359375 0.6766862170087976 0.025390625 0.02932551319648094
0 0.5341796875 0.6766862170087976 0.021484375 0.02785923753665689
0 0.41845703125 0.6649560117302052 0.037109375 0.05865102639296188
0 0.4482421875 0.6884164222873901 0.05078125 0.07624633431085044
0 0.43408203125 0.7434017595307918 0.03125 0.04105571847507331
0 0.46484375 0.7448680351906158 0.02734375 0.0469208211143695
0 0.44482421875 0.9567448680351907 0.0419921875 0.07624633431085044
0 0.33447265625 0.9398826979472141 0.0380859375 0.051319648093841645
0 0.38623046875 0.8768328445747801 0.046875 0.06451612903225806
0 0.4775390625 0.905425219941349 0.0322265625 0.05278592375366569
0 0.49755859375 0.8658357771260997 0.0205078125 0.03812316715542522
0 0.5302734375 0.8892961876832844 0.017578125 0.06451612903225806
0 0.57958984375 0.8497067448680352 0.017578125 0.06744868035190615
0 0.55712890625 0.8563049853372434 0.025390625 0.05571847507331378
0 0.56201171875 0.8914956011730205 0.017578125 0.04105571847507331
0 0.59521484375 0.9699413489736071 0.03515625 0.05865102639296188
0 0.79541015625 0.8885630498533724 0.0732421875 0.10997067448680352
0 0.81005859375 0.781524926686217 0.048828125 0.07038123167155426
0 0.79638671875 0.8130498533724341 0.044921875 0.04985337243401759
0 0.7373046875 0.7697947214076246 0.048828125 0.06304985337243402
0 0.7578125 0.8049853372434017 0.0546875 0.09237536656891496
0 0.97119140625 0.8049853372434017 0.04296875 0.06158357771260997
0 0.92041015625 0.7030791788856305 0.048828125 0.05278592375366569
0 0.95751953125 0.5799120234604106 0.0703125 0.093841642228739
0 0.970703125 0.4538123167155425 0.05859375 0.0469208211143695
0 0.96484375 0.4934017595307918 0.0703125 0.039589442815249266
0 0.96142578125 0.14076246334310852 0.0771484375 0.08504398826979472
0 0.73583984375 0.5762463343108505 0.025390625 0.02932551319648094
0 0.6416015625 0.6334310850439883 0.0390625 0.045454545454545456
0 0.54833984375 0.5667155425219942 0.017578125 0.0469208211143695
0 0.57275390625 0.5806451612903226 0.044921875 0.08651026392961877
0 0.615234375 0.5769794721407625 0.0283203125 0.03812316715542522
0 0.65771484375 0.5652492668621701 0.03125 0.03812316715542522
0 0.6201171875 0.6107038123167156 0.0419921875 0.04105571847507331
0 0.52294921875 0.42888563049853373 0.044921875 0.06158357771260997
0 0.47265625 0.4281524926686217 0.056640625 0.05571847507331378
0 0.5126953125 0.2434017595307918 0.05078125 0.0747800586510264
0 0.564453125 0.2969208211143695 0.04296875 0.05571847507331378
0 0.87939453125 0.592375366568915 0.0478515625 0.03225806451612903
0 0.87060546875 0.5535190615835777 0.08203125 0.04838709677419355
0 0.8115234375 0.6187683284457478 0.0673828125 0.08797653958944282
0 0.76171875 0.4809384164222874 0.041015625 0.05571847507331378
0 0.787109375 0.5263929618768328 0.021484375 0.03225806451612903
0 0.88720703125 0.7969208211143695 0.0947265625 0.07624633431085044
0 0.68798828125 0.9494134897360704 0.0400390625 0.06744868035190615
0 0.65966796875 0.782991202346041 0.037109375 0.06744868035190615
0 0.65087890625 0.8401759530791789 0.03515625 0.06158357771260997
0 0.53076171875 0.8115835777126099 0.02734375 0.0689149560117302
0 0.4658203125 0.8145161290322581 0.025390625 0.0469208211143695
0 0.326171875 0.8394428152492669 0.046875 0.08357771260997067
0 0.2451171875 0.8636363636363636 0.046875 0.03812316715542522
0 0.25830078125 0.8269794721407625 0.04296875 0.036656891495601175
0 0.19677734375 0.9611436950146628 0.0439453125 0.05278592375366569
0 0.20263671875 0.9098240469208211 0.04296875 0.054252199413489736
0 0.1015625 0.9589442815249267 0.0234375 0.03519061583577713
0 0.09228515625 0.9171554252199413 0.037109375 0.045454545454545456
0 0.08203125 0.717741935483871 0.0751953125 0.05278592375366569
0 0.0615234375 0.5674486803519062 0.080078125 0.06158357771260997
0 0.37548828125 0.4222873900293255 0.03125 0.07038123167155426
0 0.341796875 0.41642228739002934 0.0302734375 0.0469208211143695
0 0.65087890625 0.30791788856304986 0.033203125 0.0469208211143695
0 0.68505859375 0.6378299120234604 0.0458984375 0.06158357771260997
0 0.7314453125 0.5395894428152492 0.0341796875 0.04398826979472141
0 0.75244140625 0.5205278592375366 0.029296875 0.04252199413489736
0 0.689453125 0.5256598240469208 0.0244140625 0.04105571847507331
0 0.72412109375 0.4963343108504399 0.025390625 0.02932551319648094
0 0.892578125 0.6473607038123167 0.060546875 0.06304985337243402
0 0.8837890625 0.7397360703812317 0.03515625 0.05571847507331378
0 0.98388671875 0.7434017595307918 0.0322265625 0.05571847507331378
0 0.97265625 0.9596774193548387 0.04296875 0.05718475073313783
0 0.767578125 0.9611436950146628 0.046875 0.06158357771260997
0 0.61279296875 0.8870967741935484 0.0458984375 0.06451612903225806
0 0.537109375 0.967741935483871 0.03125 0.05278592375366569
0 0.35791015625 0.9941348973607038 0.03125 0.011730205278592375
0 0.06494140625 0.9457478005865103 0.0400390625 0.04398826979472141
0 0.06298828125 0.8709677419354839 0.0390625 0.04105571847507331
0 0.33837890625 0.4574780058651026 0.0556640625 0.045454545454545456
0 0.2890625 0.4464809384164223 0.0341796875 0.04105571847507331
0 0.31298828125 0.5080645161290323 0.0517578125 0.04985337243401759
0 0.26513671875 0.4838709677419355 0.04296875 0.07624633431085044
0 0.45751953125 0.22580645161290322 0.029296875 0.04985337243401759
0 0.47412109375 0.20381231671554254 0.037109375 0.045454545454545456
0 0.4736328125 0.1627565982404692 0.041015625 0.03812316715542522
0 0.544921875 0.16715542521994134 0.021484375 0.08944281524926687
0 0.58935546875 0.2118768328445748 0.03515625 0.07771260997067449
0 0.6103515625 0.06671554252199413 0.0498046875 0.06744868035190615
0 0.71484375 0.13269794721407624 0.037109375 0.08064516129032258
0 0.7822265625 0.18475073313782991 0.0390625 0.0689149560117302
0 0.7177734375 0.4472140762463343 0.03125 0.04838709677419355
0 0.38525390625 0.7529325513196481 0.0380859375 0.060117302052785926
0 0.43701171875 0.8328445747800587 0.02734375 0.045454545454545456
0 0.50341796875 0.8049853372434017 0.02734375 0.06158357771260997
0 0.345703125 0.7463343108504399 0.04296875 0.06451612903225806
0 0.97265625 0.3409090909090909 0.0546875 0.11436950146627566
0 0.89794921875 0.4897360703812317 0.0830078125 0.08504398826979472
0 0.35107421875 0.31158357771260997 0.03515625 0.07038123167155426
0 0.45751953125 0.375366568914956 0.037109375 0.0469208211143695
0 0.537109375 0.3277126099706745 0.0234375 0.04985337243401759
0 0.87060546875 0.25733137829912023 0.0517578125 0.04105571847507331
0 0.517578125 0.09237536656891496 0.03125 0.07917888563049853