0 0.83135444921875 0.6465839941348973 0.771549130859375 0.611959659824047 0.7636618779296875 0.6565081568914956 0.830576322265625 0.7135176217008797 0.83135444921875 0.6465839941348973
0 0.830104728515625 0.7540836319648093 0.773104890625 0.6986233768328446 0.768638853515625 0.7244932360703812 0.829925310546875 0.7695170410557184 0.830104728515625 0.7540836319648093
0 0.8297736953125 0.7825588225806451 0.7921907451171875 0.7381039428152493 0.783661359375 0.7552049926686217 0.8295675244140625 0.8002933519061584 0.8297736953125 0.7825588225806451
0 0.8295723876953125 0.7998750293255132 0.7925852822265625 0.7592887536656892 0.7891752509765625 0.7770052243401759 0.8289728916015625 0.8514430938416422 0.8295723876953125 0.7998750293255132
0 0.829668103515625 0.7916416524926685 0.8081573974609375 0.7702841539589443 0.805758626953125 0.7836959442815249 0.8294728173828125 0.8084399941348974 0.829668103515625 0.7916416524926685
0 0.8289459443359375 0.8537610190615835 0.8167029033203125 0.8257220806451613 0.8053574677734375 0.8457652272727272 0.828490458984375 0.8929413812316717 0.8289459443359375 0.8537610190615835
0 0.6304177265625 0.6013809149560116 0.713294474609375 0.7209752038123167 0.73463321484375 0.6493486759530792 0.6369286728515625 0.5649774134897361 0.6304177265625 0.6013809149560116
0 0.7158371416015625 0.6676243651026393 0.7070281123046875 0.7087800263929619 0.78266759765625 0.7986250806451612 0.7980422578125 0.7347460307917888 0.7158371416015625 0.6676243651026393
0 0.44775390625 0.2529325513196481 0.0791015625 0.15102639296187684
0 0.4581865419921875 0.09531736656891496 0.499315263671875 0.19553042082111435 0.509651876953125 0.19034309970674487 0.5039501240234375 0.0724548064516129 0.4581865419921875 0.09531736656891496
0 0.5236601484375 0.2032627331378299 0.558543912109375 0.06894889442815248 0.52216846875 0.055964612903225804 0.511645125 0.20071851906158358 0.5236601484375 0.2032627331378299
0 0.1727541337890625 0 0.1721709375 0.05016594574780059 0.2532018818359375 0.12376778005865104 0.2639391611328125 0.09734751612903227 0.1781643310546875 0 0.1727541337890625 0
0 0.204178052734375 0 0.25231417578125 0.0517796715542522 0.2550552939453125 0.036298 0.22961819921875 0 0.204178052734375 0
0 0.172754134765625 0 0.172631861328125 0.010517803519061585 0.248403775390625 0.06994127419354838 0.2504199619140625 0.04916996920821114 0.2069455927734375 0 0.172754134765625 0
0 0.2493233994140625 0 0.2510488291015625 0.04807952199413489 0.34416776171875 0.10580289002932552 0.3548865439453125 0.07341910263929619 0.3030113369140625 0 0.2493233994140625 0
0 0.39574699609375 0 0.4199923056640625 0.08396739002932552 0.43718146875 0.07165329325513196 0.420174708984375 0 0.39574699609375 0
0 0.5489735791015625 0.19705700879765395 0.6113428857421875 0.002841931085043988 0.57009170703125 0.0017608123167155425 0.52463005859375 0.19641900879765395 0.5489735791015625 0.19705700879765395
0 0.53069960546875 0.10959440762463343 0.55953133984375 0.0014840454545454545 0.51917691015625 0.0004264281524926687 0.518146376953125 0.09606892082111436 0.53069960546875 0.10959440762463343
0 0.6152962138671875 0.17576936363636364 0.7044071376953125 0.005280978005865103 0.6600631875 0.004118802052785924 0.60350341015625 0.1634214193548387 0.6152962138671875 0.17576936363636364
0 0.629859287109375 0.20271488269794724 0.6522880927734375 0.23025206744868038 0.7805746494140625 0.026681596774193548 0.7656385537109375 0.006885741935483871 0.7104554130859375 0.005439491202346041 0.629859287109375 0.20271488269794724
0 0.623662076171875 0.1568029237536657 0.6410440224609375 0.16585695601173023 0.720310994140625 0.04473726686217008 0.7105747197265625 0.005442618768328446 0.7028882353515625 0.00524117008797654 0.623662076171875 0.1568029237536657
0 0.609528396484375 0.06772131818181817 0.629561828125 0.00331941642228739 0.60453302734375 0.002663457478005865 0.5925705810546875 0.05831490469208211 0.609528396484375 0.06772131818181817
0 0.6313165634765625 0.09524171260997068 0.66265162890625 0.0041866407624633435 0.63962994140625 0.003583284457478006 0.623528341796875 0.07739033870967742 0.6313165634765625 0.09524171260997068
0 0.4798433955078125 0 0.517841828125 0.1222659340175953 0.513008666015625 0.00026476979472140765 0.502906111328125 0 0.4798433955078125 0
0 0.3346500302734375 0 0.3630276044921875 0.07453353958944281 0.365959091796875 0.07023838123167156 0.3762761005859375 0.0647339017595308 0.3609364306640625 0 0.3346500302734375 0
0 0.8336189453125 0.4517944706744868 0.6757814853515625 0.420356711143695 0.6768492138671875 0.4559963768328446 0.833059189453125 0.499944068914956 0.8336189453125 0.4517944706744868
0 0.8324094833984375 0.5558310674486804 0.74598380859375 0.5109654501466275 0.749801072265625 0.5409022815249267 0.8319629091796875 0.5942449472140763 0.8324094833984375 0.5558310674486804
0 0.83514047265625 0.3209142653958944 0.7059348974609375 0.35828952346041054 0.7109551064453125 0.3949951876832844 0.83409455078125 0.4108833108504399 0.83514047265625 0.3209142653958944
0 0.83626526953125 0.22416039442815247 0.75324128515625 0.28326424926686217 0.76118744921875 0.32796037390029326 0.8352979560546875 0.3073676759530792 0.83626526953125 0.22416039442815247
0 0.62102746875 0.2655139560117302 0.642984931640625 0.3060322419354839 0.7547851552734375 0.22522680351906157 0.7339605029296875 0.14238921847507333 0.62102746875 0.2655139560117302
0 0.75244962109375 0.3101408211143695 0.75155276953125 0.24948123167155425 0.6380081416015625 0.2874107096774194 0.63967719140625 0.3247758093841642 0.75244962109375 0.3101408211143695
0 0.6289047265625 0.3270882302052786 0.628552376953125 0.3573969882697947 0.72756158203125 0.357104417888563 0.7275138037109375 0.3060918592375367 0.6289047265625 0.3270882302052786
0 0.629795822265625 0.2002952873900293 0.6535002626953125 0.22834715689149562 0.7334134404296875 0.10676319794721408 0.7044483310546875 0.06269257917888563 0.629795822265625 0.2002952873900293
0 0.7927456572265625 0.00759617008797654 0.6662185107421875 0.2149773768328446 0.6825782060546876 0.240911788856305 0.8382283447265625 0.05529878299120234 0.8386610048828125 0.018081810850439882 0.83360937890625 0.008667134897360705 0.7927456572265625 0.00759617008797654
0 0.6975015703125 0.19819214809384164 0.706095529296875 0.23066038856304985 0.81581760546875 0.17454442521994135 0.7940332255859375 0.10784302492668621 0.6975015703125 0.19819214809384164
0 0.463133697265625 0 0.4870646474609375 0.07887153079178887 0.5141958662109375 0.08776365542521994 0.5082092939453124 0.00013898680351906158 0.5029061123046875 0 0.463133697265625 0
0 0.703125 0.8702346041055719 0.056640625 0.1348973607038123