0 0.90234375 0.9736070381231672 0.046875 0.03372434017595308
0 0.91650390625 0.9398826979472141 0.0341796875 0.02932551319648094
0 0.9814453125 0.7236070381231672 0.0234375 0.04105571847507331
0 0.96142578125 0.7001466275659824 0.03125 0.039589442815249266
0 0.96826171875 0.6385630498533724 0.0498046875 0.06598240469208211
0 0.966796875 0.5586510263929618 0.0478515625 0.07624633431085044
0 0.912109375 0.9046920821114369 0.048828125 0.051319648093841645
0 0.955078125 0.7734604105571847 0.02734375 0.03519061583577713
0 0.935546875 0.8394428152492669 0.0615234375 0.10410557184750734
0 0.84228515625 0.03812316715542522 0.0458984375 0.051319648093841645
0 0.97998046875 0.013196480938416423 0.0283203125 0.026392961876832845
0 0.9326171875 0.036656891495601175 0.0595703125 0.06598240469208211
0 0.96044921875 0.29838709677419356 0.0419921875 0.07624633431085044
0 0.8837890625 0.156158357771261 0.046875 0.05865102639296188