0 0.7158203125 0.2280058651026393 0.0458984375 0.0747800586510264
0 0.802734375 0.10043988269794721 0.0390625 0.04252199413489736
0 0.548828125 0.23826979472140764 0.0546875 0.09824046920821114
0 0.5986328125 0.1436950146627566 0.05078125 0.093841642228739
0 0.818359375 0.5425219941348973 0.0263671875 0.0469208211143695
0 0.79296875 0.5615835777126099 0.033203125 0.0469208211143695
0 0.78076171875 0.6326979472140762 0.0400390625 0.06451612903225806
0 0.818359375 0.6019061583577713 0.0283203125 0.07771260997067449
0 0.814453125 0.39296187683284456 0.041015625 0.07771260997067449
0 0.69677734375 0.3218475073313783 0.0595703125 0.10117302052785923
0 0.74755859375 0.6972140762463344 0.0517578125 0.0689149560117302
0 0.64013671875 0.026392961876832845 0.0556640625 0.0469208211143695
0 0.66064453125 0.0747800586510264 0.0595703125 0.0747800586510264
0 0.8056640625 0.2727272727272727 0.0615234375 0.0689149560117302
0 0.80078125 0.9633431085043989 0.0546875 0.07331378299120235
0 0.80126953125 0.7983870967741935 0.0458984375 0.07624633431085044
0 0.81884765625 0.717008797653959 0.0244140625 0.07624633431085044
0 0.8017578125 0.6656891495601173 0.0341796875 0.04985337243401759
0 0.681640625 0.1656891495601173 0.0732421875 0.09237536656891496
0 0.78515625 0.20454545454545456 0.0478515625 0.054252199413489736
0 0.68359375 0.9567448680351907 0.056640625 0.06744868035190615
0 0.73828125 0.5344574780058651 0.0634765625 0.07624633431085044