0 0.0947265625 0.7947214076246334 0.052734375 0.09017595307917889
0 0.052734375 0.7683284457478006 0.0458984375 0.0469208211143695
0 0.0361328125 0.7148093841642229 0.03662109375 0.03812316715542522
0 0.0439453125 0.6781524926686217 0.021484375 0.021994134897360705
0 0.015625 0.6539589442815249 0.03125 0.06378299120234604
0 0.06982421875 0.9281524926686217 0.05908203125 0.06085043988269795
0 0.70556640625 0.8387096774193549 0.06103515625 0.07917888563049853
0 0.66162109375 0.7587976539589443 0.05908203125 0.07917888563049853
0 0.9248046875 0.8856304985337243 0.0673828125 0.09457478005865103
0 0.6142578125 0.9618768328445748 0.05322265625 0.07624633431085044
0 0.84912109375 0.8629032258064516 0.03515625 0.06451612903225806
0 0.82861328125 0.9516129032258065 0.03369140625 0.053519061583577714
0 0.01904296875 0.9171554252199413 0.03759765625 0.07038123167155426
0 0.9462890625 0.7082111436950147 0.05859375 0.06598240469208211
0 0.984375 0.655425219941349 0.03125 0.07331378299120235
0 0.21630859375 0.9508797653958945 0.05615234375 0.06818181818181818
0 0.71240234375 0.9252199413489736 0.0546875 0.07258064516129033
0 0.76318359375 0.9105571847507331 0.037109375 0.10043988269794721
0 0.80517578125 0.8804985337243402 0.052734375 0.07844574780058651
0 0.8662109375 0.8137829912023461 0.046875 0.07551319648093842
0 0.56640625 0.9728739002932552 0.04736328125 0.053519061583577714
0 0.1474609375 0.8291788856304986 0.0400390625 0.047653958944281524
0 0.1787109375 0.9090909090909091 0.04443359375 0.06964809384164222