0 0.18994140625 0.1627565982404692 0.052734375 0.0747800586510264
0 0.228515625 0.24633431085043989 0.0634765625 0.0747800586510264
0 0.8671875 0.2829912023460411 0.046875 0.05718475073313783
0 0.88671875 0.3387096774193548 0.0361328125 0.05791788856304985
0 0.9091796875 0.40982404692082114 0.05712890625 0.08064516129032258
0 0.95751953125 0.49853372434017595 0.046875 0.0747800586510264
0 0.91796875 0.1217008797653959 0.0400390625 0.0718475073313783
0 0.873046875 0.10557184750733138 0.04345703125 0.05278592375366569
0 0.8447265625 0.02126099706744868 0.03515625 0.041788856304985335
0 0.056640625 0.1217008797653959 0.025390625 0.04472140762463343
0 0.28369140625 0.0373900293255132 0.046875 0.07404692082111437
0 0.193359375 0.07917888563049853 0.0517578125 0.07038123167155426
0 0.90478515625 0.0373900293255132 0.05029296875 0.06598240469208211
0 0.822265625 0.2470674486803519 0.0546875 0.09897360703812316
0 0.7666015625 0.20967741935483872 0.046875 0.062316715542521994
0 0.70361328125 0.062316715542521994 0.0458984375 0.05791788856304985
0 0.14404296875 0.09604105571847507 0.04736328125 0.07331378299120235
0 0.10888671875 0.11803519061583578 0.04736328125 0.06085043988269795
0 0.0439453125 0.17302052785923755 0.04736328125 0.07331378299120235
0 0.08837890625 0.041788856304985335 0.0361328125 0.05278592375366569
0 0.4287109375 0.02126099706744868 0.0361328125 0.04252199413489736