0 0.91552734375 0.8988269794721407 0.0615234375 0.10410557184750734
0 0.962890625 0.8702346041055719 0.0537109375 0.054252199413489736
0 0.9794921875 0.8093841642228738 0.03515625 0.04398826979472141
0 0.97412109375 0.7683284457478006 0.0244140625 0.024926686217008796
0 0.99267578125 0.7419354838709677 0.0087890625 0.0718475073313783
0 0.22314453125 0.9303519061583577 0.0703125 0.09090909090909091
0 0.27392578125 0.841642228739003 0.068359375 0.09090909090909091
0 0.06005859375 0.9523460410557185 0.041015625 0.0718475073313783
0 0.158203125 0.9721407624633431 0.0419921875 0.039589442815249266
0 0.1103515625 0.9604105571847508 0.060546875 0.060117302052785926
0 0.041015625 0.8980938416422287 0.0546875 0.08651026392961877
0 0.85546875 0.9369501466275659 0.0458984375 0.054252199413489736
0 0.818359375 0.9926686217008798 0.05078125 0.01466275659824047