0 0.2646484375 0.5043988269794721 0.16796875 0.09970674486803519
0 0.2734375 0.6920821114369502 0.1357421875 0.10263929618768329
0 0.32763671875 0.9120234604105572 0.1708984375 0.17595307917888564
0 0.21044921875 0.9772727272727273 0.0615234375 0.045454545454545456
0 0.203125 0.8533724340175953 0.072265625 0.15835777126099707
0 0.2646484375 0.38269794721407624 0.171875 0.08797653958944282
0 0.44287109375 0.21041055718475074 0.22265625 0.1187683284457478
0 0.24755859375 0.1942815249266862 0.158203125 0.11290322580645161
0 0.79931640625 0.36950146627565983 0.0673828125 0.22287390029325513
0 0.45654296875 0.07771260997067449 0.15625 0.08211143695014662
0 0.322265625 0.03152492668621701 0.232421875 0.06304985337243402
0 0.7158203125 0.08284457478005865 0.234375 0.1656891495601173