0 0.396484375 0.39222873900293254 0.103515625 0.1598240469208211
0 0.67236328125 0.5124633431085044 0.1259765625 0.23607038123167157
0 0.81494140625 0.5153958944281525 0.171875 0.24486803519061584
0 0.4208984375 0.5879765395894428 0.205078125 0.23900293255131966
0 0.46826171875 0.39002932551319647 0.103515625 0.12023460410557185
0 0.5537109375 0.2727272727272727 0.1162109375 0.1436950146627566
0 0.25634765625 0.09457478005865103 0.099609375 0.16862170087976538
0 0.52734375 0.053519061583577714 0.12890625 0.10557184750733138
0 0.8984375 0.13416422287390029 0.203125 0.2668621700879765
0 0.732421875 0.02785923753665689 0.111328125 0.05571847507331378
0 0.140625 0.5051319648093842 0.28125 0.5131964809384164
0 0.95263671875 0.5997067448680352 0.0947265625 0.1935483870967742
0 0.61767578125 0.40542521994134895 0.12109375 0.14076246334310852
0 0.58154296875 0.6099706744868035 0.0703125 0.06158357771260997
0 0.58447265625 0.5491202346041055 0.109375 0.17302052785923755
0 0.3525390625 0.10703812316715543 0.1396484375 0.21407624633431085
0 0.14050062109375 0.37966008651026395 0.1652382431640625 0.37223159970674485 0.1714226201171875 0.11037641642228738 0.1066568056640625 0.11757609090909091 0.14050062109375 0.37966008651026395
0 0.13623046875 0.05205278592375367 0.1083984375 0.10410557184750734
0 0.06103515625 0.30718475073313783 0.1220703125 0.3680351906158358
0 0.03515625 0.056451612903225805 0.0703125 0.11290322580645161
0 0.1689488916015625 0.4149455938416422 0.2011078115234375 0.4149455938416422 0.240688142578125 0.12151919061583577 0.1602906728515625 0.11037641642228738 0.1689488916015625 0.4149455938416422