0 0.36474609375 0.07258064516129033 0.29296875 0.14516129032258066
0 0.4091796875 0.2595307917888563 0.21875 0.30791788856304986
0 0.4443359375 0.5410557184750733 0.322265625 0.5029325513196481
0 0.623046875 0.0344574780058651 0.20703125 0.0689149560117302
0 0.58935546875 0.14589442815249268 0.1435546875 0.2756598240469208
0 0.80517578125 0.11436950146627566 0.2685546875 0.2287390029325513
0 0.96923828125 0.12683284457478006 0.0556640625 0.2536656891495601
0 0.9208984375 0.49266862170087977 0.158203125 0.5806451612903226
0 0.7568359375 0.4178885630498534 0.306640625 0.4868035190615836
0 0.7236328125 0.751466275659824 0.21484375 0.33284457478005863
0 0.52978515625 0.8841642228739003 0.2080078125 0.2316715542521994
0 0.85205078125 0.8695014662756598 0.2958984375 0.24926686217008798