0 0.71240234375 0.9538123167155426 0.2197265625 0.09237536656891496
0 0.38671875 0.8020527859237536 0.17578125 0.2873900293255132
0 0.70458984375 0.6275659824046921 0.228515625 0.2961876832844575
0 0.7314453125 0.8335777126099707 0.203125 0.2903225806451613
0 0.2861328125 0.8885630498533724 0.23828125 0.22287390029325513
0 0.3583984375 0.48826979472140764 0.208984375 0.28885630498533726
0 0.20703125 0.35410557184750735 0.080078125 0.36950146627565983
0 0.482421875 0.09457478005865103 0.220703125 0.18914956011730205
0 0.556640625 0.36070381231671556 0.2265625 0.24780058651026393
0 0.716796875 0.17008797653958943 0.232421875 0.34017595307917886
0 0.3173828125 0.22653958944281524 0.21484375 0.3196480938416422
0 0.29052734375 0.03519061583577713 0.2470703125 0.07038123167155426