0 0.30908203125 0.45527859237536655 0.267578125 0.40762463343108507
0 0.46484375 0.40689149560117305 0.173828125 0.2991202346041056
0 0.68505859375 0.39222873900293254 0.2275390625 0.35777126099706746
0 0.6044921875 0.6620234604105572 0.123046875 0.1656891495601173
0 0.71484375 0.6598240469208211 0.10546875 0.14076246334310852
0 0.8017578125 0.5256598240469208 0.0625 0.18035190615835778
0 0.77197265625 0.27712609970674484 0.1220703125 0.30498533724340177
0 0.380859375 0.8453079178885631 0.248046875 0.3093841642228739
0 0.2265625 0.8577712609970675 0.119140625 0.2844574780058651
0 0.6240234375 0.8936950146627566 0.197265625 0.2126099706744868
0 0.7998046875 0.6986803519061584 0.06640625 0.1774193548387097
0 0.78271484375 0.8812316715542522 0.1005859375 0.2375366568914956