0 0.2646484375 0.6143695014662757 0.1298828125 0.23460410557184752
0 0.63720703125 0.876099706744868 0.1650390625 0.24486803519061584
0 0.52880859375 0.39296187683284456 0.1171875 0.15689149560117302
0 0.6796875 0.4413489736070381 0.1875 0.3563049853372434
0 0.54443359375 0.5278592375366569 0.111328125 0.17302052785923755
0 0.60791015625 0.7639296187683284 0.15234375 0.20967741935483872
0 0.61962890625 0.6612903225806451 0.0771484375 0.09530791788856305
0 0.22998046875 0.8240469208211144 0.12109375 0.22580645161290322
0 0.3515625 0.9831378299120235 0.0859375 0.03372434017595308
0 0.59716796875 0.1217008797653959 0.1533203125 0.2434017595307918
0 0.73583984375 0.11363636363636363 0.0947265625 0.22727272727272727
0 0.3406981474609375 0.014757629032258064 0.3559712978515625 0.15546498387096774 0.5246167529296875 0.0683162624633431 0.5293940732421875 0.001472558651026393 0.3406981474609375 0.014757629032258064
0 0.1636561259765625 0.2173989706744868 0.381675337890625 0.19507478299120234 0.384531416015625 0.08241235630498533 0.2626723232421875 0.006143765395894428 0.1612311181640625 0.008802356304985336 0.1636561259765625 0.2173989706744868
0 0.18212890625 0.28519061583577715 0.0361328125 0.11290322580645161