0 0.94091796875 0.9765395894428153 0.1064453125 0.0469208211143695
0 0.83984375 0.9523460410557185 0.0625 0.08357771260997067
0 0.33837890625 0.2939882697947214 0.216796875 0.17008797653958943
0 0.11181640625 0.23607038123167157 0.0966796875 0.1436950146627566
0 0.08251953125 0.056451612903225805 0.1552734375 0.11290322580645161
0 0.02783203125 0.2001466275659824 0.05078125 0.19208211143695014
0 0.4072265625 0.09970674486803519 0.146484375 0.19941348973607037
0 0.2373046875 0.09824046920821114 0.154296875 0.19648093841642228
0 0.6044921875 0.11143695014662756 0.216796875 0.22287390029325513
0 0.81591796875 0.07991202346041056 0.2392578125 0.1495601173020528
0 0.95947265625 0.07697947214076246 0.0810546875 0.13343108504398826