0 0.5625 0.5586510263929618 0.2021484375 0.22580645161290322
0 0.33642578125 0.8401759530791789 0.1904296875 0.3196480938416422
0 0.474609375 0.8687683284457478 0.1513671875 0.24633431085043989
0 0.5947265625 0.7478005865102639 0.154296875 0.18914956011730205
0 0.6328125 0.8225806451612904 0.15234375 0.15689149560117302
0 0.68896484375 0.9391495601173021 0.1279296875 0.11436950146627566
0 0.787109375 0.906158357771261 0.11328125 0.1348973607038123
0 0.70361328125 0.3548387096774194 0.244140625 0.3489736070381232
0 0.779296875 0.47287390029325516 0.0751953125 0.1187683284457478
0 0.05517578125 0.8614369501466276 0.1044921875 0.27712609970674484
0 0.15185546875 0.8057184750733137 0.150390625 0.1656891495601173
0 0.0966796875 0.591642228739003 0.193359375 0.22727272727272727
0 0.203125 0.6495601173020528 0.1171875 0.13049853372434017
0 0.0380859375 0.21627565982404692 0.076171875 0.1187683284457478
0 0.0390625 0.053519061583577714 0.078125 0.08651026392961877
0 0.0244140625 0.36730205278592376 0.048828125 0.14222873900293256
0 1 0.7495772404692083 0.88421015625 0.6687282961876833 0.838722880859375 0.8214656466275659 1 0.9235434149560118 1 0.7495772404692083
0 0.78857421875 0.6649560117302052 0.19140625 0.2287390029325513
0 0.79052734375 0.018328445747800588 0.1201171875 0.036656891495601175
0 0.9365234375 0.030791788856304986 0.1171875 0.06158357771260997
0 0.91650390625 0.37976539589442815 0.1669921875 0.218475073313783
0 0.82080078125 0.15469208211143695 0.19140625 0.23607038123167157
0 0.9609375 0.1429618768328446 0.0732421875 0.2536656891495601