0 0.96044921875 0.7646627565982405 0.0791015625 0.15395894428152493
0 0.96728515625 0.9252199413489736 0.0654296875 0.1495601173020528
0 0.84716796875 0.9281524926686217 0.23095703125 0.1436950146627566
0 0.68212890625 0.9772727272727273 0.0908203125 0.045454545454545456
0 0.66455078125 0.9010263929618768 0.0556640625 0.10117302052785923
0 0.67919921875 0.11363636363636363 0.12255859375 0.218475073313783
0 0.23876953125 0.32111436950146627 0.123046875 0.11656891495601172
0 0.0712890625 0.0872434017595308 0.130859375 0.1744868035190616
0 0.34423828125 0.17008797653958943 0.0908203125 0.22067448680351906
0 0.5048828125 0.13196480938416422 0.18310546875 0.24266862170087977
0 0.203125 0.14736070381231672 0.13232421875 0.17228739002932553
0 0.03515625 0.2859237536656892 0.06982421875 0.1598240469208211