0 0.77978515625 0.4252199413489736 0.1708984375 0.23900293255131966
0 0.95849609375 0.09017595307917889 0.0830078125 0.1598240469208211
0 0.81884765625 0.12390029325513197 0.1904296875 0.23607038123167157
0 0.57861328125 0.34017595307917886 0.1708984375 0.27419354838709675
0 0.47265625 0.593841642228739 0.19921875 0.18475073313782991
0 0.382210515625 0.5301339838709678 0.480748826171875 0.3337257316715543 0.310561548828125 0.1340291524926686 0.221266720703125 0.18049798973607037 0.28344198828125 0.5313000117302052 0.382210515625 0.5301339838709678
0 0 0.5986103167155425 0.1644602060546875 0.5507089736070382 0.0025844931640625 0.27113310703812316 0 0.49344843548387096 0 0.5986103167155425
0 0.031049623046875 0.2643591862170088 0.0803108466796875 0.47716722140762463 0.25009325390625 0.4966351129032258 0.2084863408203125 0.20456753958944282 0.0577982568359375 0.15556375953079177 0.031049623046875 0.2643591862170088
0 0.2373046875 0.5073313782991202 0.16015625 0.20381231671554254
0 0.04345703125 0.15689149560117302 0.080078125 0.14076246334310852
0 0.583984375 0.07331378299120235 0.171875 0.14516129032258066
0 0.2958984375 0.09604105571847507 0.20703125 0.19208211143695014
0 0.080078125 0.07038123167155426 0.15234375 0.14076246334310852
0 0.48681640625 0.15249266862170088 0.1337890625 0.22287390029325513