0 0.47265625 0.2126099706744868 0.2783203125 0.41055718475073316
0 0.43701171875 0.4464809384164223 0.2041015625 0.2668621700879765
0 0.42333984375 0.7785923753665689 0.244140625 0.3489736070381232
0 0.60546875 0.6620234604105572 0.11328125 0.18914956011730205
0 0.60205078125 0.8284457478005866 0.09765625 0.16129032258064516
0 0.51123046875 0.9538123167155426 0.1220703125 0.09237536656891496
0 0.3447265625 0.906158357771261 0.2060546875 0.18621700879765396
0 0.77490234375 0.3291788856304985 0.296875 0.3812316715542522
0 0.75830078125 0.09530791788856305 0.220703125 0.18328445747800587
0 0.8251953125 0.6979472140762464 0.2744140625 0.3035190615835777
0 0.62646484375 0.9523460410557185 0.1201171875 0.09530791788856305
0 0.76171875 0.9281524926686217 0.1875 0.1436950146627566
0 0.91015625 0.9274193548387096 0.171875 0.14516129032258066
0 0.94287109375 0.18621700879765396 0.1142578125 0.3519061583577713
0 0.9423828125 0.45454545454545453 0.115234375 0.18181818181818182
0 0.96435546875 0.6994134897360704 0.0703125 0.3093841642228739