0 0.58642578125 0.33724340175953077 0.2626953125 0.4501466275659824
0 0.625 0.05498533724340176 0.1171875 0.10703812316715543
0 0.75634765625 0.9464809384164223 0.0869140625 0.10703812316715543
0 0.8037109375 0.9626099706744868 0.048828125 0.0747800586510264
0 0.708984375 0.7881231671554252 0.1640625 0.37390029325513197
0 0.80322265625 0.7771260997067448 0.0556640625 0.2375366568914956
0 0.76513671875 0.4772727272727273 0.123046875 0.17302052785923755
0 0.6064453125 0.7917888563049853 0.1708984375 0.10410557184750734
0 0.60009765625 0.6898826979472141 0.1630859375 0.09237536656891496
0 0.76953125 0.23460410557184752 0.1357421875 0.25219941348973607
0 0.7666015625 0.054252199413489736 0.14453125 0.09970674486803519