0 0.5703125 0.6268328445747801 0.134765625 0.2844574780058651
0 0.7197265625 0.6202346041055719 0.107421875 0.14076246334310852
0 0.67724609375 0.7866568914956011 0.15625 0.22140762463343108
0 0.82421875 0.3812316715542522 0.017578125 0.1935483870967742
0 0.8037109375 0.5689149560117303 0.05859375 0.21994134897360704
0 0.8017578125 0.843108504398827 0.0625 0.31378299120234604
0 0.26171875 0.9252199413489736 0.189453125 0.1495601173020528
0 0.220703125 0.8240469208211144 0.107421875 0.18914956011730205
0 0.22119140625 0.5989736070381232 0.1083984375 0.250733137829912
0 0.27880859375 0.4156891495601173 0.22265625 0.26392961876832843
0 0.2177734375 0.12756598240469208 0.1015625 0.25513196480938416
0 0.46044921875 0.7881231671554252 0.1533203125 0.4237536656891496