0 0.56396484375 0.051319648093841645 0.2255859375 0.10263929618768329
0 0.7705078125 0.07624633431085044 0.125 0.15249266862170088
0 0.66796875 0.16788856304985336 0.1533203125 0.2624633431085044
0 0.5498046875 0.36950146627565983 0.2119140625 0.25806451612903225
0 0.455078125 0.24780058651026393 0.140625 0.2727272727272727
0 0.34033203125 0.9134897360703812 0.1650390625 0.17302052785923755
0 0.72509765625 0.9208211143695014 0.2041015625 0.15835777126099707
0 0.77783203125 0.7844574780058651 0.1103515625 0.2316715542521994
0 0.63818359375 0.6598240469208211 0.154296875 0.2624633431085044
0 0.75048828125 0.4002932551319648 0.1650390625 0.2155425219941349
0 0.43701171875 0.6004398826979472 0.1552734375 0.25219941348973607
0 0.4814453125 0.8475073313782991 0.1640625 0.30498533724340177
0 0.2998046875 0.7074780058651027 0.1416015625 0.25513196480938416
0 0.20703125 0.8995601173020528 0.0693359375 0.1378299120234604
0 0.78857421875 0.6114369501466276 0.0888671875 0.1656891495601173
0 0.79541015625 0.2316715542521994 0.0751953125 0.0967741935483871