0 0.86328125 0.7543988269794721 0.1748046875 0.2829912023460411
0 0.6943359375 0.7925219941348973 0.11328125 0.28005865102639294
0 0.6279296875 0.7067448680351907 0.1171875 0.33284457478005863
0 0.42236328125 0.7727272727272727 0.25390625 0.41055718475073316
0 0.13330078125 0.6788856304985337 0.2666015625 0.5645161290322581
0 0.17822265625 0.748533724340176 0.1953125 0.31671554252199413
0 0.9423828125 0.8027859237536656 0.115234375 0.31378299120234604
0 0.8984375 0.156158357771261 0.1435546875 0.25806451612903225
0 0.9453125 0.2287390029325513 0.109375 0.4574780058651026
0 0.61865234375 0.18914956011730205 0.2041015625 0.3782991202346041
0 0.43359375 0.16055718475073313 0.1201171875 0.3196480938416422
0 0.12646484375 0.1282991202346041 0.1806640625 0.2565982404692082
0 0.26171875 0.04398826979472141 0.150390625 0.08797653958944282