0 0.4560546875 0.36656891495601174 0.130859375 0.25513196480938416
0 0.819402958984375 1 0.8330078125 0.9778047390029326 0.8330078125 0.9705522287390029 0.7655554189453125 0.7474924736070382 0.705116166015625 0.8427300513196481 0.778488015625 1 0.819402958984375 1
0 0.68115234375 0.8834310850439883 0.091796875 0.15835777126099707
0 0.72119140625 0.7529325513196481 0.068359375 0.12463343108504399
0 0.79296875 0.21041055718475074 0.080078125 0.21114369501466276
0 0.6259765625 0.9626099706744868 0.05859375 0.0747800586510264
0 0.56982421875 0.9655425219941349 0.0751953125 0.0689149560117302
0 0.56689453125 0.7910557184750733 0.07421875 0.15102639296187684
0 0.72802734375 0.9728739002932552 0.0908203125 0.054252199413489736
0 0.77978515625 0.5857771260997068 0.1064453125 0.32697947214076245
0 0.71923828125 0.5102639296187683 0.0947265625 0.15835777126099707
0 0.52685546875 0.11363636363636363 0.1611328125 0.22727272727272727
0 0.62255859375 0.34750733137829914 0.154296875 0.2844574780058651
0 0.66845703125 0.12316715542521994 0.1318359375 0.24633431085043989
0 0.54833984375 0.6451612903225806 0.123046875 0.19648093841642228
0 0.3935546875 0.18841642228739003 0.126953125 0.26099706744868034
0 0.6767578125 0.6195014662756598 0.0869140625 0.11436950146627566