0 0.693359375 0.03372434017595308 0.177734375 0.06744868035190615
0 0.7177734375 0.1840175953079179 0.17578125 0.16129032258064516
0 0.6640625 0.2785923753665689 0.208984375 0.1656891495601173
0 0.70458984375 0.5696480938416423 0.2568359375 0.3592375366568915
0 0.646484375 0.8951612903225806 0.35546875 0.20967741935483872
0 0.689453125 0.8885630498533724 0.19921875 0.22287390029325513
0 0.3173828125 0.29178885630498536 0.279296875 0.28885630498533726
0 0.17822265625 0.18621700879765396 0.00390625 0.004398826979472141
0 0.2939453125 0.5542521994134897 0.25390625 0.17008797653958943
0 0.27392578125 0.9303519061583577 0.2138671875 0.13929618768328444
0 0.220703125 0.7969208211143695 0.107421875 0.21407624633431085