0 0.974609375 0.23093841642228738 0.046875 0.1627565982404692
0 0.9794921875 0.07038123167155426 0.033203125 0.14076246334310852
0 0.8720703125 0.07038123167155426 0.24609375 0.14076246334310852
0 0.69775390625 0.019794721407624633 0.0966796875 0.039589442815249266
0 0.67919921875 0.09530791788856305 0.0595703125 0.10850439882697947
0 0.705078125 0.9024926686217009 0.130859375 0.187683284457478
0 0.23779296875 0.718475073313783 0.130859375 0.12609970674486803
0 0.06884765625 0.9376832844574781 0.1298828125 0.12463343108504399
0 0.35107421875 0.874633431085044 0.0986328125 0.23607038123167157
0 0.52001953125 0.8900293255131965 0.1962890625 0.21994134897360704
0 0.2021484375 0.9024926686217009 0.1416015625 0.18475073313782991
0 0.03173828125 0.7617302052785924 0.0595703125 0.16862170087976538