0 0.69384765625 0.8277126099706745 0.2490234375 0.2844574780058651
0 0.541015625 0.9090909090909091 0.28125 0.18181818181818182
0 0.42919921875 0.9428152492668622 0.3076171875 0.11436950146627566
0 0.4765625 0.6737536656891495 0.189453125 0.29765395894428154
0 0.68994140625 0.5131964809384164 0.2705078125 0.26392961876832843
0 0.51171875 0.3519061583577713 0.2138671875 0.2859237536656892
0 0.32177734375 0.27785923753665687 0.181640625 0.22727272727272727
0 0.32373046875 0.0872434017595308 0.3056640625 0.1744868035190616
0 0.18701171875 0.1466275659824047 0.0341796875 0.16715542521994134
0 0.27783203125 0.6048387096774194 0.232421875 0.6832844574780058
0 0.71240234375 0.18914956011730205 0.251953125 0.3724340175953079
0 0.537109375 0.09824046920821114 0.10546875 0.19648093841642228
0 0.6806640625 0.218475073313783 0.203125 0.3020527859237537