0 0.27294921875 0.751466275659824 0.1484375 0.22580645161290322
0 0.5908203125 0.3247800586510264 0.1435546875 0.26392961876832843
0 0.63330078125 0.5425219941348973 0.150390625 0.17008797653958943
0 0.66552734375 0.6620234604105572 0.130859375 0.13343108504398826
0 0.50439453125 0.8189149560117303 0.232421875 0.3225806451612903
0 0.8085840615234375 1 0.653515478515625 0.7799659002932551 0.5764640625 0.9741289237536657 0.6016109228515625 1 0.8085840615234375 1
0 0.8182672685546875 0 0.628948353515625 0.08995634897360705 0.6495976103515625 0.2210117404692082 0.8330078125 0.19322110410557183 0.8330078125 0 0.8182672685546875 0
0 0.8330078125 0.20281488709677417 0.635232076171875 0.25631410850439884 0.6522095419921875 0.4210584926686217 0.8330078125 0.3482990762463343 0.8330078125 0.20281488709677417
0 0.8330078125 1 0.8330078125 0.7633076788856304 0.6822464873046875 0.7446635322580645 0.679634615234375 0.787810931085044 0.8328866015625 1 0.8330078125 1
0 0.8330078125 0.6163577463343108 0.8330078125 0.4951508504398827 0.66004527734375 0.5387330527859238 0.8330078125 0.6163577463343108
0 0.7490234375 0.44208211143695014 0.16796875 0.10850439882697947
0 0.7568359375 0.6781524926686217 0.15234375 0.16129032258064516
0 0.65234375 0.05205278592375367 0.1328125 0.10410557184750734