0 0.28955078125 0.07771260997067449 0.1875 0.1378299120234604
0 0.107421875 0.10703812316715543 0.20361328125 0.20674486803519063
0 0.7998046875 0.06744868035190615 0.248046875 0.1348973607038123
0 0.92041015625 0.24193548387096775 0.1591796875 0.2961876832844575
0 0.93505859375 0.4868035190615836 0.1298828125 0.42961876832844575
0 0.78369140625 0.5161290322580645 0.1552734375 0.25733137829912023
0 0.35400390625 0.8643695014662757 0.2294921875 0.27126099706744866
0 0.1953125 0.9618768328445748 0.126953125 0.07551319648093842
0 0.24169921875 0.8240469208211144 0.05810546875 0.08431085043988269
0 0.5703125 0.875366568914956 0.154296875 0.24926686217008798
0 0.6416015625 0.7016129032258065 0.22607421875 0.35997067448680353
0 0.8837890625 0.8269794721407625 0.23193359375 0.25439882697947214
0 0.82958984375 0.9604105571847508 0.3076171875 0.07917888563049853