0 0.53564453125 0.31085043988269795 0.1240234375 0.2287390029325513
0 0.1953125 0.15175953079178886 0.06640625 0.20381231671554254
0 0.3193359375 0.39589442815249265 0.1865234375 0.24486803519061584
0 0.59228515625 0.594574780058651 0.1962890625 0.2991202346041056
0 0.4345703125 0.7558651026392962 0.2099609375 0.44574780058651026
0 0.27978515625 0.7939882697947214 0.2236328125 0.4120234604105572
0 0.60400390625 0.844574780058651 0.1240234375 0.2434017595307918
0 0.635060578125 0.7141138328445749 0.622096810546875 0.7880402390029325 0.75331311328125 0.8729374266862171 0.761806375 0.8070207507331378 0.635060578125 0.7141138328445749
0 0.678021482421875 0.6261935117302053 0.6540801181640625 0.7287101774193548 0.803767775390625 0.8493183870967742 0.836225576171875 0.7724251950146628 0.836204 0.7705692595307918 0.6808034140625 0.631350275659824 0.678021482421875 0.6261935117302053
0 0.365234375 0.9626099706744868 0.146484375 0.0747800586510264
0 0.6923828125 0.8841642228739003 0.08984375 0.14222873900293256
0 0.7841796875 0.6378299120234604 0.1025390625 0.20821114369501467
0 0.55126953125 0.9758064516129032 0.1318359375 0.04838709677419355