0 0.109375 0.8145161290322581 0.14501953125 0.16862170087976538
0 0.24267578125 0.8797653958944281 0.1513671875 0.23973607038123168
0 0.2890625 0.22140762463343108 0.16796875 0.25439882697947214
0 0.0556640625 0.6363636363636364 0.111328125 0.29472140762463345
0 0.38232421875 0.44501466275659823 0.181640625 0.24193548387096775
0 0.06396484375 0.3944281524926686 0.1279296875 0.20234604105571846
0 0.0693359375 0.9508797653958945 0.138671875 0.09824046920821114
0 0.08251953125 0.15689149560117302 0.1650390625 0.313049853372434
0 0.1880359013671875 0.3667848299120235 0.1198337763671875 0.6374206217008798 0.3317476376953125 0.8623409296187684 0.3938603212890625 0.8111396700879766 0.4060392041015625 0.6429064824046921 0.317132888671875 0.5386751202346042 0.22944439453125 0.35947037683284455 0.1880359013671875 0.3667848299120235
0 0.41943359375 0.7587976539589443 0.14892578125 0.3093841642228739
0 0.53271484375 0.2661290322580645 0.12890625 0.20161290322580644
0 0.6708984375 0.12609970674486803 0.2666015625 0.25146627565982405
0 0.85498046875 0.14882697947214077 0.1376953125 0.23020527859237536
0 0.7900390625 0.2785923753665689 0.09521484375 0.15249266862170088
0 0.5791015625 0.5791788856304986 0.19970703125 0.2903225806451613
0 0.80126953125 0.4406158357771261 0.1064453125 0.15469208211143695
0 0.908203125 0.2873900293255132 0.16162109375 0.2060117302052786
0 0.89501953125 0.0469208211143695 0.14501953125 0.093841642228739
0 0.66943359375 0.39002932551319647 0.1640625 0.23020527859237536
0 0.31689453125 0.07991202346041056 0.1865234375 0.1598240469208211
0 0.47998046875 0.0718475073313783 0.09716796875 0.1436950146627566