0 0.30908203125 0.4112903225806452 0.1708984375 0.3181818181818182
0 0.0625 0.8123167155425219 0.125 0.3519061583577713
0 0.2626953125 0.7624633431085044 0.265625 0.4706744868035191
0 0.408203125 0.5997067448680352 0.2373046875 0.30791788856304986
0 0.0693359375 0.38269794721407624 0.138671875 0.5043988269794721
0 0.15673828125 0.30718475073313783 0.15234375 0.37683284457478006
0 0.2158203125 0.14442815249266863 0.41796875 0.28885630498533726
0 0.5087890625 0.13196480938416422 0.158203125 0.26392961876832843
0 0.939453125 0.14516129032258066 0.12109375 0.2697947214076246
0 0.73876953125 0.2939882697947214 0.2919921875 0.5689149560117303
0 0.58935546875 0.5806451612903226 0.1962890625 0.5703812316715543
0 0.93310546875 0.4912023460410557 0.1337890625 0.3225806451612903