0 0.9658203125 0.906891495601173 0.068359375 0.18621700879765396
0 0.111328125 0.5300586510263929 0.080078125 0.13636363636363635
0 0.02978515625 0.5212609970674487 0.0595703125 0.20234604105571846
0 0.05712890625 0.6928152492668622 0.1142578125 0.18181818181818182
0 0.08447265625 0.9171554252199413 0.076171875 0.10850439882697947
0 0.09130859375 0.8262463343108505 0.07421875 0.09970674486803519
0 0.02587890625 0.8291788856304986 0.0517578125 0.1627565982404692
0 0.0146484375 0.9574780058651027 0.029296875 0.08504398826979472
0 0.00830078125 0.1810850439882698 0.0166015625 0.21407624633431085
0 0.01904296875 0.06304985337243402 0.0380859375 0.07917888563049853
0 0.14404296875 0.10263929618768329 0.0634765625 0.09970674486803519
0 0.201171875 0.30718475073313783 0.0712890625 0.12903225806451613
0 0.34326171875 0.500733137829912 0.1015625 0.13636363636363635
0 0.10400390625 0.3548387096774194 0.1259765625 0.17595307917888564
0 0.07470703125 0.2118768328445748 0.09375 0.12316715542521994
0 0.0235895546875 0 0.01772438671875 0.013293067448680352 0.0761055478515625 0.038111123167155425 0.1267369541015625 0.04198895894428152 0.1351554775390625 0 0.0235895546875 0
0 0.41357421875 0.6348973607038123 0.048828125 0.1348973607038123
0 0.466796875 0.6832844574780058 0.0703125 0.14222873900293256
0 0.4921875 0.41935483870967744 0.064453125 0.1158357771260997
0 0.3203125 0.3343108504398827 0.080078125 0.15249266862170088
0 0.3994140625 0.3152492668621701 0.0673828125 0.13196480938416422
0 0.2998046875 0.06451612903225806 0.1455078125 0.12903225806451613
0 0.21923828125 0.016129032258064516 0.08203125 0.03225806451612903
0 0.6025390625 0.06818181818181818 0.19921875 0.13636363636363635
0 0.45751953125 0.03225806451612903 0.1064453125 0.06451612903225806
0 0.3359375 0.19648093841642228 0.1826171875 0.14076246334310852
0 0.541015625 0.18695014662756598 0.111328125 0.13929618768328444
0 0.2548828125 0.5058651026392962 0.123046875 0.17155425219941348
0 0.15966796875 0.6862170087976539 0.1025390625 0.11143695014662756
0 0.578125 0.9156891495601173 0.2099609375 0.16715542521994134
0 0.892578125 0.6598240469208211 0.0029296875 0.01466275659824047
0 0.31884765625 0.6532258064516129 0.115234375 0.14516129032258066
0 0.13037109375 0.9882697947214076 0.111328125 0.02346041055718475
0 0.18798828125 0.8335777126099707 0.126953125 0.18328445747800587
0 0.27099609375 0.8665689149560117 0.1611328125 0.2375366568914956