0 0.03662109375 0.8027859237536656 0.068359375 0.16129032258064516
0 0.03173828125 0.9450146627565983 0.0537109375 0.10997067448680352
0 0.14990234375 0.9450146627565983 0.2412109375 0.10997067448680352
0 0.32177734375 0.9956011730205279 0.0947265625 0.008797653958944282
0 0.33935546875 0.9369501466275659 0.0595703125 0.10703812316715543
0 0.314453125 0.11730205278592376 0.130859375 0.22727272727272727
0 0.7763671875 0.3196480938416422 0.1298828125 0.12463343108504399
0 0.9375 0.08211143695014662 0.1171875 0.16422287390029325
0 0.6640625 0.16495601173020527 0.09765625 0.23313782991202345
0 0.49609375 0.12976539589442815 0.1943359375 0.25806451612903225
0 0.81103515625 0.13856304985337242 0.140625 0.18181818181818182
0 0.974609375 0.27785923753665687 0.0478515625 0.16862170087976538