0 0.2001953125 0.8533724340175953 0.169921875 0.2316715542521994
0 0.41455078125 0.8240469208211144 0.1962890625 0.2903225806451613
0 0.70068359375 0.8863636363636364 0.3544921875 0.22727272727272727
0 0.78271484375 0.593841642228739 0.3486328125 0.39002932551319647
0 0.38671875 0.4237536656891496 0.37890625 0.5381231671554252
0 0.09814453125 0.4442815249266862 0.1962890625 0.592375366568915
0 0.216796875 0.07038123167155426 0.43359375 0.14076246334310852
0 0.57177734375 0.06818181818181818 0.263671875 0.1348973607038123
0 0.7939453125 0.19134897360703812 0.412109375 0.38269794721407624
0 0.98193359375 0.43548387096774194 0.0361328125 0.436950146627566
0 0.95166015625 0.7697947214076246 0.0966796875 0.18914956011730205
0 0.96142578125 0.9398826979472141 0.0771484375 0.12023460410557185