0 0.65625 0.4090909090909091 0.14453125 0.40762463343108507
0 0.63232421875 0.658357771260997 0.0693359375 0.31085043988269795
0 0.49267578125 0.4083577712609971 0.14453125 0.27419354838709675
0 1 0.11016406011730205 0.8943448427734375 0.13721513343108505 0.812674224609375 0.042887992668621706 0.7749800751953125 0.07118609970674487 0.95968140625 0.5032039325513197 1 0.4702030234604106 1 0.11016406011730205
0 0.967220236328125 0.5164097727272727 0.7523635859375 0.09193816129032258 0.6907964375 0.1824921055718475 0.9142784931640625 0.644136504398827 0.967220236328125 0.5164097727272727
0 0.884765625 0.05498533724340176 0.2275390625 0.10997067448680352
0 0.202029009765625 0.533388637829912 0.131666521484375 0.5220693944281525 0.007415748046875 0.7600867302052786 0.0939723720703125 0.8465543313782992 0.202029009765625 0.533388637829912
0 0.05078125 0.6187683284457478 0.1015625 0.25513196480938416
0 0.302734375 0.5373900293255132 0.1484375 0.36950146627565983
0 0.17041015625 0.7536656891495601 0.119140625 0.23313782991202345
0 0.8728648388671875 1 0.8792671826171875 0.8805120601173021 0.7548764912109375 0.48245204398826974 0.6681799482421875 0.5277290161290322 0.7667822802734375 1 0.8728648388671875 1
0 0.9998885751953125 0.7258157683284457 0.778749490234375 0.3862384794721408 0.7561330009765626 0.5107501510263929 0.97852848046875 0.8786255483870967 0.9998885751953125 0.7258157683284457
0 0.650390625 0.8548387096774194 0.107421875 0.2903225806451613
0 0.40673828125 0.8372434017595308 0.0751953125 0.3255131964809384
0 0.474609375 0.8262463343108505 0.0625 0.34750733137829914
0 0.55224609375 0.8233137829912024 0.060546875 0.3533724340175953
0 0.3046875 0.8658357771260997 0.1240234375 0.26832844574780057
0 0.08837890625 0.8731671554252199 0.154296875 0.2536656891495601
0 0.5087890625 0.6011730205278593 0.134765625 0.21114369501466276