0 0.24658203125 0.08651026392961877 0.1591796875 0.17302052785923755
0 0.7177734375 0.1312316715542522 0.185546875 0.2624633431085044
0 0.55517578125 0.27712609970674484 0.17578125 0.29765395894428154
0 0.3435271162109375 0 0.2517248974609375 0.19495232258064515 0.2889480751953125 0.2967311950146628 0.4112531494140625 0.31668771407624635 0.4870290693359375 0.171004353372434 0.6173104345703125 0.027316533724340175 0.6151696474609375 0 0.3435271162109375 0
0 0.32666015625 0.3387096774193548 0.224609375 0.2434017595307918
0 0.68505859375 0.5241935483870968 0.146484375 0.21114369501466276
0 0.7646484375 0.750733137829912 0.13671875 0.436950146627566
0 0.759765625 0.969208211143695 0.146484375 0.06158357771260997
0 0.67578125 0.9340175953079178 0.111328125 0.13196480938416422
0 0.45751953125 0.5997067448680352 0.2109375 0.32697947214076245
0 0.5576171875 0.9384164222873901 0.11328125 0.12316715542521994
0 0.5947265625 0.748533724340176 0.1669921875 0.2697947214076246
0 0.7978515625 0.17008797653958943 0.0703125 0.30498533724340177
0 0.8037109375 0.437683284457478 0.05859375 0.15835777126099707