0 0.72802734375 0.38269794721407624 0.201171875 0.2595307917888563
0 0.17724609375 0.45454545454545453 0.01953125 0.3255131964809384
0 0.71533203125 0.6656891495601173 0.19140625 0.23020527859237536
0 0.36767578125 0.7140762463343109 0.15234375 0.3196480938416422
0 0.23583984375 0.6202346041055719 0.115234375 0.2287390029325513
0 0.2314453125 0.8489736070381232 0.12890625 0.3020527859237537
0 0.36083984375 0.8848973607038123 0.126953125 0.19941348973607037
0 0.79345703125 0.8900293255131965 0.0791015625 0.21994134897360704
0 0.63671875 0.8115835777126099 0.14453125 0.20234604105571846
0 0.54248046875 0.7653958944281525 0.09765625 0.3181818181818182
0 0.45654296875 0.7910557184750733 0.0693359375 0.07917888563049853
0 0.58203125 0.9560117302052786 0.12109375 0.08797653958944282