0 0.60107421875 0.1693548387096774 0.1982421875 0.27712609970674484
0 0.68896484375 0.3680351906158358 0.14453125 0.19794721407624633
0 0.73291015625 0.23607038123167157 0.111328125 0.16422287390029325
0 0.82763671875 0.13636363636363635 0.1005859375 0.12756598240469208
0 0.7861328125 0.05278592375366569 0.0927734375 0.093841642228739
0 0.93798828125 0.15469208211143695 0.1240234375 0.28885630498533726
0 0.947265625 0.3966275659824047 0.10546875 0.1627565982404692
0 0.96923828125 0.5791788856304986 0.0615234375 0.2536656891495601
0 0.86962890625 0.5711143695014663 0.1015625 0.1466275659824047
0 0.86083984375 0.4640762463343108 0.1484375 0.15395894428152493
0 0.5390625 0.39956011730205276 0.162109375 0.2126099706744868
0 0.6005859375 0.532991202346041 0.107421875 0.17595307917888564
0 0.67333984375 0.7148093841642229 0.11328125 0.1466275659824047
0 0.66748046875 0.5872434017595308 0.099609375 0.1378299120234604
0 0.544921875 0.6942815249266863 0.1591796875 0.2155425219941349
0 0.73974609375 0.49560117302052786 0.1435546875 0.17155425219941348
0 0.79541015625 0.6473607038123167 0.142578125 0.14076246334310852
0 0.80712890625 0.8570381231671554 0.1923828125 0.2859237536656892
0 0.611328125 0.8797653958944281 0.17578125 0.2404692082111437
0 0.94580078125 0.8673020527859238 0.1025390625 0.2316715542521994