0 0.59375 0.5388563049853372 0.2822265625 0.24780058651026393
0 0.4853515625 0.3101173020527859 0.189453125 0.22287390029325513
0 0.27783203125 0.28519061583577715 0.19921875 0.26392961876832843
0 0.3994140625 0.06598240469208211 0.212890625 0.13196480938416422
0 0.7548828125 0.0967741935483871 0.15625 0.1935483870967742
0 0.578125 0.09530791788856305 0.173828125 0.1906158357771261
0 0.71630859375 0.31085043988269795 0.232421875 0.20234604105571846
0 0.7822265625 0.5623167155425219 0.1015625 0.30058651026392963
0 0.74755859375 0.8453079178885631 0.1708984375 0.26392961876832843
0 0.4375 0.8636363636363636 0.40234375 0.2727272727272727
0 0.30712890625 0.5887096774193549 0.2802734375 0.3020527859237537