0 0.408203125 0.1656891495601173 0.201171875 0.2829912023460411
0 0.31396484375 0.3621700879765396 0.146484375 0.20087976539589442
0 0.27294921875 0.22727272727272727 0.11328125 0.16715542521994134
0 0.17919921875 0.11950146627565983 0.1015625 0.12903225806451613
0 0.22314453125 0.04252199413489736 0.0947265625 0.08504398826979472
0 0.06591796875 0.13929618768328444 0.1259765625 0.2785923753665689
0 0.052734375 0.3790322580645161 0.103515625 0.1656891495601173
0 0.02783203125 0.5608504398826979 0.0556640625 0.2565982404692082
0 0.1259765625 0.5593841642228738 0.103515625 0.1495601173020528
0 0.1376953125 0.4508797653958944 0.150390625 0.15689149560117302
0 0.46533203125 0.4032258064516129 0.1650390625 0.2155425219941349
0 0.400390625 0.5344574780058651 0.109375 0.17888563049853373
0 0.322265625 0.716275659824047 0.115234375 0.1495601173020528
0 0.3310546875 0.5857771260997068 0.1015625 0.13929618768328444
0 0.45263671875 0.7008797653958945 0.1630859375 0.218475073313783
0 0.259765625 0.48826979472140764 0.146484375 0.1744868035190616
0 0.2001953125 0.6400293255131965 0.1455078125 0.1436950146627566
0 0.18310546875 0.8504398826979472 0.1953125 0.2859237536656892
0 0.38134765625 0.8819648093841642 0.1787109375 0.23460410557184752
0 0.046875 0.8548387096774194 0.09375 0.23460410557184752