0 0.56689453125 0.34457478005865105 0.126953125 0.15542521994134897
0 0.7021484375 0.6429618768328446 0.111328125 0.1935483870967742
0 0.509765625 0.6173020527859238 0.19140625 0.31378299120234604
0 0.81103515625 0.6004398826979472 0.04296875 0.12316715542521994
0 0.46630859375 0.2844574780058651 0.2529296875 0.2859237536656892
0 0.80078125 0.8350439882697948 0.064453125 0.16862170087976538
0 0.43212890625 0.9640762463343109 0.2119140625 0.0718475073313783
0 0.53662109375 0.8555718475073314 0.14453125 0.1935483870967742
0 0.54931640625 0.9501466275659824 0.1513671875 0.09970674486803519
0 0.80908203125 0.17375366568914957 0.0478515625 0.15102639296187684
0 0.8056640625 0.056451612903225805 0.0546875 0.11290322580645161