0 0.30810546875 0.34017595307917886 0.244140625 0.4780058651026393
0 0.34375 0.7397360703812317 0.21484375 0.25806451612903225
0 0.10693359375 0.6752199413489736 0.2138671875 0.3152492668621701
0 0.0869140625 0.1840175953079179 0.173828125 0.36656891495601174
0 0.04345703125 0.3717008797653959 0.0869140625 0.1774193548387097
0 0.14208984375 0.42888563049853373 0.083984375 0.10850439882697947
0 0.6826171875 0.23313782991202345 0.212890625 0.3651026392961877
0 0.5087890625 0.16715542521994134 0.134765625 0.3343108504398827
0 0.73486328125 0.0747800586510264 0.2431640625 0.1495601173020528
0 0.9189453125 0.12096774193548387 0.162109375 0.24193548387096775
0 0.9326171875 0.34750733137829914 0.134765625 0.21700879765395895
0 0.22314453125 0.05205278592375367 0.1962890625 0.10263929618768329
0 0.3779296875 0.041788856304985335 0.0947265625 0.08357771260997067