0 0.50634765625 0.8335777126099707 0.220703125 0.17302052785923755
0 0.36767578125 0.46847507331378296 0.1796875 0.17302052785923755
0 0.2900390625 0.12463343108504399 0.1376953125 0.16715542521994134
0 0.34423828125 0.6392961876832844 0.216796875 0.1436950146627566
0 0.32763671875 0.8387096774193549 0.265625 0.16422287390029325
0 0.436658099609375 1 0.5088740908203125 0.8348831568914956 0.4651205087890625 0.810486913489736 0.2413523232421875 0.8536496436950147 0.2469551298828125 1 0.436658099609375 1
0 0.33198866015625 1 0.3751131787109375 0.9061957023460411 0.3488610400390625 0.8592795718475074 0.184730244140625 1 0.33198866015625 1
0 0.20361328125 0.75 0.0732421875 0.15542521994134897
0 0.19970703125 0.07551319648093842 0.0654296875 0.13636363636363635
0 0.306640625 0.2895894428152493 0.2080078125 0.24633431085043989
0 0.208984375 0.21700879765395895 0.083984375 0.15542521994134897
0 0.26123046875 0.48607038123167157 0.1025390625 0.12316715542521994
0 0.23046875 0.6099706744868035 0.126953125 0.12316715542521994