0 0.15576171875 0.8401759530791789 0.2158203125 0.3196480938416422
0 0.0185546875 0.8966275659824047 0.037109375 0.20527859237536658
0 0.3779296875 0.4743401759530792 0.138671875 0.3841642228739003
0 0.1884765625 0.4604105571847507 0.1572265625 0.46920821114369504
0 0.09033203125 0.5256598240469208 0.1796875 0.36656891495601174
0 0.0380859375 0.2932551319648094 0.076171875 0.26099706744868034
0 0.24267578125 0.14002932551319647 0.1318359375 0.28005865102639294
0 0.11376953125 0.14222873900293256 0.1025390625 0.2844574780058651
0 0.025390625 0.07038123167155426 0.05078125 0.14076246334310852
0 0.50634765625 0.5300586510263929 0.1298828125 0.34310850439882695
0 0.65625 0.4156891495601173 0.19140625 0.3548387096774194
0 0.8017578125 0.37976539589442815 0.12890625 0.3284457478005865
0 0.734375 0.1466275659824047 0.0927734375 0.1466275659824047
0 0.95947265625 0.3284457478005865 0.0810546875 0.2434017595307918
0 0.9599609375 0.09164222873900293 0.080078125 0.18181818181818182
0 0.90380859375 0.24853372434017595 0.103515625 0.31671554252199413
0 0.82421875 0.1158357771260997 0.115234375 0.218475073313783
0 0.61376953125 0.08211143695014662 0.259765625 0.16422287390029325
0 0.54638671875 0.20821114369501467 0.193359375 0.07917888563049853
0 0.4912109375 0.2866568914956012 0.1142578125 0.1378299120234604
0 0.3876953125 0.06085043988269795 0.154296875 0.1217008797653959
0 0.38232421875 0.15175953079178886 0.068359375 0.2624633431085044