0 0.7109375 0.16348973607038123 0.240234375 0.32697947214076245
0 0.458984375 0.2060117302052786 0.2578125 0.36950146627565983
0 0.271484375 0.3629032258064516 0.216796875 0.42668621700879766
0 0.47216796875 0.5417888563049853 0.1904296875 0.2859237536656892
0 0.3310546875 0.6979472140762464 0.138671875 0.19794721407624633
0 0.2197265625 0.6854838709677419 0.1044921875 0.23313782991202345
0 0.7021484375 0.5183284457478006 0.265625 0.3387096774193548
0 0.8134765625 0.6972140762463344 0.0458984375 0.20381231671554254
0 0.74609375 0.8577712609970675 0.185546875 0.2756598240469208
0 0.56591796875 0.9369501466275659 0.1708984375 0.12609970674486803
0 0.6171875 0.8093841642228738 0.2783203125 0.22140762463343108
0 0.359375 0.8936950146627566 0.37890625 0.2126099706744868