0 0.3955078125 0.44941348973607037 0.0537109375 0.11143695014662756
0 0.251953125 0.8511730205278593 0.095703125 0.1656891495601173
0 0.19677734375 0.8013196480938416 0.0595703125 0.13049853372434017
0 0.28759765625 0.9215542521994134 0.1181640625 0.15689149560117302
0 0.19580078125 0.9464809384164223 0.0576171875 0.10703812316715543
0 0.39990234375 0.8804985337243402 0.1083984375 0.16715542521994134
0 0.2158203125 0.1378299120234604 0.09765625 0.12903225806451613
0 0.2412109375 0.05791788856304985 0.08984375 0.1158357771260997
0 0.20703125 0.5080645161290323 0.080078125 0.12756598240469208
0 0.33642578125 0.6774193548387096 0.1650390625 0.2595307917888563
0 0.22900390625 0.6840175953079178 0.091796875 0.16715542521994134
0 0.5087890625 0.9472140762463344 0.087890625 0.10557184750733138