0 0.4453125 0.22580645161290322 0.16796875 0.2859237536656892
0 0.51416015625 0.5139296187683284 0.1767578125 0.20821114369501467
0 0.66064453125 0.6546920821114369 0.185546875 0.28005865102639294
0 0.50244140625 0.7661290322580645 0.169921875 0.2903225806451613
0 0.341796875 0.9002932551319648 0.232421875 0.19941348973607037
0 0.2841796875 0.7368035190615836 0.234375 0.375366568914956
0 0.21044921875 0.3489736070381232 0.0859375 0.49266862170087977
0 0.30517578125 0.41642228739002934 0.1708984375 0.2375366568914956
0 0.23681640625 0.13269794721407624 0.1396484375 0.2653958944281525
0 0.35498046875 0.036656891495601175 0.3544921875 0.07331378299120235
0 0.564453125 0.10777126099706745 0.267578125 0.2155425219941349
0 0.6826171875 0.37976539589442815 0.30078125 0.3196480938416422
0 0.69384765625 0.06378299120234604 0.2783203125 0.12756598240469208
0 0.5634765625 0.967741935483871 0.173828125 0.06451612903225806
0 0.7548828125 0.906891495601173 0.15625 0.17302052785923755