0 0.69140625 0.2624633431085044 0.1298828125 0.33284457478005863
0 0.80419921875 0.35777126099706746 0.0771484375 0.2624633431085044
0 0.9072265625 0.5139296187683284 0.08984375 0.20527859237536658
0 0.97119140625 0.3819648093841642 0.0576171875 0.27126099706744866
0 0.9189453125 0.2001466275659824 0.162109375 0.38269794721407624
0 0.34228515625 0.11436950146627566 0.2001953125 0.2287390029325513
0 0.49072265625 0.14516129032258066 0.0908203125 0.2903225806451613
0 0.5859375 0.15175953079178886 0.0771484375 0.2844574780058651
0 0.736328125 0.09164222873900293 0.1767578125 0.17595307917888564
0 0.154296875 0.09017595307917889 0.1640625 0.18035190615835778
0 0.07177734375 0.18035190615835778 0.138671875 0.23900293255131966
0 0.03662109375 0.04398826979472141 0.0634765625 0.08797653958944282
0 0.04052734375 0.6517595307917888 0.0810546875 0.6730205278592375
0 0.17919921875 0.4662756598240469 0.171875 0.3621700879765396
0 0.3212890625 0.655425219941349 0.1630859375 0.28885630498533726
0 0.44091796875 0.8350439882697948 0.1923828125 0.32991202346041054
0 0.21533203125 0.8101173020527859 0.2529296875 0.3709677419354839