0 0.3857421875 0.7800586510263929 0.16064453125 0.21407624633431085
0 0.56640625 0.844574780058651 0.201171875 0.25733137829912023
0 0.43505859375 0.5146627565982405 0.28857421875 0.3687683284457478
0 0.6357421875 0.34457478005865105 0.2294921875 0.3467741935483871
0 0.74560546875 0.48607038123167157 0.00341796875 0.006598240469208211
0 0.0791015625 0.8321114369501467 0.15283203125 0.28812316715542524
0 0.09423828125 0.5021994134897361 0.18798828125 0.21774193548387097
0 0.07861328125 0.09457478005865103 0.1572265625 0.18914956011730205
0 0.130859375 0.3387096774193548 0.26123046875 0.12316715542521994
0 0.22802734375 0.07697947214076246 0.07421875 0.14002932551319647
0 0.48291015625 0.1063049853372434 0.353515625 0.17668621700879766