0 0.3076171875 0.9538123167155426 0.28125 0.09237536656891496
0 0.384765625 0.18988269794721407 0.25 0.26832844574780057
0 0.39453125 0.5989736070381232 0.3017578125 0.4912023460410557
0 0.47412109375 0.9369501466275659 0.1220703125 0.12609970674486803
0 0.7080078125 0.8277126099706745 0.146484375 0.2536656891495601
0 0.78955078125 0.9655425219941349 0.0869140625 0.0689149560117302
0 0.81591796875 0.782991202346041 0.0341796875 0.19648093841642228
0 0.64111328125 0.39296187683284456 0.224609375 0.5410557184750733
0 0.80078125 0.5351906158357771 0.064453125 0.17302052785923755
0 0.7314453125 0.3724340175953079 0.138671875 0.18181818181818182
0 0.79736328125 0.3189149560117302 0.0703125 0.15395894428152493
0 0.78955078125 0.10410557184750734 0.0869140625 0.20821114369501467
0 0.6572265625 0.050586510263929615 0.15625 0.10117302052785923
0 0.49169921875 0.03812316715542522 0.1455078125 0.07624633431085044