0 0.94775390625 0.9882697947214076 0.0927734375 0.02346041055718475
0 0.85595703125 0.968475073313783 0.0576171875 0.06304985337243402
0 0.39013671875 0.36436950146627567 0.201171875 0.15835777126099707
0 0.1796875 0.31085043988269795 0.08984375 0.1348973607038123
0 0.125 0.09750733137829912 0.201171875 0.19501466275659823
0 0.01123046875 0.05205278592375367 0.0126953125 0.10410557184750734
0 0.0634765625 0.2756598240469208 0.1240234375 0.17888563049853373
0 0.455078125 0.1378299120234604 0.13671875 0.2756598240469208
0 0.29638671875 0.13563049853372433 0.1435546875 0.27126099706744866
0 0.6376953125 0.1495601173020528 0.2021484375 0.2961876832844575
0 0.83349609375 0.12023460410557185 0.22265625 0.2287390029325513
0 0.96484375 0.11803519061583578 0.0703125 0.2126099706744868