0 0.78759765625 0.187683284457478 0.1005859375 0.26392961876832843
0 0.79736328125 0.9545454545454546 0.0615234375 0.09090909090909091
0 0.4091796875 0.9552785923753666 0.123046875 0.08797653958944282
0 0.38232421875 0.7478005865102639 0.2265625 0.33724340175953077
0 0.29443359375 0.9428152492668622 0.1708984375 0.10850439882697947
0 0.716796875 0.0469208211143695 0.244140625 0.08797653958944282
0 0.56298828125 0.2287390029325513 0.181640625 0.3035190615835777
0 0.64404296875 0.3563049853372434 0.1826171875 0.29472140762463345
0 0.712890625 0.6664222873900293 0.240234375 0.31378299120234604
0 0.79296875 0.43255131964809385 0.0830078125 0.1217008797653959
0 0.544921875 0.7294721407624634 0.1416015625 0.5043988269794721
0 0.68115234375 0.9545454545454546 0.1259765625 0.09090909090909091