0 0.2119140625 0.9266862170087976 0.1015625 0.1348973607038123
0 0.2138671875 0.8174486803519062 0.103515625 0.19501466275659823
0 0.193359375 0.6180351906158358 0.05859375 0.24780058651026393
0 0.20947265625 0.437683284457478 0.0859375 0.1744868035190616
0 0.18701171875 0.27785923753665687 0.037109375 0.15395894428152493
0 0.2021484375 0.16788856304985336 0.064453125 0.15395894428152493
0 0.30322265625 0.9706744868035191 0.1064453125 0.051319648093841645
0 0.3310546875 0.7910557184750733 0.1259765625 0.22287390029325513
0 0.33935546875 0.5835777126099707 0.13671875 0.20821114369501467
0 0.32568359375 0.4120234604105572 0.1015625 0.1348973607038123
0 0.27978515625 0.28079178885630496 0.134765625 0.15249266862170088
0 0.2958984375 0.14149560117302054 0.1240234375 0.0967741935483871
0 0.3359375 0.03592375366568915 0.12890625 0.0718475073313783
0 0.533203125 0.06818181818181818 0.240234375 0.13636363636363635
0 0.51220703125 0.24633431085043989 0.2763671875 0.2624633431085044
0 0.49267578125 0.5381231671554252 0.1025390625 0.11436950146627566
0 0.7373046875 0.6151026392961877 0.0810546875 0.10997067448680352
0 0.6630859375 0.5608504398826979 0.0927734375 0.14076246334310852
0 0.58740234375 0.5278592375366569 0.064453125 0.11290322580645161
0 0.73388671875 0.3621700879765396 0.0673828125 0.11143695014662756
0 0.66259765625 0.38343108504398826 0.0576171875 0.0718475073313783
0 0.53466796875 0.9501466275659824 0.1005859375 0.09970674486803519
0 0.54345703125 0.7346041055718475 0.1064453125 0.21700879765395895
0 0.45361328125 0.7265395894428153 0.078125 0.16862170087976538
0 0.63525390625 0.7104105571847508 0.0615234375 0.1187683284457478
0 0.77978515625 0.8401759530791789 0.1005859375 0.1466275659824047
0 0.7216796875 0.041788856304985335 0.078125 0.07331378299120235
0 0.80615234375 0.07917888563049853 0.064453125 0.1217008797653959
0 0.66552734375 0.8848973607038123 0.109375 0.20234604105571846