0 0.4697265625 0.5659824046920822 0.17138671875 0.18255131964809385
0 0.47412109375 0.7690615835777126 0.08447265625 0.14516129032258066
0 0.3740234375 0.7118768328445748 0.1328125 0.21114369501466276
0 0.61767578125 0.9494134897360704 0.1181640625 0.10117302052785923
0 0.50537109375 0.9222873900293255 0.1328125 0.15542521994134897
0 0.337890625 0.9193548387096774 0.19287109375 0.16055718475073313
0 0.15185546875 0.7683284457478006 0.193359375 0.2529325513196481
0 0.11767578125 0.9252199413489736 0.2353515625 0.1495601173020528
0 0.08642578125 0.5821114369501467 0.17236328125 0.22580645161290322
0 0.0927734375 0.4083577712609971 0.185546875 0.27419354838709675
0 0.08544921875 0.14222873900293256 0.166015625 0.2719941348973607
0 0.23828125 0.14076246334310852 0.19384765625 0.2697947214076246
0 0.3515625 0.08357771260997067 0.11328125 0.16055718475073313
0 0.4873046875 0.08357771260997067 0.1513671875 0.1656891495601173
0 0.59716796875 0.16422287390029325 0.15966796875 0.3159824046920821
0 0.8466796875 0.07844574780058651 0.3046875 0.15689149560117302
0 0.9365234375 0.2969208211143695 0.126953125 0.23020527859237536
0 0.3544921875 0.41715542521994137 0.29150390625 0.2089442815249267