0 0.34326171875 0.8196480938416423 0.142578125 0.21114369501466276
0 0.10791015625 0.7426686217008798 0.2158203125 0.23313782991202345
0 0.61376953125 0.3651026392961877 0.1669921875 0.20527859237536658
0 0.4755859375 0.30425219941348974 0.107421875 0.21407624633431085
0 0.39990234375 0.2587976539589443 0.083984375 0.187683284457478
0 0.30029296875 0.48826979472140764 0.2041015625 0.33284457478005863
0 0.09326171875 0.36436950146627567 0.1865234375 0.44868035190615835
0 0.14306640625 0.5432551319648093 0.1005859375 0.12903225806451613
0 0.02584353515625 0 0.201847828125 0.3856805997067449 0.324938916015625 0.2755581246334311 0.151500966796875 0 0.02584353515625 0
0 0.01611328125 0.04252199413489736 0.0322265625 0.08504398826979472
0 1 0.3151613401759531 0.8015314150390624 0.4604124853372434 0.8570902470703124 0.6059254648093841 1 0.5336832346041056 1 0.3151613401759531
0 0.951171875 0.6033724340175953 0.09765625 0.12756598240469208
0 0.69818890234375 0 0.6792920478515625 0.2811575703812317 0.762375583984375 0.3106696480938416 0.8278544853515625 0 0.69818890234375 0
0 0.8253550146484375 0 0.813573234375 0.26809222434017593 0.855846978515625 0.3091548035190616 0.9851682412109375 0 0.8253550146484375 0
0 0.60199366015625 0 0.5524709267578125 0.27742457771261 0.656911849609375 0.30168890322580644 0.692968796875 0.00118524926686217 0.68159937890625 0 0.60199366015625 0
0 0.173655078125 0 0.3199655009765625 0.23822845307917886 0.3473191142578125 0.23449554545454546 0.3344558291015625 0 0.173655078125 0
0 0.424871892578125 0 0.477870267578125 0.2662256862170088 0.5076260810546875 0 0.424871892578125 0
0 0.53857421875 0.12903225806451613 0.0693359375 0.25806451612903225
0 0.3896484375 0.11803519061583578 0.1015625 0.23607038123167157
0 0.8447265625 0.2763929618768328 0.18359375 0.18914956011730205
0 0.96142578125 0.16788856304985336 0.0771484375 0.3196480938416422
0 0.98388671875 0.27052785923753664 0.0322265625 0.1217008797653959