0 0.79541015625 0.6972140762463344 0.18359375 0.218475073313783
0 0.83984375 0.8680351906158358 0.111328125 0.13196480938416422
0 0.6865234375 0.4215542521994135 0.109375 0.2404692082111437
0 0.77783203125 0.12096774193548387 0.060546875 0.20234604105571846
0 0.9091796875 0.11436950146627566 0.17578125 0.22140762463343108
0 0.8759765625 0.37683284457478006 0.1689453125 0.2434017595307918
0 0.9326171875 0.5711143695014663 0.134765625 0.2126099706744868
0 0.9453125 0.7800586510263929 0.109375 0.27419354838709675
0 0.7158203125 0.9552785923753666 0.201171875 0.07624633431085044
0 0.92529296875 0.9574780058651027 0.1494140625 0.06744868035190615
0 0.38037109375 0.7375366568914956 0.2353515625 0.5249266862170088
0 0.2421875 0.6151026392961877 0.1640625 0.3284457478005865
0 0.330078125 0.24413489736070382 0.197265625 0.3489736070381232
0 0.5341796875 0.17082111436950145 0.1318359375 0.34017595307917886
0 0.37841796875 0.056451612903225805 0.1650390625 0.11143695014662756
0 0.61474609375 0.8145161290322581 0.185546875 0.27126099706744866
0 0.58251953125 0.532991202346041 0.13671875 0.28152492668621704
0 0.67138671875 0.14002932551319647 0.1162109375 0.28005865102639294