0 0.77294921875 0.5549853372434017 0.1396484375 0.20821114369501467
0 0.5625 0.4838709677419355 0.15478515625 0.2624633431085044
0 0.958984375 0.16129032258064516 0.08203125 0.14516129032258066
0 0.9619140625 0.0469208211143695 0.07421875 0.093841642228739
0 0.7994196064453125 0 0.6922447431640625 0.3777565527859238 0.83352061328125 0.3923855439882698 0.9516566494140625 0 0.7994196064453125 0
0 0.5693359375 0.187683284457478 0.3046875 0.375366568914956
0 0.1337890625 0.6312316715542522 0.23291015625 0.30131964809384165
0 0.32861328125 0.5755131964809385 0.25732421875 0.3585043988269795
0 0 0.3759279604105572 0.0906042783203125 0.5167316744868035 0.150281095703125 0.41067171994134893 0 0.28600145894428153 0 0.3759279604105572
0 0.0732421875 0.17888563049853373 0.146484375 0.31671554252199413
0 0.314453125 0.24853372434017595 0.22802734375 0.2280058651026393
0 0.20849609375 0.11510263929618768 0.22216796875 0.22947214076246333
0 0.34521484375 0.04985337243401759 0.08251953125 0.09970674486803519