0 0.0439453125 0.3709677419354839 0.087890625 0.2668621700879765
0 0.05419921875 0.6143695014662757 0.1083984375 0.3020527859237537
0 0.10546875 0.8914956011730205 0.2109375 0.21627565982404692
0 0.05126953125 0.8277126099706745 0.1025390625 0.13343108504398826
0 0.59765625 0.16055718475073313 0.171875 0.32111436950146627
0 0.65185546875 0.40982404692082114 0.2255859375 0.30131964809384165
0 0.79541015625 0.9002932551319648 0.21240234375 0.19868035190615835
0 0.91796875 0.09897360703812316 0.1640625 0.19794721407624633
0 0.76806640625 0.10483870967741936 0.17138671875 0.2089442815249267
0 0.9404296875 0.9032258064516129 0.119140625 0.1935483870967742
0 0.875 0.3680351906158358 0.25 0.35043988269794724
0 0.896484375 0.6722873900293255 0.20703125 0.29178885630498536
0 0.76806640625 0.6964809384164223 0.0947265625 0.13049853372434017