0 0.29541015625 0.17595307917888564 0.2568359375 0.3519061583577713
0 0.55859375 0.22727272727272727 0.25390625 0.36363636363636365
0 0.73779296875 0.37976539589442815 0.1904296875 0.4208211143695015
0 0.54931640625 0.5637829912023461 0.1875 0.28152492668621704
0 0.6923828125 0.716275659824047 0.13671875 0.1935483870967742
0 0.79248046875 0.7008797653958945 0.080078125 0.2287390029325513
0 0.30859375 0.5461876832844574 0.283203125 0.3313782991202346
0 0.19970703125 0.7280058651026393 0.0654296875 0.20234604105571846
0 0.2685546875 0.875366568914956 0.203125 0.24926686217008798
0 0.45947265625 0.9508797653958945 0.1708984375 0.09824046920821114
0 0.4072265625 0.8350439882697948 0.275390625 0.21407624633431085
0 0.65478515625 0.905425219941349 0.3564453125 0.18914956011730205