0 0.78564453125 0.6994134897360704 0.13720703125 0.20967741935483872
0 0.5751953125 0.6517595307917888 0.1396484375 0.2565982404692082
0 0.31689453125 0.7617302052785924 0.28857421875 0.38269794721407624
0 0.1044921875 0.8577712609970675 0.208984375 0.2844574780058651
0 0.072265625 0.6041055718475073 0.14453125 0.1466275659824047
0 0.21142578125 0.3717008797653959 0.2236328125 0.36436950146627567
0 0.43701171875 0.3980938416422287 0.125 0.3027859237536657
0 0.60986328125 0.26173020527859236 0.36279296875 0.5234604105571847
0 0.859375 0.30791788856304986 0.20361328125 0.5410557184750733
0 0.92578125 0.09750733137829912 0.1484375 0.18621700879765396
0 0.2080078125 0.24633431085043989 0.41552734375 0.49193548387096775