0 0.1689453125 0.06818181818181818 0.1630859375 0.1217008797653959
0 0.048828125 0.25806451612903225 0.09765625 0.39882697947214074
0 0.13916015625 0.6055718475073314 0.255859375 0.3284457478005865
0 0.74169921875 0.5982404692082112 0.2158203125 0.29765395894428154
0 0.91552734375 0.5212609970674487 0.1689453125 0.3181818181818182
0 0.0517578125 0.8702346041055719 0.09765625 0.2595307917888563
0 0.21728515625 0.8878299120234604 0.1552734375 0.22434017595307917
0 0.88525390625 0.8079178885630498 0.162109375 0.18475073313782991
0 0.4080021513671875 0.9809795747800586 0.477623046875 0.7176567316715543 0.4341472119140625 0.7097608357771261 0.359444826171875 0.9328351891495601 0.4080021513671875 0.9809795747800586
0 0.54736328125 0.7675953079178885 0.068359375 0.18181818181818182
0 0.6103515625 0.8255131964809385 0.0771484375 0.23607038123167157
0 0.76123046875 0.8577712609970675 0.1171875 0.17008797653958943
0 0.6748046875 0.9149560117302052 0.10546875 0.1466275659824047
0 0.50244140625 0.9178885630498533 0.078125 0.1627565982404692