0 0.048828125 0.8958944281524927 0.09765625 0.187683284457478
0 0.95263671875 0.16642228739002932 0.0947265625 0.312316715542522
0 0.84033203125 0.17155425219941348 0.154296875 0.32991202346041054
0 0.6904296875 0.13049853372434017 0.1630859375 0.25513196480938416
0 0.89697265625 0.46847507331378296 0.2060546875 0.2829912023460411
0 0.94677734375 0.7148093841642229 0.1044921875 0.2404692082111437
0 0.96875 0.9002932551319648 0.0546875 0.19941348973607037
0 0.5087890625 0.2661290322580645 0.2197265625 0.4046920821114369
0 0.7958984375 0.9846041055718475 0.14453125 0.030791788856304986
0 0.6650390625 0.8863636363636364 0.208984375 0.22727272727272727
0 0.8818359375 0.9127565982404692 0.15625 0.1744868035190616
0 0.8486328125 0.7089442815249267 0.1845703125 0.24633431085043989
0 0.6591796875 0.48167155425219943 0.162109375 0.2126099706744868
0 0.68310546875 0.30131964809384165 0.1650390625 0.16715542521994134
0 0.4775390625 0.5285923753665689 0.2861328125 0.2536656891495601
0 0.56591796875 0.6950146627565983 0.150390625 0.18914956011730205
0 0.75 0.6803519061583577 0.2509765625 0.2829912023460411
0 0.3203125 0.1187683284457478 0.228515625 0.2375366568914956
0 0.4833984375 0.06818181818181818 0.1171875 0.13636363636363635
0 0.03955078125 0.18255131964809385 0.0751953125 0.22434017595307917