0 0.0400390625 0.8651026392961877 0.080078125 0.22580645161290322
0 0.1181640625 0.9780058651026393 0.078125 0.04398826979472141
0 0.23291015625 0.9897360703812317 0.0576171875 0.020527859237536656
0 0.89990234375 0.46920821114369504 0.080078125 0.13636363636363635
0 0.97607421875 0.46114369501466274 0.0478515625 0.20087976539589442
0 0.94873046875 0.6319648093841642 0.1025390625 0.18181818181818182
0 0.92724609375 0.8555718475073314 0.076171875 0.10850439882697947
0 0.919921875 0.7653958944281525 0.07421875 0.09970674486803519
0 0.97998046875 0.7690615835777126 0.0400390625 0.1627565982404692
0 0.99072265625 0.9266862170087976 0.0185546875 0.1466275659824047
0 0.986328125 0.020527859237536656 0.02734375 0.04105571847507331
0 0.8671875 0.04618768328445748 0.0634765625 0.09237536656891496
0 0.810546875 0.24560117302052786 0.0703125 0.12903225806451613
0 0.66796875 0.4398826979472141 0.1015625 0.13636363636363635
0 0.9072265625 0.2939882697947214 0.1259765625 0.17595307917888564
0 0.9365234375 0.15102639296187684 0.09375 0.12316715542521994
0 0.59765625 0.5740469208211144 0.048828125 0.1348973607038123
0 0.54443359375 0.6224340175953079 0.0703125 0.14222873900293256
0 0.51904296875 0.3585043988269795 0.064453125 0.1158357771260997
0 0.69140625 0.2727272727272727 0.080078125 0.15249266862170088
0 0.61181640625 0.25439882697947214 0.0673828125 0.13196480938416422
0 0.7119140625 0.0344574780058651 0.146484375 0.0689149560117302
0 0.408203125 0.0373900293255132 0.19921875 0.07331378299120235
0 0.67529296875 0.13563049853372433 0.1826171875 0.14076246334310852
0 0.47021484375 0.12609970674486803 0.111328125 0.13929618768328444
0 0.75634765625 0.44501466275659823 0.123046875 0.17155425219941348
0 0.8515625 0.625366568914956 0.1025390625 0.11143695014662756
0 0.43408203125 0.8856304985337243 0.2099609375 0.2287390029325513
0 0.11865234375 0.5989736070381232 0.0029296875 0.01466275659824047
0 0.6923828125 0.591642228739003 0.115234375 0.14516129032258066
0 0.88134765625 0.9582111436950147 0.1123046875 0.08357771260997067
0 0.8232421875 0.7727272727272727 0.126953125 0.18328445747800587
0 0.740234375 0.8057184750733137 0.1611328125 0.2375366568914956