0 0.6064453125 0.6429618768328446 0.2568359375 0.33651026392961875
0 0.7890625 0.6891495601173021 0.09765625 0.15175953079178886
0 0.15234375 0.6898826979472141 0.1572265625 0.19134897360703812
0 0.0693359375 0.8079178885630498 0.138671875 0.15542521994134897
0 0.08203125 0.969208211143695 0.150390625 0.06158357771260997
0 0.1083984375 0.9340175953079178 0.111328125 0.06451612903225806
0 0.21435546875 0.875366568914956 0.140625 0.11290322580645161
0 0.21826171875 0.9530791788856305 0.09912109375 0.093841642228739
0 0.3466796875 0.8108504398826979 0.21435546875 0.20967741935483872
0 0.35498046875 0.9501466275659824 0.13671875 0.09970674486803519
0 0.52734375 0.8790322580645161 0.0986328125 0.15835777126099707
0 0.3427734375 0.6759530791788856 0.05810546875 0.2221407624633431
0 0.40185546875 0.6656891495601173 0.05078125 0.2126099706744868
0 0.8564453125 0.7639296187683284 0.07275390625 0.08357771260997067
0 0.88427734375 0.8328445747800587 0.0654296875 0.08064516129032258
0 0.8740234375 0.7118768328445748 0.0859375 0.09824046920821114
0 0.89111328125 0.6158357771260997 0.07666015625 0.13269794721407624
0 0.96240234375 0.7668621700879765 0.0751953125 0.14589442815249268
0 0.9580078125 0.9244868035190615 0.083984375 0.15102639296187684
0 0.66845703125 0.8966275659824047 0.1455078125 0.20674486803519063
0 0.791015625 0.8900293255131965 0.09228515625 0.21920821114369501