0 0.6796875 0.03812316715542522 0.130859375 0.07624633431085044
0 0.78466796875 0.218475073313783 0.1669921875 0.26099706744868034
0 0.60546875 0.3936950146627566 0.17578125 0.3181818181818182
0 0.89453125 0.9266862170087976 0.2109375 0.1466275659824047
0 0.77734375 0.9398826979472141 0.16015625 0.12023460410557185
0 0.9501953125 0.7624633431085044 0.099609375 0.2287390029325513
0 0.81201171875 0.5681818181818182 0.32421875 0.4706744868035191
0 0.81787109375 0.4626099706744868 0.3046875 0.26832844574780057
0 0.81396484375 0.6994134897360704 0.357421875 0.23020527859237536
0 0.68896484375 0.8137829912023461 0.1689453125 0.18035190615835778
0 0.01953125 0.48240469208211145 0.0390625 0.19648093841642228
0 0.017578125 0.7873900293255132 0.03515625 0.3812316715542522
0 0.05224609375 0.18328445747800587 0.1044921875 0.36656891495601174
0 0.9365234375 0.16862170087976538 0.126953125 0.33724340175953077
0 0.966796875 0.532258064516129 0.06640625 0.2961876832844575