0 0.82275390625 0.1312316715542522 0.232421875 0.13196480938416422
0 0.4365234375 0.36436950146627567 0.20703125 0.25219941348973607
0 0.32666015625 0.14076246334310852 0.1279296875 0.28152492668621704
0 0.4814453125 0.053519061583577714 0.29296875 0.10703812316715543
0 0.60302734375 0.9259530791788856 0.1884765625 0.14809384164222875
0 0.48046875 0.6341642228739003 0.228515625 0.2624633431085044
0 0.5546875 0.7521994134897361 0.1240234375 0.17008797653958943
0 0.93701171875 0.9281524926686217 0.1259765625 0.1436950146627566
0 0.984375 0.7910557184750733 0.03125 0.23460410557184752
0 0.97216796875 0.5271260997067448 0.0546875 0.20234604105571846
0 0.98291015625 0.0813782991202346 0.0341796875 0.1627565982404692
0 0.94482421875 0.3057184750733138 0.109375 0.19648093841642228
0 0.72412109375 0.4875366568914956 0.1181640625 0.1466275659824047
0 0.6767578125 0.34237536656891493 0.1181640625 0.2287390029325513
0 0.68505859375 0.11363636363636363 0.1201171875 0.22727272727272727
0 0.76171875 0.6722873900293255 0.19921875 0.18035190615835778