0 0.9443359375 0.907624633431085 0.111328125 0.18475073313782991
0 0.9130859375 0.26173020527859236 0.06884765625 0.1693548387096774
0 0.7861328125 0.2587976539589443 0.16845703125 0.3555718475073314
0 0.263671875 0.2434017595307918 0.1904296875 0.2939882697947214
0 0.08056640625 0.2756598240469208 0.1611328125 0.33724340175953077
0 0.77783203125 0.780791788856305 0.12890625 0.1781524926686217
0 0.82568359375 0.9171554252199413 0.1474609375 0.1656891495601173
0 0.64111328125 0.9391495601173021 0.224609375 0.1217008797653959
0 0.9091796875 0.10703812316715543 0.169921875 0.21407624633431085
0 0.1416015625 0.06598240469208211 0.10546875 0.13196480938416422
0 0.9736328125 0.7214076246334311 0.052734375 0.12463343108504399
0 0.931640625 0.5432551319648093 0.13671875 0.3196480938416422