0 0.71484375 0.5124633431085044 0.125 0.20967741935483872
0 0.45947265625 0.6209677419354839 0.1455078125 0.27419354838709675
0 0.326171875 0.6312316715542522 0.1318359375 0.2903225806451613
0 0.10108279296875 1 0.211106376953125 0.7994001744868036 0.1820374794921875 0.7540028299120234 0.03659136328125 0.9589368826979472 0.080931283203125 1 0.10108279296875 1
0 0.0833891923828125 0.9292502991202346 0.1931272626953125 0.7373413665689149 0.160566427734375 0.7063229398826979 0.038059001953125 0.8699917316715542 0.0833891923828125 0.9292502991202346
0 0.09909805078125 0.726288219941349 0.003777330078125 0.8314735087976539 0.004559552734375 0.8987594662756597 0.1098396875 0.7494154369501467 0.09909805078125 0.726288219941349
0 0.106878296875 0.7343219090909091 0.0041855400390625 0.866587284457478 0.0051161044921875 0.9466334413489736 0.1128555244140625 0.7570296275659825 0.106878296875 0.7343219090909091
0 0.3115234375 0.8497067448680352 0.1298828125 0.16715542521994134
0 0.9072265625 0.5909090909090909 0.185546875 0.41935483870967744
0 0.67822265625 0.7917888563049853 0.2060546875 0.2565982404692082
0 0.94775390625 0.9002932551319648 0.1044921875 0.17595307917888564
0 0.73681640625 0.9648093841642229 0.130859375 0.06158357771260997
0 0.83984375 0.7851906158357771 0.1728515625 0.23313782991202345
0 0.63134765625 0.5718475073313783 0.0693359375 0.1217008797653959
0 0.200340564453125 1 0.253139732421875 0.8268733079178886 0.224124509765625 0.8070349794721409 0.12218194921875 1 0.200340564453125 1
0 0.0912137763671875 1 0.14896776953125 0.8680694736070381 0.1201287802734375 0.8424486129032257 0.0232046083984375 1 0.0912137763671875 1
0 0.55908203125 0.8269794721407625 0.1787109375 0.2903225806451613
0 0.53857421875 0.533724340175953 0.1630859375 0.22140762463343108
0 0.419921875 0.8841642228739003 0.0859375 0.1466275659824047