0 0.65087890625 0.40689149560117305 0.1611328125 0.4472140762463343
0 0.6279296875 0.6774193548387096 0.0791015625 0.3387096774193548
0 0.4736328125 0.41055718475073316 0.16015625 0.30058651026392963
0 0.995191220703125 0.07980232991202346 0.9052823798828125 0.10525868475073313 0.815594685546875 0.005343272727272727 0.7751054462890625 0.03708417448680352 0.98069323046875 0.5000736964809384 0.99988669140625 0.4837017287390029 0.995191220703125 0.07980232991202346
0 0.9890287822265625 0.5141725175953079 0.750859443359375 0.06021822727272728 0.685285578125 0.16011200586510263 0.933269875 0.6541104090909091 0.9890287822265625 0.5141725175953079
0 0.88232421875 0.039589442815249266 0.2255859375 0.07917888563049853
0 0.0469275986328125 0.8967936906158358 0.16007309375 0.5543057961876833 0.08368490625 0.5440358914956012 0.002314876953125 0.705674806451613 0.004057359375 0.8555612873900293 0.0469275986328125 0.8967936906158358
0 0.02685546875 0.6510263929618768 0.0537109375 0.27712609970674484
0 0.26904296875 0.5557184750733137 0.166015625 0.4046920821114369
0 0.12841796875 0.7939882697947214 0.1318359375 0.25513196480938416
0 0.8983095498046875 0.911296211143695 0.7585029013671875 0.4833984809384165 0.6651280615234375 0.5349332683284458 0.7666451611328124 0.9930878768328446 0.895024521484375 0.9897232859237536 0.8983095498046875 0.911296211143695
0 1 0.7000597771260997 0.783159662109375 0.37844111436950145 0.7602210234375 0.5140332038123168 1 0.8970926304985337 1 0.7000597771260997
0 0.650390625 0.8643695014662757 0.119140625 0.2668621700879765
0 0.384765625 0.8504398826979472 0.0859375 0.2991202346041056
0 0.4580078125 0.8372434017595308 0.072265625 0.3255131964809384
0 0.54296875 0.8335777126099707 0.0693359375 0.33284457478005863
0 0.275390625 0.8826979472140762 0.13671875 0.23460410557184752
0 0.064453125 0.8936950146627566 0.123046875 0.2126099706744868
0 0.4931640625 0.6187683284457478 0.1494140625 0.23313782991202345