0 0.18505859375 0.29472140762463345 0.146484375 0.22434017595307917
0 0.40673828125 0.3387096774193548 0.1494140625 0.27419354838709675
0 0.67578125 0.21774193548387097 0.3076171875 0.4090909090909091
0 0.89111328125 0.1312316715542522 0.2099609375 0.2624633431085044
0 0.9287109375 0.37609970674486803 0.1416015625 0.15689149560117302
0 0.79150390625 0.6231671554252199 0.2392578125 0.3885630498533724
0 0.55419921875 0.6011730205278593 0.134765625 0.3196480938416422
0 0.375 0.7346041055718475 0.38671875 0.530791788856305
0 0.11279296875 0.7082111436950147 0.220703125 0.5747800586510264
0 0.064453125 0.9156891495601173 0.12109375 0.16862170087976538
0 0.7880859375 0.7448680351906158 0.423828125 0.5073313782991202