0 0.60693359375 0.7778592375366569 0.16796875 0.22287390029325513
0 0.41845703125 0.8453079178885631 0.208984375 0.2697947214076246
0 0.5556640625 0.501466275659824 0.30078125 0.3841642228739003
0 0.3466796875 0.32404692082111436 0.2392578125 0.36070381231671556
0 0.23193359375 0.4714076246334311 0.00390625 0.007331378299120235
0 0.923828125 0.8313782991202346 0.15234375 0.2991202346041056
0 0.90625 0.48900293255131966 0.1875 0.22727272727272727
0 0.9228515625 0.08064516129032258 0.154296875 0.16129032258064516
0 0.8681640625 0.3181818181818182 0.263671875 0.12903225806451613
0 0.77197265625 0.05865102639296188 0.0771484375 0.11730205278592376
0 0.50634765625 0.08357771260997067 0.3681640625 0.16715542521994134