0 0.25341796875 0.10263929618768329 0.1845703125 0.19648093841642228
0 0.74267578125 0.14076246334310852 0.1748046875 0.28152492668621704
0 0.58544921875 0.2991202346041056 0.1875 0.3152492668621701
0 0.497093876953125 0 0.3669437255859375 0.003411 0.268030103515625 0.22148424340175954 0.308134916015625 0.3267658768328446 0.4360901328125 0.34426182551319645 0.5134476982421875 0.19003283137829913 0.6477449482421875 0.03639637976539589 0.6444632861328125 0 0.497093876953125 0
0 0.34814453125 0.36950146627565983 0.2373046875 0.26099706744868034
0 0.724609375 0.5535190615835777 0.1552734375 0.22434017595307917
0 0.78759765625 0.7763929618768328 0.1025390625 0.43548387096774194
0 0.72021484375 0.9530791788856305 0.1162109375 0.08504398826979472
0 0.4873046875 0.6385630498533724 0.224609375 0.34750733137829914
0 0.59619140625 0.9618768328445748 0.1181640625 0.0747800586510264
0 0.63330078125 0.7903225806451613 0.177734375 0.2859237536656892
0 0.8154296875 0.18181818181818182 0.0322265625 0.3196480938416422