0 0.2119140625 0.30718475073313783 0.1396484375 0.21407624633431085
0 0.423828125 0.35043988269794724 0.1435546875 0.26099706744868034
0 0.6826171875 0.23240469208211142 0.294921875 0.3914956011730205
0 0.892578125 0.13856304985337242 0.208984375 0.27712609970674484
0 0.92822265625 0.38563049853372433 0.142578125 0.15102639296187684
0 0.79296875 0.6224340175953079 0.228515625 0.3724340175953079
0 0.5654296875 0.6011730205278593 0.1298828125 0.30791788856304986
0 0.3935546875 0.7375366568914956 0.37109375 0.5249266862170088
0 0.142578125 0.7030791788856305 0.2109375 0.5498533724340176
0 0.0791015625 0.9098240469208211 0.150390625 0.18035190615835778
0 0.79296875 0.7463343108504399 0.4140625 0.501466275659824