0 0.3955078125 0.4002932551319648 0.103515625 0.16129032258064516
0 0.66845703125 0.5109970674486803 0.126953125 0.23460410557184752
0 0.80859375 0.5109970674486803 0.171875 0.24486803519061584
0 0.421875 0.592375366568915 0.2060546875 0.2404692082111437
0 0.46630859375 0.39589442815249265 0.103515625 0.12316715542521994
0 0.548828125 0.2785923753665689 0.1162109375 0.1436950146627566
0 0.25439453125 0.11070381231671554 0.099609375 0.17008797653958943
0 0.52001953125 0.05791788856304985 0.1279296875 0.1158357771260997
0 0.89111328125 0.13416422287390029 0.2119140625 0.26832844574780057
0 0.72216796875 0.030791788856304986 0.1103515625 0.06158357771260997
0 0.14306640625 0.5175953079178885 0.2861328125 0.5131964809384164
0 0.94873046875 0.5901759530791789 0.1025390625 0.19208211143695014
0 0.61376953125 0.40762463343108507 0.12109375 0.14222873900293256
0 0.58056640625 0.6092375366568915 0.0703125 0.06304985337243402
0 0.58203125 0.5498533724340176 0.109375 0.17302052785923755
0 0.3486328125 0.11510263929618768 0.1396484375 0.22580645161290322
0 0.1432755126953125 0.39440260263929616 0.16754466015625 0.3864509853372434 0.170636205078125 0.12849520967741937 0.106956716796875 0.13725436656891496 0.1432755126953125 0.39440260263929616
0 0.134765625 0.06671554252199413 0.1083984375 0.11730205278592376
0 0.06298828125 0.3247800586510264 0.1259765625 0.3651026392961877
0 0.03515625 0.07404692082111437 0.0703125 0.12463343108504399
0 0.1716866591796875 0.42840713489736076 0.20334708984375 0.4275773724340176 0.2389555849609375 0.13767807624633432 0.1596768125 0.12878243695014663 0.1716866591796875 0.42840713489736076