0 0.3616132275390625 0 0.3784400107421875 0.36010970967741934 0.45382830859375 0.36388273313782993 0.4257583779296875 0 0.3616132275390625 0
0 0.4557532919921875 0 0.46890596875 0.345017357771261 0.5405248515625 0.32992500439882694 0.5161880615234375 0 0.4557532919921875 0
0 0.303051712890625 0.34879046627565985 0.3696446708984375 0.26389614516129034 0.29676927734375 0.005440067448680351 0.24399746875 0.26200954692082107 0.303051712890625 0.34879046627565985
0 0.8571557041015625 0.005440067448680351 0.706379107421875 0.35067697947214077 0.6925578427734375 0.5600829736070381 0.7692026513671875 0.6129060791788856 0.9099275126953125 0.24125765835777127 0.8873110234375 0.10354014516129033 0.8571557041015625 0.005440067448680351
0 1 0.5437353724340176 0.9890852255859375 0.5166925131964809 0.8207179501953125 0.677048513196481 0.737790822265625 0.9845546730205278 0.763401009765625 1 1 1 1 0.5437353724340176
0 0.756637896484375 0.7676024574780058 0.7968450654296875 0.5487637316715542 0.67748018359375 0.4789617609970675 0.5744495859375 0.5732887287390029 0.6134001298828125 0.9166392140762464 0.756637896484375 0.7676024574780058
0 0.50634765625 0.6972140762463344 0.138671875 0.40175953079178883
0 0.07861328125 0.4274193548387097 0.1572265625 0.2873900293255132
0 0.296875 0.5263929618768328 0.158203125 0.32111436950146627
0 1 0.26533484897360704 0.803127384765625 0.5997003240469209 0.84459094921875 0.6902542683284458 1 0.39352782111436946 1 0.26533484897360704
0 1 0.11440225659824048 0.9174663427734375 0.11297287683284457 0.8043838955078125 0.531784866568915 0.85464268359375 0.5563098636363636 1 0.24028689296187686 1 0.11440225659824048
0 0.6324554072265625 0 0.5618848310546875 0.2129595513196481 0.55685890625 0.3789750865102639 0.6397860341796875 0.3865212199413489 0.668684958984375 0.02241893255131965 0.6466021181640625 0 0.6324554072265625 0
0 0.51220703125 0.49486803519061584 0.1142578125 0.19501466275659823
0 0.64697265625 0.41275659824046923 0.0693359375 0.31378299120234604
0 0.4111328125 0.5139296187683284 0.171875 0.3225806451612903
0 0.0673828125 0.08870967741935484 0.134765625 0.17595307917888564
0 0.14794921875 0.3027859237536657 0.1328125 0.20527859237536658
0 0.171875 0.48826979472140764 0.1220703125 0.19208211143695014
0 0.21044921875 0.11070381231671554 0.1201171875 0.22140762463343108
0 0.69775390625 0.1693548387096774 0.0712890625 0.3387096774193548