0 0.1181640625 0.8218475073313783 0.18408203125 0.2316715542521994
0 0.234375 0.8643695014662757 0.18505859375 0.26099706744868034
0 0.09716796875 0.5894428152492669 0.1943359375 0.2749266862170088
0 0.48974609375 0.7426686217008798 0.189453125 0.27052785923753664
0 0.83349609375 0.842375366568915 0.166015625 0.3152492668621701
0 0.9609375 0.655425219941349 0.07763671875 0.2118768328445748
0 0.9619140625 0.8804985337243402 0.076171875 0.20087976539589442
0 0.455078125 0.6832844574780058 0.091796875 0.125366568914956
0 0.58740234375 0.6436950146627566 0.09326171875 0.17008797653958943
0 0.47900390625 0.5131964809384164 0.10302734375 0.21994134897360704
0 0.41845703125 0.5102639296187683 0.0849609375 0.20747800586510265
0 0.2412109375 0.4318181818181818 0.111328125 0.1744868035190616
0 0.06689453125 0.35043988269794724 0.10791015625 0.17595307917888564
0 0.21875 0.14222873900293256 0.13525390625 0.18328445747800587
0 0.119140625 0.1627565982404692 0.0966796875 0.16788856304985336
0 0.02880859375 0.17082111436950145 0.0576171875 0.12023460410557185
0 0.04296875 0.060117302052785926 0.07421875 0.10483870967741936
0 0.44970703125 0.18988269794721407 0.10205078125 0.1810850439882698
0 0.33251953125 0.28812316715542524 0.09375 0.12023460410557185
0 0.646484375 0.1158357771260997 0.083984375 0.15542521994134897
0 0.54443359375 0.05205278592375367 0.078125 0.10337243401759531
0 0.54150390625 0.1774193548387097 0.07080078125 0.1092375366568915
0 0.71630859375 0.3629032258064516 0.30126953125 0.3020527859237537
0 0.83984375 0.05205278592375367 0.107421875 0.10410557184750734
0 0.9443359375 0.24486803519061584 0.111328125 0.20527859237536658