0 0.75927734375 0.23460410557184752 0.1826171875 0.24193548387096775
0 0.92431640625 0.9450146627565983 0.1513671875 0.09237536656891496
0 0.97998046875 0.7434017595307918 0.0400390625 0.2756598240469208
0 0.9755859375 0.48607038123167157 0.048828125 0.26832844574780057
0 0.94873046875 0.19794721407624633 0.0986328125 0.29472140762463345
0 0.95361328125 0.05718475073313783 0.0830078125 0.11436950146627566
0 0.05322265625 0.6986803519061584 0.1044921875 0.2404692082111437
0 0.04345703125 0.876099706744868 0.080078125 0.15395894428152493
0 0.04052734375 0.9772727272727273 0.0712890625 0.045454545454545456
0 0.06201171875 0.5 0.1240234375 0.15835777126099707
0 0.0654296875 0.20087976539589442 0.130859375 0.2316715542521994
0 0.03662109375 0.36730205278592376 0.0732421875 0.1187683284457478
0 0.10498046875 0.3453079178885631 0.1005859375 0.1495601173020528
0 0.06787109375 0.05791788856304985 0.1357421875 0.09824046920821114