0 0.58837890625 0.6964809384164223 0.123046875 0.187683284457478
0 0.7490234375 0.501466275659824 0.16796875 0.17888563049853373
0 0.8330078125 1 0.8330078125 0.8016194134897361 0.7141214853515625 0.6779570454545455 0.6528312392578125 0.7904099692082112 0.8093117890625 1 0.8330078125 1
0 0.74365234375 0.7456011730205279 0.1328125 0.10263929618768329
0 0.267578125 0.12023460410557185 0.201171875 0.2404692082111437
0 0.20556640625 0.4090909090909091 0.0771484375 0.1495601173020528
0 0.30224609375 0.30718475073313783 0.1875 0.13196480938416422
0 0.27099609375 0.967008797653959 0.1923828125 0.06598240469208211
0 0.41064453125 0.4941348973607038 0.255859375 0.31085043988269795
0 0.33447265625 0.7316715542521994 0.138671875 0.3064516129032258
0 0.21435546875 0.749266862170088 0.0947265625 0.501466275659824
0 0.75927734375 0.2470674486803519 0.146484375 0.29472140762463345
0 0.7962659833984375 1 0.7141214853515625 0.8885506480938417 0.64874522265625 0.9969142521994135 0.651031384765625 1 0.7962659833984375 1