0 0.0634765625 0.40689149560117305 0.126953125 0.2873900293255132
0 0.05810546875 0.7258064516129032 0.1162109375 0.218475073313783
0 0 0 0 0.07026668328445748 0.0378366494140625 0.18335778152492668 0.11204962890625 0.2836427448680352 0.2035790458984375 0.3356423269794721 0.24192234375 0.2687856847507331 0.2258429404296875 0.14807235923753664 0.1355504443359375 0.006930501466275659 0.05088475 0 0 0
0 0.02001953125 0.08870967741935484 0.0400390625 0.13636363636363635
0 0.9423828125 0.6752199413489736 0.115234375 0.2404692082111437
0 0.9541015625 0.8922287390029325 0.091796875 0.2155425219941349
0 0.7802734375 0.6869501466275659 0.1591796875 0.18475073313782991
0 0.87060546875 0.841642228739003 0.130859375 0.21700879765395895
0 0.96337890625 0.4479472140762463 0.072265625 0.2653958944281525
0 0.83447265625 0.4142228739002933 0.23046875 0.3870967741935484
0 0.8427734375 0.1187683284457478 0.1953125 0.2375366568914956
0 0.9541015625 0.16495601173020527 0.091796875 0.32991202346041054