0 0.4990234375 0.13636363636363635 0.0712890625 0.2595307917888563
0 0.62744140625 0.14589442815249268 0.072265625 0.20967741935483872
0 0.8388671875 0.22434017595307917 0.2421875 0.2697947214076246
0 0.9794921875 0.156158357771261 0.0361328125 0.2859237536656892
0 0.86669921875 0.045454545454545456 0.1220703125 0.09090909090909091
0 0.736328125 0.045454545454545456 0.109375 0.09090909090909091
0 0.41552734375 0.13856304985337242 0.0625 0.2653958944281525
0 0.30126953125 0.4156891495601173 0.0849609375 0.34457478005865105
0 0.28662109375 0.1217008797653959 0.080078125 0.23313782991202345
0 0.41552734375 0.9538123167155426 0.1533203125 0.09237536656891496
0 0.21044921875 0.43914956011730205 0.05859375 0.2434017595307918
0 0.1005859375 0.23460410557184752 0.201171875 0.36363636363636365
0 0.1396484375 0.8284457478005866 0.275390625 0.34310850439882695
0 0.052734375 0.6195014662756598 0.1044921875 0.1495601173020528