0 0.767578125 0.9149560117302052 0.142578125 0.1598240469208211
0 0.70068359375 0.5630498533724341 0.20703125 0.3255131964809384
0 0.73876953125 0.06158357771260997 0.1767578125 0.12316715542521994
0 0.65673828125 0.6224340175953079 0.095703125 0.15835777126099707
0 0.625 0.4002932551319648 0.12890625 0.16129032258064516
0 0.52880859375 0.5857771260997068 0.166015625 0.1774193548387097
0 0.52783203125 0.6869501466275659 0.1572265625 0.14809384164222875
0 0.47216796875 0.9464809384164223 0.1318359375 0.10703812316715543
0 0.2548828125 0.9582111436950147 0.138671875 0.08357771260997067
0 0.287109375 0.6414956011730205 0.1376953125 0.17595307917888564
0 0.36279296875 0.8379765395894428 0.091796875 0.16129032258064516
0 0.22802734375 0.3101173020527859 0.119140625 0.14516129032258066
0 0.19384765625 0.4846041055718475 0.0556640625 0.13343108504398826
0 0.2763671875 0.48607038123167157 0.0830078125 0.1217008797653959
0 0.41162109375 0.2221407624633431 0.2314453125 0.4442815249266862
0 0.18896484375 0.041788856304985335 0.0556640625 0.0689149560117302