0 0.341796875 0.4120234604105572 0.1884765625 0.250733137829912
0 0.529296875 0.5080645161290323 0.138671875 0.26099706744868034
0 0.62353515625 0.7199413489736071 0.1845703125 0.27419354838709675
0 0.9296875 0.8401759530791789 0.140625 0.21407624633431085
0 0.69287109375 0.4868035190615836 0.19140625 0.25219941348973607
0 0.84521484375 0.24780058651026393 0.267578125 0.34750733137829914
0 0.89892578125 0.027126099706744868 0.1904296875 0.054252199413489736
0 0.669921875 0.17082111436950145 0.248046875 0.3416422287390029
0 0.41796875 0.06671554252199413 0.3203125 0.13343108504398826
0 0.462890625 0.20381231671554254 0.158203125 0.2536656891495601
0 0.22900390625 0.11070381231671554 0.2734375 0.2126099706744868
0 0.1220703125 0.2859237536656892 0.244140625 0.5249266862170088
0 0.2373046875 0.5894428152492669 0.2041015625 0.39589442815249265
0 0.4453125 0.7668621700879765 0.212890625 0.4662756598240469
0 0.1787109375 0.7866568914956011 0.212890625 0.42668621700879766
0 0.90087890625 0.5711143695014663 0.1982421875 0.2595307917888563
0 0.7890625 0.8621700879765396 0.1142578125 0.24926686217008798