0 0.814453125 0.6796187683284457 0.1953125 0.23313782991202345
0 0.8623046875 0.8614369501466276 0.119140625 0.14076246334310852
0 0.6982421875 0.38563049853372433 0.1171875 0.2565982404692082
0 0.79541015625 0.08651026392961877 0.064453125 0.17302052785923755
0 0.9208984375 0.08797653958944282 0.158203125 0.17595307917888564
0 0.900390625 0.33724340175953077 0.1796875 0.25806451612903225
0 0.9443359375 0.5447214076246334 0.111328125 0.22580645161290322
0 0.9580078125 0.7675953079178885 0.083984375 0.29178885630498536
0 0.7294921875 0.9545454545454546 0.21484375 0.08211143695014662
0 0.9365234375 0.9567448680351907 0.126953125 0.07331378299120235
0 0.37109375 0.7214076246334311 0.25 0.5571847507331378
0 0.22412109375 0.591642228739003 0.17578125 0.3489736070381232
0 0.31787109375 0.19574780058651026 0.2109375 0.3724340175953079
0 0.53564453125 0.1495601173020528 0.140625 0.2991202346041056
0 0.369140625 0.02785923753665689 0.17578125 0.05571847507331378
0 0.62158203125 0.8042521994134897 0.19921875 0.2903225806451613
0 0.5869140625 0.5043988269794721 0.14453125 0.3020527859237537
0 0.68212890625 0.11730205278592376 0.1240234375 0.23460410557184752