0 0.10205078125 0.21114369501466276 0.2001953125 0.2316715542521994
0 0.19384765625 0.905425219941349 0.193359375 0.1774193548387097
0 0.06298828125 0.4472140762463343 0.1259765625 0.2287390029325513
0 0.0537109375 0.8782991202346041 0.107421875 0.22287390029325513
0 0.041015625 0.6686217008797654 0.08203125 0.2316715542521994
0 0.12548828125 0.06085043988269795 0.2431640625 0.1217008797653959
0 0.9619140625 0.8504398826979472 0.072265625 0.2991202346041056
0 0.97314453125 0.14736070381231672 0.0537109375 0.27126099706744866
0 0.51416015625 0.1466275659824047 0.2158203125 0.2932551319648094
0 0.33251953125 0.7639296187683284 0.2275390625 0.2903225806451613
0 0.21142578125 0.48900293255131966 0.2763671875 0.2653958944281525
0 0.10791015625 0.717008797653959 0.189453125 0.23313782991202345
0 0.44873046875 0.8321114369501467 0.20703125 0.3225806451612903
0 0.35546875 0.30425219941348974 0.1591796875 0.23900293255131966
0 0.42431640625 0.5359237536656891 0.1904296875 0.29765395894428154
0 0.5498046875 0.40982404692082114 0.24609375 0.2844574780058651
0 0.3427734375 0.10410557184750734 0.17578125 0.20821114369501467