0 0.57958984375 0.4736070381231672 0.1806640625 0.17155425219941348
0 0.44970703125 0.46994134897360706 0.087890625 0.1906158357771261
0 0.30078125 0.594574780058651 0.1279296875 0.23607038123167157
0 0.53271484375 0.7536656891495601 0.2197265625 0.3782991202346041
0 0.3505859375 0.9208211143695014 0.166015625 0.15835777126099707
0 0.22802734375 0.8658357771260997 0.1669921875 0.26832844574780057
0 0.07958984375 0.9721407624633431 0.1494140625 0.05571847507331378
0 0.0185546875 0.6334310850439883 0.037109375 0.21407624633431085
0 0.02734375 0.873900293255132 0.048828125 0.25219941348973607
0 0.10107421875 0.2939882697947214 0.1533203125 0.19501466275659823
0 0.18798828125 0.16862170087976538 0.15234375 0.32404692082111436
0 0.052734375 0.09824046920821114 0.10546875 0.17595307917888564
0 0.02783203125 0.25146627565982405 0.0556640625 0.3357771260997067
0 0.625 0.16715542521994134 0.240234375 0.3343108504398827
0 0.85498046875 0.2126099706744868 0.2880859375 0.4252199413489736
0 0.86474609375 0.6620234604105572 0.2705078125 0.4706744868035191
0 0.3603515625 0.187683284457478 0.2333984375 0.37390029325513197
0 0.13232421875 0.4736070381231672 0.1787109375 0.15835777126099707