0 0.2744140625 0.5762463343108505 0.158203125 0.23313782991202345
0 0.07666015625 0.5674486803519062 0.1533203125 0.2961876832844575
0 0.2627530146484375 1 0.2939276982421875 0.9762464985337244 0.3003135595703125 0.8880183973607039 0.26966123828125 0.8247243665689149 0.222405654296875 0.765266280058651 0.170041193359375 0.8458223181818182 0.116399630859375 0.9206243548387097 0.069049935546875 1 0.2627530146484375 1
0 0.0537109375 0.8475073313782991 0.107421875 0.3035190615835777
0 0.9453125 0.18255131964809385 0.109375 0.1935483870967742
0 0.97216796875 0.0373900293255132 0.0556640625 0.0747800586510264
0 0.96630859375 0.47287390029325516 0.06640625 0.1348973607038123
0 0.052734375 0.13636363636363635 0.10546875 0.2727272727272727
0 0.05078125 0.34237536656891493 0.1015625 0.1598240469208211
0 0.939453125 0.3629032258064516 0.12109375 0.1906158357771261
0 0.943359375 0.7067448680351907 0.11328125 0.2697947214076246
0 0.912109375 0.5197947214076246 0.115234375 0.11436950146627566
0 0.94140625 0.9222873900293255 0.1171875 0.15542521994134897