0 0.70166015625 0.4802052785923754 0.1328125 0.21114369501466276
0 0.93017578125 0.6063049853372434 0.1396484375 0.3870967741935484
0 0.93701171875 0.35997067448680353 0.1259765625 0.2155425219941349
0 0.64013671875 0.21627565982404692 0.2255859375 0.38563049853372433
0 0.55419921875 0.1187683284457478 0.1259765625 0.2375366568914956
0 0.3779296875 0.08357771260997067 0.173828125 0.16715542521994134
0 0.676783638671875 0.6138429296187683 0.7302694384765624 0.7423594442815249 0.8693323701171874 0.6700689384164222 0.97630384765625 0.6017945117302053 0.9816525869140625 0.5054071700879765 0.9361895283203125 0.4431570439882698 0.8492752109375 0.47327808797653964 0.755675091796875 0.5556089721407624 0.676783638671875 0.6138429296187683
0 0.921875 0.12463343108504399 0.15625 0.24926686217008798
0 0.74267578125 0.36436950146627567 0.1796875 0.22140762463343108
0 0.89013671875 0.9193548387096774 0.2197265625 0.16129032258064516
0 0.111328125 0.2859237536656892 0.1474609375 0.18181818181818182
0 0.21630859375 0.5300586510263929 0.244140625 0.33284457478005863
0 0.2978515625 0.9354838709677419 0.15234375 0.12903225806451613
0 0.32373046875 0.6825513196480938 0.134765625 0.19941348973607037
0 0.2568359375 0.19941348973607037 0.166015625 0.34017595307917886
0 0.43359375 0.25513196480938416 0.1953125 0.2829912023460411
0 0.3916015625 0.4120234604105572 0.166015625 0.22287390029325513
0 0.578125 0.9721407624633431 0.189453125 0.05571847507331378
0 0.41943359375 0.8922287390029325 0.208984375 0.2155425219941349
0 0.68115234375 0.875366568914956 0.1767578125 0.24926686217008798
0 0.53515625 0.5513196480938416 0.248046875 0.22580645161290322
0 0.49365234375 0.7719941348973607 0.197265625 0.250733137829912
0 0.6376953125 0.7331378299120235 0.1640625 0.22727272727272727
0 0.0869140625 0.09897360703812316 0.173828125 0.19794721407624633