0 0.36181640625 0.16422287390029325 0.115234375 0.312316715542522
0 0.48974609375 0.10850439882697947 0.09326171875 0.18621700879765396
0 0.60107421875 0.07917888563049853 0.06591796875 0.14516129032258066
0 0.861328125 0.250733137829912 0.23681640625 0.501466275659824
0 0.67919921875 0.12976539589442815 0.07958984375 0.2587976539589443
0 0.55419921875 0.3057184750733138 0.16357421875 0.36436950146627567
0 0.40576171875 0.5227272727272727 0.17529296875 0.3027859237536657
0 0.30908203125 0.3841642228739003 0.15087890625 0.29472140762463345
0 0.1875 0.5439882697947214 0.22119140625 0.24926686217008798
0 0.08837890625 0.7653958944281525 0.17626953125 0.3467741935483871
0 0.08740234375 0.2221407624633431 0.16552734375 0.30718475073313783
0 0.04638671875 0.48826979472140764 0.083984375 0.2001466275659824
0 0.0908203125 0.030058651026392963 0.181640625 0.05498533724340176
0 0.23779296875 0.125366568914956 0.20947265625 0.250733137829912