0 0.8984375 0.44501466275659823 0.203125 0.40615835777126097
0 0.8857421875 0.8387096774193549 0.228515625 0.30791788856304986
0 0.6962890625 0.35997067448680353 0.1982421875 0.27419354838709675
0 0.58349609375 0.8365102639296188 0.2060546875 0.32697947214076245
0 0.72314453125 0.8636363636363636 0.2001953125 0.2653958944281525
0 0.77734375 0.20307917888563048 0.2060546875 0.3724340175953079
0 0.48193359375 0.3225806451612903 0.19921875 0.3255131964809384
0 0.3876953125 0.07844574780058651 0.25390625 0.15689149560117302
0 0.16064453125 0.5212609970674487 0.244140625 0.34457478005865105
0 0.39892578125 0.6290322580645161 0.171875 0.3519061583577713
0 0.26708984375 0.8482404692082112 0.2451171875 0.3035190615835777
0 0.08349609375 0.8372434017595308 0.1494140625 0.2829912023460411
0 0.30322265625 0.26392961876832843 0.220703125 0.3357771260997067
0 0.09912109375 0.21407624633431085 0.1982421875 0.41348973607038125