0 0.72314453125 0.9105571847507331 0.1630859375 0.17888563049853373
0 0.19873046875 0.9266862170087976 0.162109375 0.1348973607038123
0 0.06591796875 0.8643695014662757 0.1318359375 0.23900293255131966
0 0.0517578125 0.6107038123167156 0.103515625 0.29472140762463345
0 0.15966796875 0.36436950146627567 0.236328125 0.17595307917888564
0 0.08935546875 0.15469208211143695 0.1748046875 0.3093841642228739
0 0.37890625 0.3291788856304985 0.20703125 0.31378299120234604
0 0.2265625 0.20674486803519063 0.130859375 0.23900293255131966
0 0.890625 0.7954545454545454 0.2158203125 0.34310850439882695
0 0.69775390625 0.5791788856304986 0.1865234375 0.25219941348973607
0 0.61962890625 0.6920821114369502 0.181640625 0.2536656891495601
0 0.4287109375 0.8101173020527859 0.193359375 0.37976539589442815
0 0.572265625 0.9208211143695014 0.076171875 0.15835777126099707
0 0.39013671875 0.5542521994134897 0.310546875 0.19648093841642228
0 0.23046875 0.7426686217008798 0.09765625 0.1774193548387097
0 0.15673828125 0.594574780058651 0.1025390625 0.2375366568914956