0 0.08740234375 0.8152492668621701 0.169921875 0.18035190615835778
0 0.0478515625 0.4640762463343108 0.095703125 0.20087976539589442
0 0.06884765625 0.13929618768328444 0.1376953125 0.22580645161290322
0 0.47900390625 0.5439882697947214 0.076171875 0.17302052785923755
0 0.64111328125 0.4479472140762463 0.0732421875 0.18328445747800587
0 0.1953125 0.4002932551319648 0.2177734375 0.27126099706744866
0 0.27880859375 0.6942815249266863 0.2138671875 0.3255131964809384
0 0.22119140625 0.18035190615835778 0.1494140625 0.1744868035190616
0 0.2265625 0.038856304985337244 0.126953125 0.06598240469208211
0 0.4755859375 0.05205278592375367 0.130859375 0.10410557184750734
0 0.36279296875 0.3489736070381232 0.09765625 0.1774193548387097
0 0.93212890625 0.7148093841642229 0.1318359375 0.3914956011730205