0 0.4384765625 0.4156891495601173 0.203125 0.22580645161290322
0 0.67236328125 0.1532258064516129 0.1904296875 0.3020527859237537
0 0.53369140625 0.1158357771260997 0.1533203125 0.2316715542521994
0 0.4111328125 0.22434017595307917 0.154296875 0.18914956011730205
0 0.3740234375 0.14589442815249268 0.15234375 0.15835777126099707
0 0.3203125 0.041788856304985335 0.12890625 0.08357771260997067
0 0.22119140625 0.06085043988269795 0.1142578125 0.1217008797653959
0 0.29248046875 0.6136363636363636 0.2451171875 0.3519061583577713
0 0.21826171875 0.4897360703812317 0.0751953125 0.1187683284457478
0 0.95166015625 0.1436950146627566 0.0966796875 0.2668621700879765
0 0.85693359375 0.18988269794721407 0.15234375 0.1656891495601173
0 0.90478515625 0.40615835777126097 0.1904296875 0.2287390029325513
0 0.8017578125 0.34310850439882695 0.1171875 0.13196480938416422
0 0.9580078125 0.7859237536656891 0.0771484375 0.1187683284457478
0 0.95361328125 0.9523460410557185 0.0810546875 0.09530791788856305
0 0.974609375 0.6363636363636364 0.0498046875 0.14222873900293256
0 0.1672381455078125 0.1366706173020528 0.0054557021484375 0.02415468035190616 0.0034077744140625 0.20031530205278592 0.1179643447265625 0.2877128387096774 0.1672381455078125 0.1366706173020528
0 0.2138671875 0.2969208211143695 0.1923828125 0.23020527859237536
0 0.1962890625 0.9604105571847508 0.1220703125 0.06598240469208211
0 0.05419921875 0.9413489736070382 0.1083984375 0.093841642228739
0 0.0810546875 0.5755131964809385 0.162109375 0.218475073313783
0 0.169921875 0.8071847507331378 0.1923828125 0.23607038123167157
0 0.03271484375 0.8108504398826979 0.0654296875 0.25513196480938416