0 0.2958984375 0.5439882697947214 0.18359375 0.18621700879765396
0 0.24609375 0.42302052785923755 0.138671875 0.1187683284457478
0 0.36962890625 0.08797653958944282 0.1416015625 0.17595307917888564
0 0.59814453125 0.1378299120234604 0.1943359375 0.2756598240469208
0 0.458984375 0.18988269794721407 0.091796875 0.1466275659824047
0 0.65966796875 0.3020527859237537 0.1005859375 0.17302052785923755
0 0.79345703125 0.37683284457478006 0.0791015625 0.3519061583577713
0 0.50390625 0.032991202346041054 0.21484375 0.06598240469208211
0 0.7744140625 0.12096774193548387 0.1171875 0.22580645161290322
0 0.7861328125 0.8064516129032258 0.09375 0.2287390029325513
0 0.7158203125 0.9347507331378299 0.234375 0.13049853372434017
0 0.80810546875 0.9618768328445748 0.0498046875 0.07624633431085044
0 0.35546875 0.8775659824046921 0.185546875 0.24486803519061584
0 0.490234375 0.7456011730205279 0.234375 0.2932551319648094
0 0.6298828125 0.5615835777126099 0.1767578125 0.36656891495601174
0 0.46240234375 0.43328445747800587 0.20703125 0.24780058651026393
0 0.232421875 0.15542521994134897 0.130859375 0.31085043988269795