0 0.037109375 0.3225806451612903 0.07421875 0.22580645161290322
0 0.06298828125 0.11436950146627566 0.1259765625 0.2287390029325513
0 0.8916015625 0.9362170087976539 0.216796875 0.12756598240469208
0 0.83349609375 0.2785923753665689 0.228515625 0.24780058651026393
0 0.9775390625 0.23826979472140764 0.044921875 0.30058651026392963
0 0.9599609375 0.8115835777126099 0.080078125 0.2287390029325513
0 0.97119140625 0.5909090909090909 0.0576171875 0.23607038123167157
0 0.6767578125 0.4303519061583578 0.189453125 0.23460410557184752
0 0.7021484375 0.11510263929618768 0.232421875 0.23020527859237536
0 0.6123046875 0.3020527859237537 0.1572265625 0.23020527859237536
0 0.65185546875 0.9362170087976539 0.1630859375 0.12756598240469208
0 0.82763671875 0.6275659824046921 0.28515625 0.5219941348973607
0 0.91455078125 0.4838709677419355 0.125 0.2903225806451613
0 0.72314453125 0.5278592375366569 0.169921875 0.18328445747800587
0 0.5546875 0.6165689149560117 0.119140625 0.15835777126099707
0 0.59228515625 0.7441348973607038 0.0986328125 0.10263929618768329
0 0.43359375 0.8379765395894428 0.263671875 0.32404692082111436
0 0.48486328125 0.9574780058651027 0.1494140625 0.08504398826979472
0 0.90234375 0.04398826979472141 0.1953125 0.08797653958944282