0 0.7265625 0.9142228739002932 0.205078125 0.17155425219941348
0 0.48876953125 0.6510263929618768 0.2626953125 0.21994134897360704
0 0.4755859375 0.906891495601173 0.3203125 0.18621700879765396
0 0.25927734375 0.8511730205278593 0.1943359375 0.20527859237536658
0 0.52880859375 0.45527859237536655 0.234375 0.20527859237536658
0 0.4541015625 0.22434017595307917 0.2431640625 0.29765395894428154
0 0.43115234375 0.050586510263929615 0.2236328125 0.10117302052785923
0 0.27294921875 0.10043988269794721 0.1015625 0.1436950146627566
0 0.25244140625 0.026392961876832845 0.1494140625 0.05278592375366569
0 0.22607421875 0.2837243401759531 0.1181640625 0.4002932551319648
0 0.31201171875 0.3885630498533724 0.0576171875 0.29765395894428154
0 0.36376953125 0.4743401759530792 0.0947265625 0.17888563049853373
0 0.2080078125 0.6290322580645161 0.087890625 0.23900293255131966
0 0.2705078125 0.6378299120234604 0.1787109375 0.10850439882697947