0 0.603515625 0.3973607038123167 0.10205078125 0.15762463343108504
0 0.33154296875 0.5153958944281525 0.1240234375 0.2316715542521994
0 0.19140625 0.5190615835777126 0.1689453125 0.24120234604105573
0 0.5791015625 0.5901759530791789 0.20263671875 0.23533724340175954
0 0.53271484375 0.3951612903225806 0.1025390625 0.11950146627565983
0 0.44873046875 0.28005865102639294 0.1142578125 0.14076246334310852
0 0.7412109375 0.10410557184750734 0.09765625 0.16642228739002932
0 0.474609375 0.05791788856304985 0.126953125 0.1158357771260997
0 0.1044921875 0.1378299120234604 0.208984375 0.2749266862170088
0 0.2724609375 0.032991202346041054 0.109375 0.06598240469208211
0 0.8583984375 0.5087976539589443 0.283203125 0.5058651026392962
0 0.05126953125 0.6019061583577713 0.1025390625 0.18914956011730205
0 0.38525390625 0.41055718475073316 0.119140625 0.13929618768328444
0 0.4208984375 0.6114369501466276 0.0693359375 0.06158357771260997
0 0.41845703125 0.5520527859237536 0.107421875 0.1693548387096774
0 0.64697265625 0.11143695014662756 0.13720703125 0.2221407624633431
0 0.831084859375 0.3777565527859238 0.8554427373046875 0.3850710058651026 0.88876701953125 0.12701023020527857 0.8249954169921875 0.11992107771260997 0.831084859375 0.3777565527859238
0 0.8603515625 0.05718475073313783 0.107421875 0.11436950146627566
0 0.93701171875 0.31378299120234604 0.1259765625 0.3621700879765396
0 0.96240234375 0.06158357771260997 0.07470703125 0.12316715542521994
0 0.7957659189453125 0.41981485043988276 0.827431171875 0.41981485043988276 0.8359564794921875 0.11992107771260997 0.7567931806640625 0.1308927991202346 0.7957659189453125 0.41981485043988276