0 0.958984375 0.6407624633431085 0.08203125 0.2697947214076246
0 0.9599609375 0.3629032258064516 0.080078125 0.20967741935483872
0 0.22802734375 0.4838709677419355 0.1279296875 0.35777126099706746
0 0.07275390625 0.38343108504398826 0.109375 0.27712609970674484
0 0.916015625 0.1187683284457478 0.16796875 0.21994134897360704
0 0.4853515625 0.7148093841642229 0.1259765625 0.2932551319648094
0 0.72900390625 0.844574780058651 0.1220703125 0.22434017595307917
0 0.89501953125 0.8717008797653959 0.1787109375 0.2565982404692082
0 0.36328125 0.7478005865102639 0.1064453125 0.35043988269794724
0 0.220703125 0.7712609970674487 0.1220703125 0.4281524926686217
0 0.2089014130859375 0.9097127272727272 0.2438290283203125 0.5511289662756599 0.2272658193359375 0.48040170234604107 0.0933915654296875 0.6074375366568915 0.0927043095703125 0.8966255938416422 0.2089014130859375 0.9097127272727272
0 0 0.986972068914956 0.034479306640625 0.9878757082111437 0.0671960673828125 0.6750357360703813 0 0.793316448680352 0 0.986972068914956
0 0.206897912109375 0.7369399897360703 0.1739645234375 0.6939009794721408 0.0778980947265625 0.789793620234604 0.0258161630859375 0.9876486627565981 0.1068084423828125 0.9897713240469208 0.206897912109375 0.7369399897360703
0 0.2822265625 0.9538123167155426 0.111328125 0.08357771260997067
0 0.76220703125 0.967741935483871 0.0986328125 0.06451612903225806
0 0.61181640625 0.8152492668621701 0.1796875 0.3387096774193548
0 0.66162109375 0.9523460410557185 0.1123046875 0.09530791788856305
0 0.47119140625 0.8841642228739003 0.08984375 0.16715542521994134
0 0.38232421875 0.9134897360703812 0.08984375 0.17008797653958943