0 0.8134765625 0.06378299120234604 0.16015625 0.12609970674486803
0 0.9892578125 0.07404692082111437 0.021484375 0.10117302052785923
0 0.94384765625 0.25439882697947214 0.1123046875 0.3914956011730205
0 0.8486328125 0.5989736070381232 0.25 0.3196480938416422
0 0.25244140625 0.6085043988269795 0.2109375 0.2873900293255132
0 0.08056640625 0.5373900293255132 0.1611328125 0.3093841642228739
0 0.94580078125 0.8658357771260997 0.1083984375 0.26832844574780057
0 0.77392578125 0.8870967741935484 0.1513671875 0.22580645161290322
0 0.11279296875 0.8196480938416423 0.158203125 0.17888563049853373
0 0.515291375 0.7192535014662756 0.5871592724609375 0.9778715674486803 0.6346192109375 0.9289988607038123 0.55818941015625 0.7103176979472141 0.515291375 0.7192535014662756
0 0.44677734375 0.7705278592375366 0.0654296875 0.17888563049853373
0 0.38525390625 0.8291788856304986 0.0732421875 0.2316715542521994
0 0.23681640625 0.8643695014662757 0.1142578125 0.16422287390029325
0 0.32275390625 0.9193548387096774 0.103515625 0.14076246334310852
0 0.4931640625 0.9178885630498533 0.076171875 0.15835777126099707