0 0.56005859375 0.5175953079178885 0.25 0.4208211143695015
0 0.54248046875 0.14809384164222875 0.248046875 0.2961876832844575
0 0.662109375 0.7565982404692082 0.19921875 0.30791788856304986
0 0.7568359375 0.9318181818181818 0.1953125 0.1348973607038123
0 0.56787109375 0.9303519061583577 0.1826171875 0.1378299120234604
0 0.44287109375 0.8548387096774194 0.1611328125 0.2903225806451613
0 0.30517578125 0.8592375366568915 0.1005859375 0.28152492668621704
0 0.3623046875 0.5894428152492669 0.1328125 0.19648093841642228
0 0.35498046875 0.3775659824046921 0.1259765625 0.21407624633431085
0 0.21630859375 0.12903225806451613 0.36328125 0.25806451612903225
0 0.1396484375 0.4215542521994135 0.279296875 0.3387096774193548
0 0.1259765625 0.7888563049853372 0.251953125 0.4222873900293255