0 0.435546875 0.4538123167155425 0.2265625 0.38049853372434017
0 0.45166015625 0.8211143695014663 0.22412109375 0.33357771260997066
0 0.34326171875 0.2375366568914956 0.18017578125 0.2785923753665689
0 0.25732421875 0.07038123167155426 0.17626953125 0.14002932551319647
0 0.4287109375 0.0718475073313783 0.16552734375 0.1429618768328446
0 0.54248046875 0.14149560117302054 0.14599609375 0.2785923753665689
0 0.66650390625 0.13563049853372433 0.0908203125 0.27126099706744866
0 0.615234375 0.38929618768328444 0.12060546875 0.1774193548387097
0 0.62158203125 0.5806451612903226 0.11376953125 0.1942815249266862
0 0.7470703125 0.844574780058651 0.32861328125 0.31085043988269795
0 0.962890625 0.8585043988269795 0.07373046875 0.2829912023460411
0 0.83984375 0.5410557184750733 0.298828125 0.30718475073313783
0 0.857421875 0.20381231671554254 0.28515625 0.3914956011730205