0 0.5498046875 0.9347507331378299 0.21875 0.13049853372434017
0 0.755859375 0.9134897360703812 0.140625 0.17302052785923755
0 0.650390625 0.8130498533724341 0.1494140625 0.2565982404692082
0 0.5390625 0.6158357771260997 0.2060546875 0.25219941348973607
0 0.44677734375 0.7309384164222874 0.1376953125 0.26392961876832843
0 0.3447265625 0.08651026392961877 0.16015625 0.17302052785923755
0 0.7138671875 0.0872434017595308 0.197265625 0.16715542521994134
0 0.7734375 0.22434017595307917 0.12890625 0.22580645161290322
0 0.626953125 0.3409090909090909 0.1513671875 0.2565982404692082
0 0.7421875 0.593108504398827 0.181640625 0.21114369501466276
0 0.43408203125 0.39296187683284456 0.1513671875 0.24780058651026393
0 0.47900390625 0.15175953079178886 0.1611328125 0.3035190615835777
0 0.3037109375 0.2866568914956012 0.138671875 0.24633431085043989
0 0.216796875 0.10043988269794721 0.068359375 0.13343108504398826
0 0.78125 0.39222873900293254 0.1083984375 0.1627565982404692
0 0.783203125 0.7558651026392962 0.0947265625 0.09530791788856305