0 0.62890625 0.07111436950146628 0.111328125 0.14222873900293256
0 0.8701171875 0.18621700879765396 0.255859375 0.21407624633431085
0 0.90673828125 0.06671554252199413 0.1865234375 0.13196480938416422
0 0.74853515625 0.06304985337243402 0.15234375 0.12609970674486803
0 0.77978515625 0.2961876832844575 0.201171875 0.26392961876832843
0 0.9267578125 0.41642228739002934 0.146484375 0.30498533724340177
0 0.89208984375 0.9560117302052786 0.2158203125 0.08797653958944282
0 0.93603515625 0.7932551319648093 0.1279296875 0.1935483870967742
0 0.9462890625 0.6436950146627566 0.107421875 0.12023460410557185
0 0.0625 0.13929618768328444 0.125 0.2785923753665689
0 0.1279296875 0.45527859237536655 0.255859375 0.1906158357771261
0 0.12158203125 0.7954545454545454 0.2431640625 0.4090909090909091
0 0.14013671875 0.7082111436950147 0.208984375 0.3152492668621701