0 0.3134765625 0.9332844574780058 0.1220703125 0.13196480938416422
0 0.21533203125 0.7338709677419355 0.15625 0.2434017595307918
0 0.3828125 0.5696480938416423 0.1640625 0.29765395894428154
0 0.10498046875 0.06964809384164222 0.2099609375 0.13929618768328444
0 0.22216796875 0.05718475073313783 0.1494140625 0.11436950146627566
0 0.05322265625 0.22434017595307917 0.1064453125 0.21407624633431085
0 0.189453125 0.40615835777126097 0.3046875 0.4413489736070381
0 0.18359375 0.5051319648093842 0.28515625 0.250733137829912
0 0.1875 0.2829912023460411 0.333984375 0.21407624633431085
0 0.3046875 0.17595307917888564 0.158203125 0.17008797653958943
0 0.95654296875 0.4868035190615836 0.0869140625 0.18475073313782991
0 0.95849609375 0.20087976539589442 0.08203125 0.35777126099706746
0 0.92626953125 0.7976539589442815 0.146484375 0.4046920821114369
0 0.06591796875 0.8115835777126099 0.1318359375 0.37683284457478006
0 0.03759765625 0.4398826979472141 0.0751953125 0.2785923753665689