0 0.38232421875 0.45527859237536655 0.154296875 0.187683284457478
0 0.26708984375 0.9655425219941349 0.140625 0.0689149560117302
0 0.4375 0.7910557184750733 0.166015625 0.2844574780058651
0 0.57861328125 0.3717008797653959 0.203125 0.2991202346041056
0 0.68701171875 0.6195014662756598 0.302734375 0.3196480938416422
0 0.71826171875 0.8453079178885631 0.2939453125 0.30791788856304986
0 0.75146484375 0.3585043988269795 0.166015625 0.187683284457478
0 0.6620721318359375 0.3077910527859238 0.7127168515625 0.32923426686217006 0.773512640625 0.12721604985337243 0.728299841796875 0.11285215102639296 0.6620721318359375 0.3077910527859238
0 0.703225810546875 0 0.605936646484375 0.23533995307917888 0.6023374150390625 0.23956242815249265 0.6724608720703125 0.2785502258064516 0.7581673193359375 0.04852233284457478 0.7090840380859375 0 0.703225810546875 0
0 0.9794921875 0.9318181818181818 0.041015625 0.13636363636363635
0 0.8916015625 0.7309384164222874 0.173828125 0.22580645161290322
0 0.9296875 0.1656891495601173 0.140625 0.3313782991202346
0 0.8974609375 0.038856304985337244 0.107421875 0.07771260997067449
0 0.7802734375 0.2221407624633431 0.095703125 0.13636363636363635
0 0.6123046875 0.07697947214076246 0.140625 0.15249266862170088
0 0.982421875 0.5139296187683284 0.03515625 0.30058651026392963
0 0.89697265625 0.44208211143695014 0.142578125 0.20234604105571846