0 0.0625 0.8885630498533724 0.1220703125 0.22287390029325513
0 0.0478515625 0.4560117302052786 0.09521484375 0.26392961876832843
0 0.04541015625 0.6781524926686217 0.0908203125 0.17302052785923755
0 0.14453125 0.7324046920821115 0.12548828125 0.1627565982404692
0 0.04443359375 0.20527859237536658 0.0888671875 0.21407624633431085
0 0.59716796875 0.07258064516129033 0.1240234375 0.14516129032258066
0 0.7314453125 0.08504398826979472 0.1279296875 0.1693548387096774
0 0.6474609375 0.25733137829912023 0.197265625 0.2595307917888563
0 0.90087890625 0.09824046920821114 0.1982421875 0.18328445747800587
0 0.837890625 0.906158357771261 0.166015625 0.16495601173020527
0 0.802734375 0.7521994134897361 0.18798828125 0.15395894428152493
0 0.935546875 0.783724340175953 0.1240234375 0.13269794721407624
0 0.943359375 0.9178885630498533 0.11279296875 0.1627565982404692
0 0.74267578125 0.5674486803519062 0.0986328125 0.12609970674486803
0 0.87158203125 0.6363636363636364 0.25634765625 0.16788856304985336
0 0.90380859375 0.38929618768328444 0.19189453125 0.10850439882697947
0 0.908203125 0.26173020527859236 0.18359375 0.17008797653958943
0 0.92724609375 0.49193548387096775 0.1455078125 0.15689149560117302
0 0.81689453125 0.48607038123167157 0.11865234375 0.14736070381231672
0 0.7734375 0.29545454545454547 0.1181640625 0.26099706744868034