0 0.7216796875 0.054252199413489736 0.2041015625 0.10263929618768329
0 0.90380859375 0.09237536656891496 0.1923828125 0.17008797653958943
0 0.1669921875 0.039589442815249266 0.26953125 0.07917888563049853
0 0.0625 0.18841642228739003 0.1220703125 0.32404692082111436
0 0.044921875 0.45454545454545453 0.08984375 0.46920821114369504
0 0.18017578125 0.4897360703812317 0.1708984375 0.2829912023460411
0 0.6416015625 0.8643695014662757 0.251953125 0.27126099706744866
0 0.8125 0.9736070381231672 0.138671875 0.05278592375366569
0 0.7646484375 0.8394428152492669 0.064453125 0.09237536656891496
0 0.40673828125 0.874633431085044 0.169921875 0.250733137829912
0 0.33203125 0.6950146627565983 0.25 0.39589442815249265
0 0.09716796875 0.8247800586510264 0.1943359375 0.28005865102639294
0 0.14599609375 0.9596774193548387 0.2919921875 0.0689149560117302