0 0.1298828125 0.7771260997067448 0.25537109375 0.44574780058651026
0 0.69873046875 0.6422287390029325 0.16455078125 0.3460410557184751
0 0.447265625 0.6290322580645161 0.3017578125 0.4178885630498534
0 0.23046875 0.5183284457478006 0.0947265625 0.1693548387096774
0 0.0966796875 0.38049853372434017 0.19287109375 0.30425219941348974
0 0.306640625 0.19501466275659823 0.15576171875 0.20161290322580644
0 0.16650390625 0.07111436950146628 0.15283203125 0.14222873900293256
0 0.08544921875 0.11363636363636363 0.1630859375 0.21480938416422288
0 0.33447265625 0.03519061583577713 0.12060546875 0.0689149560117302
0 0.57373046875 0.2873900293255132 0.33203125 0.31085043988269795
0 0.486328125 0.05718475073313783 0.10595703125 0.10850439882697947
0 0.5859375 0.16202346041055718 0.11181640625 0.19208211143695014
0 0.92041015625 0.5153958944281525 0.08935546875 0.15249266862170088
0 0.61962890625 0.06304985337243402 0.09423828125 0.11436950146627566
0 0.77294921875 0.07404692082111437 0.1708984375 0.13636363636363635
0 0.93701171875 0.06451612903225806 0.1259765625 0.11656891495601172
0 0.83154296875 0.26466275659824046 0.15625 0.2155425219941349
0 0.958984375 0.21334310850439883 0.0791015625 0.13416422287390029
0 0.95458984375 0.35703812316715544 0.08837890625 0.11510263929618768
0 0.8203125 0.4934017595307918 0.10498046875 0.20161290322580644