0 0.34765625 0.6202346041055719 0.19921875 0.34310850439882695
0 0.31494140625 0.3497067448680352 0.0048828125 0.005865102639296188
0 0.1015625 0.531524926686217 0.173828125 0.2859237536656892
0 0.04443359375 0.5161290322580645 0.0888671875 0.4472140762463343
0 0.05078125 0.8870967741935484 0.1015625 0.21407624633431085
0 0.1259765625 0.07624633431085044 0.251953125 0.15249266862170088
0 0.17138671875 0.250733137829912 0.01953125 0.04398826979472141
0 0.34814453125 0.08211143695014662 0.23828125 0.16422287390029325
0 0.55419921875 0.12316715542521994 0.27734375 0.24633431085043989
0 0.85986328125 0.2060117302052786 0.2802734375 0.4120234604105572
0 0.916015625 0.7331378299120235 0.16796875 0.3944281524926686
0 0.51220703125 0.7316715542521994 0.271484375 0.44868035190615835
0 0.7509765625 0.7646627565982405 0.2265625 0.4706744868035191
0 0.20458984375 0.8203812316715543 0.1513671875 0.187683284457478