0 0.48974609375 0.2089442815249267 0.1171875 0.25513196480938416
0 0.564453125 0.14076246334310852 0.07421875 0.1935483870967742
0 0.783203125 0.31744868035190615 0.142578125 0.19941348973607037
0 0.75341796875 0.6334310850439883 0.2109375 0.27419354838709675
0 0.7041015625 0.43914956011730205 0.091796875 0.13049853372434017
0 0.6318359375 0.7148093841642229 0.107421875 0.14076246334310852
0 0.88720703125 0.8152492668621701 0.189453125 0.18181818181818182
0 0.58447265625 0.9193548387096774 0.2177734375 0.16129032258064516
0 0.8828125 0.5073313782991202 0.2099609375 0.3020527859237537
0 0.740234375 0.8966275659824047 0.140625 0.20674486803519063
0 0.32080078125 0.906158357771261 0.1416015625 0.18181818181818182
0 0.14990234375 0.7932551319648093 0.2705078125 0.3548387096774194
0 0.1708984375 0.9325513196480938 0.15625 0.1217008797653959
0 0.27880859375 0.28519061583577715 0.1640625 0.26099706744868034
0 0.36328125 0.47287390029325516 0.18359375 0.3284457478005865
0 0.47314453125 0.6686217008797654 0.2275390625 0.24926686217008798
0 0.5546875 0.4398826979472141 0.1552734375 0.2903225806451613
0 0.7373046875 0.11143695014662756 0.2099609375 0.21700879765395895
0 0.92236328125 0.18035190615835778 0.1552734375 0.34310850439882695
0 0.90283203125 0.9626099706744868 0.1533203125 0.0747800586510264