0 0.009765625 0.26466275659824046 0.01953125 0.2434017595307918
0 0.0380859375 0.0813782991202346 0.076171875 0.1627565982404692
0 0.89306640625 0.9296187683284457 0.2138671875 0.14076246334310852
0 0.8408203125 0.21627565982404692 0.24609375 0.26832844574780057
0 0.98583984375 0.17302052785923755 0.0283203125 0.3255131964809384
0 0.96728515625 0.7925219941348973 0.0654296875 0.24633431085043989
0 0.97900390625 0.5535190615835777 0.041015625 0.25513196480938416
0 0.67138671875 0.38049853372434017 0.205078125 0.2536656891495601
0 0.69873046875 0.08211143695014662 0.251953125 0.16422287390029325
0 0.60205078125 0.24120234604105573 0.169921875 0.24926686217008798
0 0.6435546875 0.9296187683284457 0.17578125 0.14076246334310852
0 0.83447265625 0.593841642228739 0.30859375 0.5645161290322581
0 0.9287109375 0.43841642228739003 0.1357421875 0.31378299120234604
0 0.7216796875 0.48607038123167157 0.18359375 0.19794721407624633
0 0.53955078125 0.5813782991202346 0.12890625 0.17008797653958943
0 0.580078125 0.719208211143695 0.1064453125 0.11143695014662756
0 0.408203125 0.8225806451612904 0.28515625 0.3548387096774194
0 0.46484375 0.9516129032258065 0.162109375 0.0967741935483871