0 0.166015625 0.6920821114369502 0.1220703125 0.18695014662756598
0 0 0.6685071950146627 0.11496215625 0.5313606656891495 0.102783162109375 0.4125003123167156 0 0.5167316744868035 0 0.6685071950146627
0 0.6591796875 0.35117302052785926 0.11181640625 0.1656891495601173
0 0.54345703125 0.12390029325513197 0.1064453125 0.24780058651026393
0 0.732435302734375 0 0.64840049609375 0.182094142228739 0.7153847998046875 0.26438206011730203 0.8724933515625 0 0.732435302734375 0
0 0.68896484375 0.14222873900293256 0.060546875 0.1781524926686217
0 0.29052734375 0.7976539589442815 0.1953125 0.3027859237536657
0 0.11572265625 0.8922287390029325 0.2314453125 0.2155425219941349
0 0.024837908203125 0.8111396700879766 0.1332305927734375 0.7526237052785923 0.1113084697265625 0.5990195923753666 0 0.7325089369501466 0.024837908203125 0.8111396700879766
0 0.48828125 0.8841642228739003 0.08837890625 0.14222873900293256
0 0.42724609375 0.7353372434017595 0.0791015625 0.250733137829912
0 0.900390625 0.7771260997067448 0.19921875 0.25806451612903225
0 0.92041015625 0.5102639296187683 0.15869140625 0.15249266862170088
0 0.5390625 0.5894428152492669 0.18505859375 0.34384164222873903
0 0.68017578125 0.6920821114369502 0.18212890625 0.18621700879765396
0 0.69677734375 0.8951612903225806 0.31005859375 0.20967741935483872
0 0.3916015625 0.10997067448680352 0.17578125 0.21994134897360704
0 0.169921875 0.11436950146627566 0.18798828125 0.2287390029325513
0 0.0888671875 0.2602639296187683 0.177734375 0.23240469208211142
0 0.9462890625 0.19208211143695014 0.10400390625 0.33064516129032256
0 0.8834544130859375 0 0.7738437958984375 0.182094142228739 0.8383922333984375 0.26986792228739004 1 0 0.8834544130859375 0