0 0.728515625 0.9589442815249267 0.208984375 0.08211143695014662
0 0.75390625 0.8027859237536656 0.158203125 0.24633431085043989
0 0.6650390625 0.5263929618768328 0.271484375 0.32991202346041054
0 0.17822265625 0.9354838709677419 0.0224609375 0.12903225806451613
0 0.244140625 0.7785923753665689 0.154296875 0.31671554252199413
0 0.3701171875 0.9582111436950147 0.1640625 0.08357771260997067
0 0.52099609375 0.7617302052785924 0.142578125 0.24633431085043989
0 0.64404296875 0.7954545454545454 0.109375 0.250733137829912
0 0.4853515625 0.4838709677419355 0.16796875 0.4340175953079179
0 0.3740234375 0.6224340175953079 0.125 0.2287390029325513
0 0.38720703125 0.8570381231671554 0.1884765625 0.2859237536656892
0 0.7578125 0.23533724340175954 0.150390625 0.3460410557184751
0 0.79296875 0.48533724340175954 0.080078125 0.17595307917888564