0 0.083984375 0.7756598240469208 0.16796875 0.16715542521994134
0 0.052734375 0.4501466275659824 0.10546875 0.18621700879765396
0 0.08544921875 0.15029325513196481 0.1328125 0.21114369501466276
0 0.458984375 0.5439882697947214 0.0703125 0.1598240469208211
0 0.611328125 0.4633431085043988 0.068359375 0.17155425219941348
0 0.19873046875 0.3966275659824047 0.2021484375 0.25219941348973607
0 0.2705078125 0.6737536656891495 0.197265625 0.30058651026392963
0 0.22802734375 0.1942815249266862 0.138671875 0.16129032258064516
0 0.23583984375 0.0469208211143695 0.1181640625 0.093841642228739
0 0.46630859375 0.06818181818181818 0.1220703125 0.13636363636363635
0 0.35546875 0.35777126099706746 0.0908203125 0.16422287390029325
0 0.8759765625 0.7243401759530792 0.12109375 0.3621700879765396