0 0.3974609375 0.47580645161290325 0.1953125 0.20821114369501467
0 0.40185546875 0.24413489736070382 0.0966796875 0.1656891495601173
0 0.28759765625 0.3093841642228739 0.1513671875 0.24193548387096775
0 0.56640625 0.047653958944281524 0.1337890625 0.09530791788856305
0 0.4375 0.07917888563049853 0.1513671875 0.15835777126099707
0 0.2470703125 0.08211143695014662 0.2197265625 0.16422287390029325
0 0.07275390625 0.24560117302052786 0.1455078125 0.2873900293255132
0 0.06494140625 0.07624633431085044 0.1298828125 0.15249266862170088
0 0.029296875 0.4574780058651026 0.05859375 0.25806451612903225
0 0.03662109375 0.6546920821114369 0.0732421875 0.312316715542522
0 0.1328125 0.9032258064516129 0.220703125 0.1935483870967742
0 0.26220703125 0.967008797653959 0.1298828125 0.06598240469208211
0 0.4169921875 0.9655425219941349 0.171875 0.06744868035190615
0 0.54248046875 0.8768328445747801 0.181640625 0.24633431085043989
0 0.82666015625 0.9706744868035191 0.345703125 0.05865102639296188
0 0.92822265625 0.783724340175953 0.1435546875 0.2624633431085044
0 0.265625 0.6451612903225806 0.33203125 0.2375366568914956