0 0.96240234375 0.3255131964809384 0.07470703125 0.22140762463343108
0 0.93701171875 0.11656891495601172 0.1259765625 0.23313782991202345
0 0.11328125 0.9325513196480938 0.2265625 0.13196480938416422
0 0.1767578125 0.28152492668621704 0.224609375 0.2434017595307918
0 0.029296875 0.24266862170087977 0.05712890625 0.2961876832844575
0 0.0458984375 0.8064516129032258 0.091796875 0.22434017595307917
0 0.03515625 0.5887096774193549 0.06982421875 0.23240469208211142
0 0.3310546875 0.4310850439882698 0.1865234375 0.23093841642228738
0 0.30615234375 0.11730205278592376 0.22900390625 0.23387096774193547
0 0.39453125 0.30425219941348974 0.15478515625 0.22653958944281524
0 0.3564453125 0.9332844574780058 0.15966796875 0.13269794721407624
0 0.18310546875 0.625366568914956 0.28076171875 0.5139296187683284
0 0.09716796875 0.4838709677419355 0.12353515625 0.2859237536656892
0 0.28564453125 0.5271260997067448 0.16796875 0.18035190615835778
0 0.45166015625 0.6143695014662757 0.11767578125 0.15469208211143695
0 0.41455078125 0.7397360703812317 0.09716796875 0.10190615835777127
0 0.5703125 0.8357771260997068 0.259765625 0.3284457478005865
0 0.52001953125 0.9538123167155426 0.14697265625 0.09164222873900293
0 0.1025390625 0.0469208211143695 0.205078125 0.093841642228739