0 0.12255859375 0.47653958944281527 0.2373046875 0.3870967741935484
0 0.2158203125 0.22287390029325513 0.2119140625 0.4398826979472141
0 0.3388671875 0.38049853372434017 0.1943359375 0.30498533724340177
0 0.15283203125 0.8093841642228738 0.2763671875 0.36950146627565983
0 0.2978515625 0.8255131964809385 0.15625 0.3489736070381232
0 0.42724609375 0.8350439882697948 0.119140625 0.3181818181818182
0 0.54833984375 0.8687683284457478 0.146484375 0.2624633431085044
0 0.4462890625 0.6026392961876833 0.146484375 0.17302052785923755
0 0.53076171875 0.3247800586510264 0.140625 0.2844574780058651
0 0.60498046875 0.09310850439882698 0.2333984375 0.18621700879765396
0 0.39990234375 0.10777126099706745 0.1484375 0.2155425219941349
0 0.6142578125 0.626099706744868 0.16015625 0.20381231671554254
0 0.7509765625 0.8379765395894428 0.2001953125 0.2903225806451613
0 0.91064453125 0.8042521994134897 0.1787109375 0.2829912023460411
0 0.84765625 0.5300586510263929 0.291015625 0.3519061583577713
0 0.7001953125 0.32111436950146627 0.17578125 0.3093841642228739
0 0.873046875 0.16788856304985336 0.25390625 0.3357771260997067