0 0.69140625 0.6290322580645161 0.2021484375 0.35043988269794724
0 0.724609375 0.3526392961876833 0.0048828125 0.005865102639296188
0 0.9267578125 0.5381231671554252 0.146484375 0.2903225806451613
0 0.9775390625 0.5219941348973607 0.044921875 0.45454545454545453
0 0.970703125 0.8958944281524927 0.05859375 0.20821114369501467
0 0.89404296875 0.07624633431085044 0.2119140625 0.15249266862170088
0 0.87109375 0.25219941348973607 0.0205078125 0.04398826979472141
0 0.69091796875 0.08211143695014662 0.2421875 0.16422287390029325
0 0.48095703125 0.12390029325513197 0.2822265625 0.24633431085043989
0 0.15625 0.20821114369501467 0.3125 0.41642228739002934
0 0.09912109375 0.7434017595307918 0.1982421875 0.40175953079178883
0 0.52392578125 0.7419354838709677 0.275390625 0.4574780058651026
0 0.28076171875 0.7675953079178885 0.2314453125 0.46480938416422285
0 0.8369140625 0.8328445747800587 0.154296875 0.1906158357771261