0 0.3779296875 0.6700879765395894 0.283203125 0.3724340175953079
0 0.1806640625 0.7250733137829912 0.1083984375 0.16715542521994134
0 0.87109375 0.7082111436950147 0.1728515625 0.2126099706744868
0 0.94287109375 0.8343108504398827 0.1142578125 0.17302052785923755
0 0.921875 0.9626099706744868 0.12109375 0.05571847507331378
0 0.80615234375 0.9112903225806451 0.1533203125 0.12756598240469208
0 0.802734375 0.967741935483871 0.1083984375 0.04985337243401759
0 0.66162109375 0.844574780058651 0.2353515625 0.23313782991202345
0 0.654296875 0.969208211143695 0.1494140625 0.05865102639296188
0 0.466796875 0.9178885630498533 0.109375 0.16422287390029325
0 0.66455078125 0.6986803519061584 0.0654296875 0.24193548387096775
0 0.60009765625 0.6884164222873901 0.0576171875 0.23313782991202345
0 0.1083984375 0.8086510263929618 0.080078125 0.09237536656891496
0 0.07861328125 0.8841642228739003 0.0712890625 0.08944281524926687
0 0.08837890625 0.7529325513196481 0.0947265625 0.10997067448680352
0 0.068359375 0.6488269794721407 0.0849609375 0.14516129032258066
0 0.01904296875 0.8130498533724341 0.033203125 0.1598240469208211
0 0.02587890625 0.9516129032258065 0.0419921875 0.0967741935483871
0 0.3134765625 0.9171554252199413 0.16015625 0.1656891495601173
0 0.18115234375 0.9105571847507331 0.1025390625 0.17888563049853373