0 0.08642578125 0.5 0.1728515625 0.33284457478005863
0 0.2705078125 0.5109970674486803 0.185546875 0.3548387096774194
0 0.40576171875 0.5667155425219942 0.15234375 0.2785923753665689
0 0.64111328125 0.7280058651026393 0.2734375 0.44868035190615835
0 0.91162109375 0.7045454545454546 0.1767578125 0.5909090909090909
0 0.94970703125 0.18181818181818182 0.0986328125 0.36363636363636365
0 0.7958984375 0.15395894428152493 0.2001953125 0.30791788856304986
0 0.59228515625 0.12756598240469208 0.236328125 0.25513196480938416
0 0.36865234375 0.13343108504398826 0.236328125 0.2668621700879765
0 0.15234375 0.13416422287390029 0.2265625 0.26832844574780057
0 0.025390625 0.11143695014662756 0.048828125 0.22287390029325513