0 0.77294921875 0.03372434017595308 0.0634765625 0.06744868035190615
0 0.65673828125 0.0469208211143695 0.138671875 0.093841642228739
0 0.47509765625 0.0469208211143695 0.0986328125 0.093841642228739
0 0.5615234375 0.028592375366568914 0.0478515625 0.05718475073313783
0 0.908203125 0.8577712609970675 0.18359375 0.2844574780058651
0 0.7666015625 0.8790322580645161 0.181640625 0.24193548387096775
0 0.23095703125 0.8680351906158358 0.1865234375 0.26392961876832843
0 0.12353515625 0.9017595307917888 0.140625 0.19648093841642228
0 0.0556640625 0.29178885630498536 0.111328125 0.2756598240469208
0 0.2255859375 0.38929618768328444 0.12890625 0.17302052785923755
0 0.2099609375 0.26832844574780057 0.125 0.1906158357771261
0 0.10986328125 0.06524926686217009 0.2177734375 0.13049853372434017
0 0.29052734375 0.09457478005865103 0.1962890625 0.18914956011730205
0 0.05859375 0.6458944281524927 0.1171875 0.24633431085043989
0 0.0390625 0.4897360703812317 0.078125 0.1495601173020528