0 0.50146484375 0.4472140762463343 0.08203125 0.20674486803519063
0 0.40087890625 0.6950146627565983 0.2548828125 0.2991202346041056
0 0.1201171875 0.5469208211143695 0.240234375 0.3284457478005865
0 0.28955078125 0.3460410557184751 0.3017578125 0.4032258064516129
0 0.6435546875 0.5579178885630498 0.248046875 0.26099706744868034
0 0.93798828125 0.19648093841642228 0.1220703125 0.39296187683284456
0 0.67138671875 0.23607038123167157 0.3505859375 0.47214076246334313
0 0.35302734375 0.1282991202346041 0.2724609375 0.2565982404692082
0 0.140625 0.0593841642228739 0.103515625 0.10263929618768329
0 0.03759765625 0.06158357771260997 0.0751953125 0.0967741935483871
0 0.06494140625 0.24780058651026393 0.1298828125 0.2375366568914956