0 0.779296875 0.9259530791788856 0.119140625 0.13636363636363635
0 0.77783203125 0.8189149560117303 0.1201171875 0.18914956011730205
0 0.79736328125 0.626099706744868 0.0771484375 0.23900293255131966
0 0.7822265625 0.4538123167155425 0.1025390625 0.17155425219941348
0 0.80322265625 0.29765395894428154 0.056640625 0.14809384164222875
0 0.78955078125 0.1935483870967742 0.08203125 0.14809384164222875
0 0.77197265625 0.01466275659824047 0.1103515625 0.02932551319648094
0 0.68115234375 0.9699413489736071 0.1025390625 0.054252199413489736
0 0.654296875 0.7939882697947214 0.12109375 0.21407624633431085
0 0.646484375 0.593841642228739 0.1318359375 0.20234604105571846
0 0.6591796875 0.4281524926686217 0.09765625 0.13049853372434017
0 0.7041015625 0.3020527859237537 0.1298828125 0.1466275659824047
0 0.68798828125 0.16715542521994134 0.119140625 0.093841642228739
0 0.64892578125 0.050586510263929615 0.1240234375 0.10117302052785923
0 0.458984375 0.0813782991202346 0.232421875 0.1627565982404692
0 0.48046875 0.2697947214076246 0.2666015625 0.25219941348973607
0 0.4990234375 0.5498533724340176 0.0986328125 0.11143695014662756
0 0.26318359375 0.6231671554252199 0.0771484375 0.10703812316715543
0 0.3349609375 0.5718475073313783 0.08984375 0.13636363636363635
0 0.4072265625 0.5403225806451613 0.0615234375 0.10997067448680352
0 0.2666015625 0.37976539589442815 0.0654296875 0.10703812316715543
0 0.33544921875 0.4002932551319648 0.0556640625 0.0689149560117302
0 0.2041015625 0.02346041055718475 0.0849609375 0.03519061583577713
0 0.45849609375 0.9501466275659824 0.0966796875 0.09970674486803519
0 0.4501953125 0.7390029325513197 0.1015625 0.20821114369501467
0 0.537109375 0.7316715542521994 0.076171875 0.1627565982404692
0 0.361328125 0.716275659824047 0.05859375 0.11290322580645161
0 0.220703125 0.8409090909090909 0.1015625 0.14222873900293256
0 0.27685546875 0.05571847507331378 0.0751953125 0.10117302052785923
0 0.1953125 0.10703812316715543 0.0654296875 0.1187683284457478
0 0.33203125 0.8834310850439883 0.10546875 0.19501466275659823