0 0.30078125 0.9699413489736071 0.251953125 0.060117302052785926
0 0.30126953125 0.75 0.228515625 0.24926686217008798
0 0.2958984375 0.5124633431085044 0.2109375 0.18914956011730205
0 0.2421875 0.26466275659824046 0.1416015625 0.25513196480938416
0 0.2490234375 0.07991202346041056 0.154296875 0.15102639296187684
0 0.47705078125 0.7859237536656891 0.138671875 0.2653958944281525
0 0.5029296875 0.9648093841642229 0.154296875 0.07038123167155426
0 0.7158203125 0.9215542521994134 0.24609375 0.15102639296187684
0 0.73681640625 0.6077712609970675 0.2001953125 0.43255131964809385
0 0.71142578125 0.23460410557184752 0.2001953125 0.2653958944281525
0 0.44677734375 0.2089442815249267 0.2099609375 0.2756598240469208