0 0.47412109375 0.5263929618768328 0.2041015625 0.23900293255131966
0 0.20849609375 0.21774193548387097 0.0791015625 0.21700879765395895
0 0.5224609375 0.7851906158357771 0.107421875 0.1348973607038123
0 0.755859375 0.626099706744868 0.138671875 0.187683284457478
0 0.66064453125 0.8453079178885631 0.2158203125 0.25513196480938416
0 0.685546875 0.07991202346041056 0.201171875 0.15542521994134897
0 0.25048828125 0.04252199413489736 0.0986328125 0.08504398826979472
0 0.24755859375 0.3717008797653959 0.12109375 0.18181818181818182
0 0.3798828125 0.21407624633431085 0.130859375 0.25806451612903225
0 0.5322265625 0.26466275659824046 0.17578125 0.2287390029325513
0 0.4482421875 0.06671554252199413 0.154296875 0.13343108504398826
0 0.7509765625 0.3064516129032258 0.171875 0.30058651026392963
0 0.60693359375 0.5879765395894428 0.0908203125 0.23313782991202345
0 0.5087890625 0.9794721407624634 0.1484375 0.04105571847507331
0 0.6476683291015625 1 0.610651169921875 0.9456925674486802 0.57655505859375 1 0.6476683291015625 1
0 0.78759765625 0.8944281524926686 0.0849609375 0.21114369501466276
0 0.38623046875 0.7287390029325513 0.1337890625 0.28152492668621704
0 0.31787109375 0.4472140762463343 0.08203125 0.14809384164222875
0 0.21630859375 0.5857771260997068 0.103515625 0.27712609970674484
0 0.19921875 0.8233137829912024 0.0751953125 0.24486803519061584
0 0.2978515625 0.8233137829912024 0.138671875 0.32991202346041054