0 0.4873046875 0.5769794721407625 0.28515625 0.38269794721407624
0 0.73486328125 0.5498533724340176 0.1962890625 0.3782991202346041
0 0.32568359375 0.7331378299120235 0.208984375 0.30498533724340177
0 0.20947265625 0.8651026392961877 0.0849609375 0.2697947214076246
0 0.21044921875 0.5887096774193549 0.0869140625 0.28005865102639294
0 0.26220703125 0.3966275659824047 0.1904296875 0.24633431085043989
0 0.2587890625 0.187683284457478 0.18359375 0.15249266862170088
0 0.43896484375 0.27419354838709675 0.1328125 0.20527859237536658
0 0.58251953125 0.2631964809384164 0.1455078125 0.1935483870967742
0 0.748046875 0.16422287390029325 0.169921875 0.3284457478005865
0 0.5517578125 0.07331378299120235 0.23046875 0.1466275659824047
0 0.306640625 0.05278592375366569 0.279296875 0.10557184750733138