0 0.693359375 0.9384164222873901 0.2900390625 0.12023460410557185
0 0.6015625 0.1972140762463343 0.2421875 0.2624633431085044
0 0.59619140625 0.5894428152492669 0.294921875 0.47653958944281527
0 0.5234375 0.9259530791788856 0.119140625 0.14809384164222875
0 0.298828125 0.8152492668621701 0.142578125 0.24633431085043989
0 0.21826171875 0.9582111436950147 0.0927734375 0.08357771260997067
0 0.19091796875 0.7749266862170088 0.0439453125 0.18914956011730205
0 0.3583984375 0.3980938416422287 0.220703125 0.5219941348973607
0 0.203125 0.5388563049853372 0.072265625 0.1656891495601173
0 0.27197265625 0.3812316715542522 0.134765625 0.17595307917888564
0 0.20361328125 0.3313782991202346 0.0791015625 0.14809384164222875
0 0.20849609375 0.11656891495601172 0.0947265625 0.22140762463343108
0 0.3388671875 0.06158357771260997 0.1494140625 0.1187683284457478
0 0.49658203125 0.0469208211143695 0.1396484375 0.093841642228739