0 0.05419921875 0.967741935483871 0.083984375 0.06451612903225806
0 0.58935546875 0.5689149560117303 0.173828125 0.20087976539589442
0 0.033203125 0.5520527859237536 0.06640625 0.17888563049853373
0 0.1672925888671875 0 0.13253587109375 0.048020362170087975 0.265253775390625 0.18758207038123167 0.33001584765625 0.09494506158357771 0.190718388671875 0 0.1672925888671875 0
0 0.23779296875 0.22360703812316715 0.1083984375 0.14076246334310852
0 0.326171875 0.1627565982404692 0.0849609375 0.10557184750733138
0 0.6953125 0.05718475073313783 0.14453125 0.11436950146627566
0 0.92578125 0.05718475073313783 0.1484375 0.11436950146627566
0 0.91845703125 0.5505865102639296 0.162109375 0.2756598240469208
0 0.14697265625 0.3086510263929619 0.1240234375 0.09090909090909091
0 0.12451171875 0.3944281524926686 0.1611328125 0.11436950146627566
0 0.30029296875 0.39956011730205276 0.1025390625 0.1158357771260997
0 0.09033203125 0.05718475073313783 0.119140625 0.11436950146627566
0 0.130859375 0.15175953079178886 0.12890625 0.13929618768328444
0 0.43994140625 0.07697947214076246 0.22265625 0.15395894428152493
0 0.4912109375 0.1656891495601173 0.107421875 0.14516129032258066
0 0.79296875 0.4604105571847507 0.21875 0.24780058651026393
0 0.60205078125 0.31451612903225806 0.193359375 0.23607038123167157
0 0.76220703125 0.2434017595307918 0.18359375 0.20234604105571846
0 0.91943359375 0.24120234604105573 0.1611328125 0.2536656891495601
0 0.3994140625 0.4281524926686217 0.1328125 0.18914956011730205
0 0.7099609375 0.6649560117302052 0.177734375 0.1935483870967742
0 0.052734375 0.14442815249266863 0.10546875 0.28885630498533726
0 0.4169921875 0.23093841642228738 0.078125 0.13196480938416422