0 0.3115234375 0.29105571847507333 0.21484375 0.3519061583577713
0 0.50830078125 0.18841642228739003 0.1416015625 0.37683284457478006
0 0.27880859375 0.6136363636363636 0.19140625 0.2316715542521994
0 0.22802734375 0.8841642228739003 0.3212890625 0.2316715542521994
0 0.0263671875 0.9215542521994134 0.052734375 0.15689149560117302
0 1 0.11051393401759531 0.937046369140625 0.15276971994134897 0.879953337890625 0.3128727082111437 0.974055169921875 0.4037995102639296 1 0.3899531011730205 1 0.11051393401759531
0 0.41796875 0.8262463343108505 0.2978515625 0.2873900293255132
0 0.72802734375 0.7206744868035191 0.146484375 0.20821114369501467
0 0.11962890625 0.1906158357771261 0.205078125 0.3313782991202346
0 0.02294921875 0.7573313782991202 0.0458984375 0.19794721407624633
0 0.05615234375 0.5021994134897361 0.1123046875 0.37390029325513197
0 0.140625 0.027126099706744868 0.13671875 0.05278592375366569
0 0.01416015625 0.12683284457478006 0.0283203125 0.2536656891495601
0 0.33203125 0.06818181818181818 0.181640625 0.13636363636363635
0 0.85205078125 0.15762463343108504 0.1669921875 0.24926686217008798
0 0.66455078125 0.07624633431085044 0.17578125 0.15249266862170088
0 0.95849609375 0.04252199413489736 0.0830078125 0.08504398826979472
0 0.67529296875 0.2793255131964809 0.2109375 0.2404692082111437
0 0.89306640625 0.5043988269794721 0.2138671875 0.3196480938416422
0 0.64306640625 0.5637829912023461 0.2587890625 0.31671554252199413
0 0.60986328125 0.8621700879765396 0.236328125 0.2756598240469208
0 0.908203125 0.658357771260997 0.18359375 0.2961876832844575