0 0.44970703125 0.16055718475073313 0.123046875 0.2829912023460411
0 0.36181640625 0.30498533724340177 0.1533203125 0.28885630498533726
0 0.47314453125 0.5139296187683284 0.240234375 0.47214076246334313
0 0.31982421875 0.8922287390029325 0.2412109375 0.2155425219941349
0 0.5302734375 0.9516129032258065 0.263671875 0.0967741935483871
0 0.50830078125 0.8804985337243402 0.1953125 0.1744868035190616
0 0.81494140625 0.8328445747800587 0.166015625 0.26832844574780057
0 0.7958984375 0.2895894428152493 0.169921875 0.17595307917888564
0 0.9716796875 0.08211143695014662 0.048828125 0.16422287390029325
0 0.85498046875 0.11950146627565983 0.1591796875 0.18621700879765396
0 0.650390625 0.1466275659824047 0.255859375 0.28005865102639294
0 0.9384765625 0.4604105571847507 0.123046875 0.2316715542521994
0 0.94921875 0.7961876832844574 0.1015625 0.16422287390029325
0 0.92919921875 0.9442815249266863 0.1416015625 0.093841642228739
0 0.96875 0.24633431085043989 0.05859375 0.18181818181818182
0 0.76708984375 0.5967741935483871 0.1015625 0.20967741935483872