0 0.59228515625 0.5689149560117303 0.1748046875 0.27419354838709675
0 0.51416015625 0.8607038123167156 0.103515625 0.17888563049853373
0 0.40869140625 0.9039589442815249 0.1025390625 0.19208211143695014
0 0.31298828125 0.873900293255132 0.1162109375 0.25219941348973607
0 0.09375 0.4530791788856305 0.1455078125 0.29178885630498536
0 0.05126953125 0.6869501466275659 0.0947265625 0.21114369501466276
0 0.05908203125 0.875366568914956 0.1103515625 0.2316715542521994
0 0.18896484375 0.75 0.14453125 0.36363636363636365
0 0.068359375 0.19208211143695014 0.13671875 0.2287390029325513
0 0.083984375 0.060117302052785926 0.166015625 0.10263929618768329
0 0.2275390625 0.025659824046920823 0.109375 0.039589442815249266
0 0.27197265625 0.3247800586510264 0.1552734375 0.2756598240469208
0 0.39697265625 0.5168621700879765 0.1552734375 0.2536656891495601
0 0.58935546875 0.0967741935483871 0.1865234375 0.1935483870967742
0 0.64794921875 0.2961876832844575 0.201171875 0.21114369501466276
0 0.37451171875 0.05791788856304985 0.1337890625 0.11143695014662756
0 0.42333984375 0.27126099706744866 0.0859375 0.12316715542521994