0 0.57470703125 0.8482404692082112 0.15234375 0.19208211143695014
0 0.7470703125 0.3020527859237537 0.1650390625 0.24193548387096775
0 0.43115234375 0.4604105571847507 0.1015625 0.17302052785923755
0 0.46240234375 0.2404692082111437 0.2314453125 0.2756598240469208
0 0.51904296875 0.437683284457478 0.11328125 0.16422287390029325
0 0.671875 0.34457478005865105 0.1357421875 0.22287390029325513
0 0.60546875 0.3277126099706745 0.0615234375 0.11290322580645161
0 0.896484375 0.3247800586510264 0.1923828125 0.2624633431085044
0 0.873046875 0.43548387096774194 0.14453125 0.20234604105571846
0 0.7109375 0.9039589442815249 0.146484375 0.18621700879765396
0 0.939453125 0.8819648093841642 0.12109375 0.2155425219941349
0 0.97802734375 0.7236070381231672 0.0439453125 0.18914956011730205
0 0.86181640625 0.718475073313783 0.1142578125 0.12903225806451613
0 0.22119140625 0.3614369501466276 0.228515625 0.22580645161290322
0 0.240234375 0.15689149560117302 0.1689453125 0.13929618768328444
0 0.1103198134765625 0.7243425249266862 0.1702220947265625 0.47847000439882703 0.1372720361328125 0.4386764736070381 0.00079682421875 0.5750934956011731 0.0027371923828125 0.7420019398826979 0.1103198134765625 0.7243425249266862
0 0.187672388671875 0.46581554398826974 0.1482633466796875 0.4526183519061584 0.0892748525390625 0.7346980395894428 0.18580469140625 0.7528380703812316 0.187672388671875 0.46581554398826974
0 0.220173564453125 0.4669965703812317 0.176775705078125 0.460002568914956 0.1854016044921875 0.7362444677419354 0.276754892578125 0.713885788856305 0.220173564453125 0.4669965703812317
0 0.0654296875 0.38343108504398826 0.130859375 0.250733137829912
0 0.099609375 0.8504398826979472 0.1953125 0.2991202346041056
0 0.3171735068359375 1 0.302471208984375 0.6762564340175953 0.2293258466796875 0.6720748826979472 0.1383051611328125 1 0.3171735068359375 1
0 0.36181640625 0.9714076246334311 0.0732421875 0.05718475073313783