0 0.48828125 0.5461876832844574 0.15234375 0.2961876832844575
0 0.6845703125 0.9435483870967742 0.140625 0.11143695014662756
0 0.9443359375 0.9156891495601173 0.111328125 0.16862170087976538
0 0.96875 0.14882697947214077 0.0625 0.21114369501466276
0 0.05224609375 0.6129032258064516 0.103515625 0.17008797653958943
0 0.3203125 0.4714076246334311 0.0859375 0.15395894428152493
0 0.427734375 0.1312316715542522 0.119140625 0.20234604105571846
0 0.283203125 0.26759530791788855 0.162109375 0.31378299120234604
0 0.83056640625 0.24413489736070382 0.193359375 0.29178885630498536
0 0.970703125 0.7609970674486803 0.05859375 0.12903225806451613
0 0.828125 0.8834310850439883 0.11328125 0.1436950146627566
0 0.5849609375 0.8819648093841642 0.1171875 0.17595307917888564
0 0.68994140625 0.6906158357771262 0.166015625 0.187683284457478
0 0.65966796875 0.4662756598240469 0.146484375 0.25513196480938416
0 0.85107421875 0.592375366568915 0.2138671875 0.22287390029325513
0 0.63623046875 0.13416422287390029 0.193359375 0.26832844574780057
0 0.93603515625 0.02785923753665689 0.1279296875 0.05571847507331378
0 0.96923828125 0.4215542521994135 0.060546875 0.3343108504398827
0 0.45068359375 0.35117302052785926 0.150390625 0.12903225806451613
0 0.0077175908203125 0.08486796041055719 0.1107483037109375 0.2980470659824047 0.1760848671875 0.2546566055718475 0.063002419921875 0.030158300586510263 0.0077175908203125 0.08486796041055719
0 0.146484375 0.4875366568914956 0.115234375 0.21700879765395895
0 0.1195436435546875 0.2886143343108505 0.168546037109375 0.40557987390029326 0.2171317626953125 0.33917797507331376 0.1723154521484375 0.26786244721407626 0.1195436435546875 0.2886143343108505
0 0.23681640625 0.07038123167155426 0.16796875 0.14076246334310852
0 0.3544921875 0.6730205278592375 0.181640625 0.1935483870967742
0 0.53662109375 0.7778592375366569 0.095703125 0.11730205278592376
0 0.10595703125 0.8790322580645161 0.193359375 0.22287390029325513
0 0.44482421875 0.9252199413489736 0.177734375 0.1495601173020528
0 0.2890625 0.9464809384164223 0.158203125 0.10557184750733138
0 0.29150390625 0.8005865102639296 0.212890625 0.19941348973607037
0 0.0546875 0.31451612903225806 0.109375 0.1348973607038123
0 0.13232421875 0.7111436950146628 0.138671875 0.12756598240469208