0 0.935546875 0.9340175953079178 0.12890625 0.13196480938416422
0 0.857421875 0.7851906158357771 0.26171875 0.42961876832844575
0 0.958984375 0.5901759530791789 0.08203125 0.4897360703812317
0 0.9423828125 0.16422287390029325 0.115234375 0.3284457478005865
0 0.60888671875 0.8980938416422287 0.255859375 0.20381231671554254
0 0.37255859375 0.9178885630498533 0.2099609375 0.16422287390029325
0 0.19677734375 0.8819648093841642 0.126953125 0.23460410557184752
0 0.0634765625 0.907624633431085 0.126953125 0.18475073313782991
0 0.4423828125 0.7067448680351907 0.185546875 0.20527859237536658
0 0.27490234375 0.5645161290322581 0.267578125 0.3870967741935484
0 0.068359375 0.5755131964809385 0.13671875 0.3812316715542522
0 0.1435546875 0.17302052785923755 0.287109375 0.3460410557184751