0 0.48974609375 0.5513196480938416 0.078125 0.19794721407624633
0 0.3935546875 0.31451612903225806 0.2431640625 0.2859237536656892
0 0.1201171875 0.4560117302052786 0.240234375 0.31378299120234604
0 0.28759765625 0.6473607038123167 0.287109375 0.38563049853372433
0 0.625 0.44501466275659823 0.2373046875 0.24926686217008798
0 0.9150390625 0.8013196480938416 0.1357421875 0.3973607038123167
0 0.6513671875 0.7631964809384164 0.333984375 0.4736070381231672
0 0.3486328125 0.8658357771260997 0.259765625 0.26832844574780057
0 0.14599609375 0.9318181818181818 0.0986328125 0.12023460410557185
0 0.04150390625 0.9310850439882697 0.0830078125 0.11730205278592376
0 0.06787109375 0.7404692082111437 0.1357421875 0.22580645161290322