0 0.04150390625 0.31085043988269795 0.0830078125 0.24633431085043989
0 0.134765625 0.12609970674486803 0.123046875 0.25219941348973607
0 0.47216796875 0.25806451612903225 0.095703125 0.2565982404692082
0 0.70751953125 0.39222873900293254 0.1025390625 0.2903225806451613
0 0.833984375 0.5 0.12109375 0.2404692082111437
0 0.9560546875 0.6847507331378299 0.087890625 0.17888563049853373
0 0.6528086728515625 0.13845582404692083 0.6301802294921875 0.06534020381231671 0.575757416015625 0.01891192375366569 0.5250452509765625 0.1414824340175953 0.5769943369140625 0.36062370674486804 0.6528086728515625 0.13845582404692083
0 0.8781762099609375 0 0.829318466796875 0.2640529442815249 0.8503454404296875 0.27891000439882696 0.998033767578125 0 0.8781762099609375 0
0 0.27294921875 0.13416422287390029 0.0859375 0.19648093841642228
0 0.34765625 0.20381231671554254 0.10546875 0.20967741935483872
0 0.0703125 0.5351906158357771 0.140625 0.2756598240469208
0 0.0986328125 0.783724340175953 0.123046875 0.3724340175953079
0 1 0.3024652375366569 0.8688986845703125 0.49805119354838706 0.9690863203125 0.581621995601173 1 0.41904930498533727 1 0.3024652375366569
0 0.98291015625 0.5080645161290323 0.0341796875 0.15689149560117302
0 0.7470703125 0.22287390029325513 0.103515625 0.26392961876832843
0 0.9580078125 0.19868035190615835 0.083984375 0.2155425219941349
0 0.31005859375 0.9046920821114369 0.2939453125 0.1906158357771261