0 0.06103515625 0.04618768328445748 0.1181640625 0.09164222873900293
0 0.162109375 0.09090909090909091 0.05322265625 0.07111436950146628
0 0.60302734375 0.6502932551319648 0.18603515625 0.14222873900293256
0 0.7998046875 0.6950146627565983 0.08203125 0.12243401759530792
0 0.853515625 0.9017595307917888 0.185546875 0.19648093841642228
0 0.97705078125 0.9413489736070382 0.0458984375 0.11656891495601172
0 0.9150390625 0.7243401759530792 0.1259765625 0.16495601173020527
0 0.54541015625 0.8680351906158358 0.12548828125 0.26392961876832843
0 0.69287109375 0.8673020527859238 0.1318359375 0.26466275659824046
0 0.3740234375 0.8599706744868035 0.185546875 0.28005865102639294
0 0.1923828125 0.8922287390029325 0.205078125 0.2155425219941349
0 0.05322265625 0.8973607038123167 0.0966796875 0.20527859237536658