0 0.8310546875 0.8306451612903226 0.203125 0.33357771260997066
0 0.9716796875 0.8848973607038123 0.056640625 0.23020527859237536
0 0.62158203125 0.46994134897360706 0.13134765625 0.3629032258064516
0 0.80029296875 0.4560117302052786 0.1484375 0.44208211143695014
0 0.89306640625 0.5183284457478006 0.169921875 0.34457478005865105
0 0.953125 0.29838709677419356 0.09375 0.24780058651026393
0 0.74951171875 0.14516129032258066 0.1240234375 0.2837243401759531
0 0.87109375 0.14882697947214077 0.09716796875 0.28519061583577715
0 0.9638671875 0.08357771260997067 0.06640625 0.1436950146627566
0 0.50048828125 0.5219941348973607 0.12255859375 0.32404692082111436
0 0.35888671875 0.4142228739002933 0.18017578125 0.33357771260997066
0 0.2216796875 0.37976539589442815 0.12109375 0.3093841642228739
0 0.28515625 0.16055718475073313 0.08740234375 0.13856304985337242
0 0.060546875 0.3321114369501466 0.10205078125 0.23020527859237536
0 0.0615234375 0.10043988269794721 0.0966796875 0.18841642228739003
0 0.12548828125 0.2565982404692082 0.09716796875 0.29765395894428154
0 0.20068359375 0.1312316715542522 0.10791015625 0.2060117302052786
0 0.3994140625 0.09164222873900293 0.24560546875 0.17155425219941348
0 0.462890625 0.21920821114369501 0.18310546875 0.0747800586510264
0 0.5146484375 0.2925219941348974 0.10791015625 0.12903225806451613
0 0.61279296875 0.0689149560117302 0.146484375 0.13709677419354838
0 0.6171875 0.1656891495601173 0.06396484375 0.24780058651026393