0 0.36767578125 0.14516129032258066 0.12109375 0.2903225806451613
0 0.501953125 0.08211143695014662 0.09765625 0.16422287390029325
0 0.61865234375 0.056451612903225805 0.068359375 0.11290322580645161
0 0.8837890625 0.23973607038123168 0.232421875 0.47947214076246336
0 0.70068359375 0.11290322580645161 0.083984375 0.22580645161290322
0 0.5693359375 0.27419354838709675 0.171875 0.38269794721407624
0 0.41357421875 0.5021994134897361 0.18359375 0.31671554252199413
0 0.3125 0.3563049853372434 0.158203125 0.3093841642228739
0 0.1845703125 0.5241935483870968 0.232421875 0.2624633431085044
0 0.08642578125 0.7565982404692082 0.1728515625 0.36363636363636365
0 0.08349609375 0.18621700879765396 0.1669921875 0.3225806451612903
0 0.04052734375 0.4655425219941349 0.0810546875 0.20967741935483872
0 0.08935546875 0.006598240469208211 0.1787109375 0.013196480938416423
0 0.23779296875 0.10850439882697947 0.2197265625 0.21700879765395895