0 0.7294921875 0.4046920821114369 0.173828125 0.17155425219941348
0 0.64111328125 0.2829912023460411 0.17578125 0.2126099706744868
0 0.5126953125 0.436950146627566 0.2890625 0.33284457478005863
0 0.25439453125 0.22727272727272727 0.185546875 0.3343108504398827
0 0.2197265625 0.5175953079178885 0.109375 0.36656891495601174
0 0.28857421875 0.48607038123167157 0.1064453125 0.27126099706744866
0 0.31640625 0.8973607038123167 0.1640625 0.20527859237536658
0 0.64990234375 0.8819648093841642 0.1083984375 0.2316715542521994
0 0.75390625 0.9244868035190615 0.11328125 0.14076246334310852
0 0.73828125 0.6818181818181818 0.171875 0.3533724340175953
0 0.4619140625 0.843108504398827 0.12890625 0.14076246334310852