0 0.67529296875 0.6400293255131965 0.1787109375 0.27126099706744866
0 0.658203125 0.7529325513196481 0.1669921875 0.218475073313783
0 0.6630859375 0.9098240469208211 0.1884765625 0.17595307917888564
0 0.59375 0.29178885630498536 0.1982421875 0.3416422287390029
0 0.7509765625 0.25513196480938416 0.1142578125 0.1656891495601173
0 0.712890625 0.4112903225806452 0.1416015625 0.17888563049853373
0 0.70556640625 0.016129032258064516 0.1435546875 0.03225806451612903
0 0.7119140625 0.07697947214076246 0.16796875 0.15395894428152493
0 0.572265625 0.060117302052785926 0.185546875 0.12023460410557185
0 0.822265625 0.532258064516129 0.1396484375 0.17302052785923755
0 0.96630859375 0.4413489736070381 0.0673828125 0.2434017595307918
0 0.94189453125 0.13856304985337242 0.1103515625 0.27712609970674484
0 0.89404296875 0.015395894428152493 0.2001953125 0.030791788856304986
0 0.9658203125 0.780791788856305 0.068359375 0.4149560117302053
0 0.88818359375 0.8526392961876833 0.2001953125 0.2785923753665689