0 0.474609375 0.27419354838709675 0.12890625 0.18181818181818182
0 0.3134765625 0.3592375366568915 0.234375 0.31085043988269795
0 0.24853515625 0.47653958944281527 0.15625 0.1744868035190616
0 0.2255859375 0.719208211143695 0.1171875 0.2375366568914956
0 0.4592729482421875 0 0.4703027900390625 0.07173800733137829 0.520511556640625 0.20040048093841642 0.5560250234375 0.3088444633431085 0.6343996904296875 0.23532302492668625 0.5903139609375 0.04416748826979472 0.5778075107421875 0 0.4592729482421875 0
0 0.251953125 0.038856304985337244 0.1640625 0.07771260997067449
0 0.40380859375 0.218475073313783 0.134765625 0.24633431085043989
0 0.759765625 0.08284457478005865 0.134765625 0.1656891495601173
0 0.5048828125 0.8870967741935484 0.203125 0.22580645161290322
0 0.77294921875 0.8299120234604106 0.1201171875 0.20821114369501467
0 0.59814453125 0.7947214076246334 0.12109375 0.18475073313782991
0 0.30322265625 0.8856304985337243 0.20703125 0.22727272727272727
0 0.33740234375 0.6429618768328446 0.171875 0.2697947214076246
0 0.4326171875 0.7008797653958945 0.13671875 0.2287390029325513
0 0.794921875 0.44574780058651026 0.076171875 0.26099706744868034
0 0.74658203125 0.6627565982404692 0.1728515625 0.28885630498533726
0 0.73095703125 0.3020527859237537 0.181640625 0.2434017595307918
0 0.51806640625 0.5036656891495601 0.13671875 0.3416422287390029
0 0.65234375 0.5601173020527859 0.15234375 0.2727272727272727
0 0.62890625 0.3629032258064516 0.138671875 0.22580645161290322