0 0.40380859375 0.22434017595307917 0.1767578125 0.23607038123167157
0 0.599609375 0.1495601173020528 0.2216796875 0.2844574780058651
0 0.46044921875 0.5109970674486803 0.318359375 0.4090909090909091
0 0.6806640625 0.6906158357771262 0.2529296875 0.3812316715542522
0 0.7978515625 0.533724340175953 0.00390625 0.007331378299120235
0 0.07763671875 0.17595307917888564 0.1552734375 0.31671554252199413
0 0.09765625 0.532991202346041 0.1953125 0.24193548387096775
0 0.08447265625 0.9362170087976539 0.1611328125 0.12756598240469208
0 0.138671875 0.7111436950146628 0.2734375 0.14222873900293256
0 0.24072265625 0.9574780058651027 0.0810546875 0.08504398826979472
0 0.51708984375 0.9259530791788856 0.3857421875 0.14809384164222875