0 0.05078125 0.906891495601173 0.1015625 0.18621700879765396
0 0.07666015625 0.25146627565982405 0.0703125 0.17302052785923755
0 0.20556640625 0.24926686217008798 0.1708984375 0.36070381231671556
0 0.736328125 0.23240469208211142 0.193359375 0.2991202346041056
0 0.919921875 0.2661290322580645 0.16015625 0.34310850439882695
0 0.2138671875 0.7785923753665689 0.130859375 0.18181818181818182
0 0.16552734375 0.9164222873900293 0.150390625 0.16715542521994134
0 0.35302734375 0.9384164222873901 0.228515625 0.12316715542521994
0 0.0830078125 0.10190615835777127 0.166015625 0.20381231671554254
0 0.85986328125 0.060117302052785926 0.1064453125 0.12023460410557185
0 0.02099609375 0.718475073313783 0.0419921875 0.12609970674486803
0 0.06396484375 0.5373900293255132 0.1279296875 0.32404692082111436