0 0.3642578125 0.22067448680351906 0.2197265625 0.35777126099706746
0 0.5654296875 0.15469208211143695 0.14453125 0.30791788856304986
0 0.33056640625 0.5498533724340176 0.1943359375 0.23460410557184752
0 0.27880859375 0.8541055718475073 0.328125 0.29178885630498536
0 0.05029296875 0.8914956011730205 0.1005859375 0.21700879765395895
0 0.47265625 0.7661290322580645 0.3037109375 0.2932551319648094
0 0.7890625 0.658357771260997 0.150390625 0.21407624633431085
0 0.16845703125 0.1436950146627566 0.208984375 0.2873900293255132
0 0.046875 0.6957478005865103 0.09375 0.20234604105571846
0 0.08056640625 0.43548387096774194 0.1611328125 0.3812316715542522
0 0.03759765625 0.09090909090909091 0.0751953125 0.18181818181818182
0 0.38525390625 0.03152492668621701 0.1845703125 0.06304985337243402
0 0.91455078125 0.10557184750733138 0.1708984375 0.21114369501466276
0 0.7236328125 0.039589442815249266 0.1796875 0.07917888563049853
0 0.73486328125 0.20821114369501467 0.2158203125 0.24486803519061584
0 0.923828125 0.437683284457478 0.15234375 0.32697947214076245
0 0.7021484375 0.499266862170088 0.263671875 0.3225806451612903
0 0.66796875 0.8115835777126099 0.240234375 0.2961876832844575
0 0.93896484375 0.594574780058651 0.1220703125 0.30058651026392963