0 0.87744140625 0.8145161290322581 0.240234375 0.36950146627565983
0 0.6591796875 0.8057184750733137 0.1748046875 0.34750733137829914
0 0.75048828125 0.5909090909090909 0.18359375 0.3944281524926686
0 0.82275390625 0.43255131964809385 0.240234375 0.4340175953079179
0 0.56640625 0.49560117302052786 0.18359375 0.26392961876832843
0 0.46240234375 0.7947214076246334 0.16015625 0.3782991202346041
0 0.3642578125 0.5395894428152492 0.17578125 0.2991202346041056
0 0.3203125 0.2697947214076246 0.1396484375 0.25219941348973607
0 0.126953125 0.24266862170087977 0.25390625 0.48533724340175954
0 0.0771484375 0.4002932551319648 0.154296875 0.25219941348973607
0 0.240234375 0.04985337243401759 0.103515625 0.09970674486803519
0 0.52685546875 0.18621700879765396 0.42578125 0.3724340175953079
0 0.18701171875 0.8233137829912024 0.3740234375 0.3533724340175953
0 0.1328125 0.5711143695014663 0.265625 0.1466275659824047
0 0.27783203125 0.7763929618768328 0.1865234375 0.2829912023460411
0 0.0830078125 0.7866568914956011 0.166015625 0.2932551319648094