0 0.6494140625 0.46114369501466274 0.12109375 0.19208211143695014
0 0.896484375 0.5747800586510264 0.20703125 0.3519061583577713
0 0.88134765625 0.3519061583577713 0.1494140625 0.1972140762463343
0 0.59326171875 0.21994134897360704 0.20556640625 0.35043988269794724
0 0.51513671875 0.12316715542521994 0.115234375 0.23387096774193547
0 0.3544921875 0.08797653958944282 0.158203125 0.17595307917888564
0 0.9041587158203125 0.48381650733137826 0.862750111328125 0.4271293035190616 0.7835869248046875 0.45455860997067454 0.6983341845703125 0.5295320733137829 0.626478373046875 0.582562008797654 0.675194240234375 0.6995937697947214 0.801855361328125 0.6337634354838709 0.899286984375 0.5715902873900293 0.9041587158203125 0.48381650733137826
0 0.8896484375 0.12903225806451613 0.220703125 0.24486803519061584
0 0.6865234375 0.3555718475073314 0.16357421875 0.20087976539589442
0 0.837890625 0.8878299120234604 0.23291015625 0.2001466275659824
0 0.111328125 0.2837243401759531 0.1337890625 0.1656891495601173
0 0.20703125 0.5058651026392962 0.22265625 0.3027859237536657
0 0.28125 0.908357771260997 0.138671875 0.18328445747800587
0 0.3046875 0.6451612903225806 0.1220703125 0.18181818181818182
0 0.244140625 0.20454545454545456 0.15087890625 0.3093841642228739
0 0.40478515625 0.2558651026392962 0.17822265625 0.25733137829912023
0 0.36669921875 0.39882697947214074 0.1513671875 0.20307917888563048
0 0.53662109375 0.9413489736070382 0.1728515625 0.11730205278592376
0 0.39208984375 0.8687683284457478 0.19091796875 0.26173020527859236
0 0.63134765625 0.843841642228739 0.1611328125 0.27126099706744866
0 0.49755859375 0.5256598240469208 0.22607421875 0.20527859237536658
0 0.4599609375 0.7265395894428153 0.18017578125 0.2280058651026393
0 0.5908203125 0.6913489736070382 0.1494140625 0.20747800586510265
0 0.08447265625 0.10190615835777127 0.1689453125 0.20381231671554254