0 0.54150390625 0.3519061583577713 0.27734375 0.3870967741935484
0 0.251953125 0.21407624633431085 0.25390625 0.35777126099706746
0 0.064453125 0.11510263929618768 0.12890625 0.2287390029325513
0 0.05810546875 0.2932551319648094 0.115234375 0.28152492668621704
0 0.18359375 0.6510263929618768 0.1337890625 0.26392961876832843
0 0.0595703125 0.6187683284457478 0.119140625 0.2287390029325513
0 0.0625 0.8563049853372434 0.125 0.2873900293255132
0 0.41259765625 0.8673020527859238 0.2802734375 0.2653958944281525
0 0.6650390625 0.749266862170088 0.2734375 0.49560117302052786
0 0.46142578125 0.6686217008797654 0.138671875 0.2126099706744868
0 0.47216796875 0.07771260997067449 0.1552734375 0.15542521994134897