0 0.4501953125 0.18988269794721407 0.1357421875 0.18328445747800587
0 0.388671875 0.5681818181818182 0.177734375 0.2126099706744868
0 0.38623046875 0.7624633431085044 0.1884765625 0.1935483870967742
0 0.299272802734375 1 0.311776888671875 0.9785391715542522 0.281293083984375 0.9375101539589443 0.234204873046875 1 0.299272802734375 1
0 0.24560546875 0.7917888563049853 0.109375 0.1906158357771261
0 0.2705078125 0.2529325513196481 0.166015625 0.30058651026392963
0 0.26953125 0.07331378299120235 0.150390625 0.13929618768328444
0 0.4150390625 0.31451612903225806 0.0791015625 0.10117302052785923
0 0.2123194814453125 1 0.2758894775390625 0.9187033636363636 0.2620125986328125 0.8768823152492669 0.1721088056640625 0.944489491202346 0.172754134765625 1 0.2123194814453125 1
0 0.25537109375 0.42888563049853373 0.1806640625 0.2624633431085044
0 0.443359375 0.44941348973607037 0.1435546875 0.2375366568914956
0 0.21923828125 0.6341642228739003 0.0947265625 0.12609970674486803