0 0.10791015625 0.4655425219941349 0.2158203125 0.4413489736070381
0 0.18115234375 0.749266862170088 0.244140625 0.4912023460410557
0 0.3212890625 0.5806451612903226 0.22265625 0.3489736070381232
0 0.13818359375 0.15175953079178886 0.2724609375 0.3035190615835777
0 0.27978515625 0.1378299120234604 0.1787109375 0.2756598240469208
0 0.42578125 0.125366568914956 0.13671875 0.250733137829912
0 0.56298828125 0.09310850439882698 0.1669921875 0.18621700879765396
0 0.4453125 0.33357771260997066 0.166015625 0.20087976539589442
0 0.53662109375 0.6480938416422287 0.162109375 0.3255131964809384
0 0.6171875 0.9017595307917888 0.265625 0.19648093841642228
0 0.38671875 0.8819648093841642 0.169921875 0.23460410557184752
0 0.634765625 0.312316715542522 0.18359375 0.23313782991202345
0 0.79052734375 0.12390029325513197 0.2275390625 0.23900293255131966
0 0.9345703125 0.14516129032258066 0.130859375 0.2697947214076246
0 0.8642578125 0.42595307917888564 0.271484375 0.4032258064516129
0 0.72705078125 0.657624633431085 0.201171875 0.3519061583577713
0 0.8857421875 0.8211143695014663 0.22265625 0.35777126099706746