0 0.4990234375 0.15029325513196481 0.06591796875 0.250733137829912
0 0.37451171875 0.1627565982404692 0.0673828125 0.20307917888563048
0 0.1708984375 0.24413489736070382 0.23193359375 0.25513196480938416
0 0.02490234375 0.18181818181818182 0.04931640625 0.2756598240469208
0 0.14111328125 0.0689149560117302 0.11767578125 0.09164222873900293
0 0.26806640625 0.056451612903225805 0.10498046875 0.11217008797653959
0 0.57958984375 0.15029325513196481 0.0576171875 0.2565982404692082
0 0.693359375 0.4156891495601173 0.07861328125 0.33284457478005863
0 0.70458984375 0.12463343108504399 0.07470703125 0.23607038123167157
0 0.58837890625 0.9486803519061584 0.14794921875 0.10190615835777127
0 0.78173828125 0.43621700879765396 0.0537109375 0.23460410557184752
0 0.89453125 0.23607038123167157 0.20654296875 0.3467741935483871
0 0.86181640625 0.8247800586510264 0.27587890625 0.35043988269794724
0 0.943359375 0.6063049853372434 0.11328125 0.14222873900293256