0 0.11572265625 0.5689149560117303 0.2177734375 0.37683284457478006
0 0.1279296875 0.1810850439882698 0.2490234375 0.3181818181818182
0 0.3203125 0.6532258064516129 0.18505859375 0.25513196480938416
0 0.43212890625 0.19281524926686217 0.1904296875 0.3313782991202346
0 0.30029296875 0.15029325513196481 0.18603515625 0.30058651026392963
0 0.24169921875 0.7998533724340176 0.1904296875 0.34457478005865105
0 0.52197265625 0.6942815249266863 0.18505859375 0.3027859237536657
0 0.60791015625 0.9274193548387096 0.23779296875 0.14442815249266863
0 0.82666015625 0.5146627565982405 0.2265625 0.3196480938416422
0 0.603515625 0.40762463343108507 0.15869140625 0.3277126099706745
0 0.73046875 0.17228739002932553 0.2275390625 0.3416422287390029
0 0.9033203125 0.21920821114369501 0.138671875 0.26173020527859236
0 0.68994140625 0.7543988269794721 0.205078125 0.31085043988269795
0 0.89453125 0.8064516129032258 0.208984375 0.3870967741935484