0 0.1357421875 0.1781524926686217 0.2353515625 0.13343108504398826
0 0.52685546875 0.4142228739002933 0.208984375 0.25513196480938416
0 0.63916015625 0.16715542521994134 0.1298828125 0.3255131964809384
0 0.4814453125 0.07697947214076246 0.296875 0.15249266862170088
0 0.35791015625 0.9538123167155426 0.19140625 0.09090909090909091
0 0.482421875 0.6876832844574781 0.2314453125 0.2653958944281525
0 0.4072265625 0.8071847507331378 0.1259765625 0.17155425219941348
0 0.0419921875 0.9560117302052786 0.083984375 0.08797653958944282
0 0.03369140625 0.3555718475073314 0.0673828125 0.19794721407624633
0 0.2353515625 0.5388563049853372 0.119140625 0.14809384164222875
0 0.28369140625 0.3914956011730205 0.1201171875 0.2316715542521994
0 0.275390625 0.13709677419354838 0.1220703125 0.27419354838709675
0 0.19775390625 0.7258064516129032 0.201171875 0.18181818181818182