0 0.373046875 0.9560117302052786 0.1328125 0.08797653958944282
0 0.61474609375 0.22067448680351906 0.1171875 0.17888563049853373
0 0.7607421875 0.40689149560117305 0.14453125 0.17008797653958943
0 0.7741268798828125 0 0.676436578125 0.13089862316715545 0.7348611201171875 0.23813646480938414 0.8330078125 0.13600614809384165 0.8330078125 0 0.7741268798828125 0
0 0.76318359375 0.17375366568914957 0.126953125 0.0967741935483871
0 0.29736328125 0.8108504398826979 0.21484375 0.312316715542522
0 0.2373046875 0.9530791788856305 0.140625 0.093841642228739
0 0.236328125 0.49486803519061584 0.1005859375 0.14222873900293256
0 0.34228515625 0.591642228739003 0.177734375 0.12609970674486803
0 0.4453125 0.41348973607038125 0.244140625 0.2961876832844575
0 0.373046875 0.18695014662756598 0.1318359375 0.29178885630498536
0 0.2353515625 0.20527859237536658 0.13671875 0.41055718475073316
0 0.7705078125 0.6495601173020528 0.125 0.28152492668621704
0 0.767578125 0.9266862170087976 0.130859375 0.1466275659824047