0 0.248046875 0.7558651026392962 0.146484375 0.37390029325513197
0 0.1201171875 0.6480938416422287 0.0869140625 0.29472140762463345
0 0.02734375 0.4736070381231672 0.0546875 0.2287390029325513
0 0.041015625 0.8005865102639296 0.08203125 0.375366568914956
0 0.640625 0.8966275659824047 0.224609375 0.20674486803519063
0 0.47314453125 0.8621700879765396 0.1005859375 0.2756598240469208
0 0.3662109375 0.8585043988269795 0.0869140625 0.27712609970674484
0 0.19775390625 0.9215542521994134 0.19921875 0.1466275659824047
0 0.8525390625 0.9244868035190615 0.185546875 0.15102639296187684
0 0.93212890625 0.8489736070381232 0.130859375 0.26832844574780057
0 0.97216796875 0.9758064516129032 0.0458984375 0.04838709677419355
0 0.96728515625 0.3533724340175953 0.0654296875 0.6832844574780058
0 0.82421875 0.5271260997067448 0.1943359375 0.40762463343108507
0 0.6640625 0.31378299120234604 0.1845703125 0.3255131964809384
0 0.52734375 0.14809384164222875 0.21484375 0.2961876832844575
0 0.783203125 0.17595307917888564 0.2841796875 0.34457478005865105