0 0.21630859375 0.8643695014662757 0.091796875 0.19794721407624633
0 0.2822265625 0.6524926686217009 0.1953125 0.31671554252199413
0 0.37060546875 0.40689149560117305 0.1220703125 0.22140762463343108
0 0.29296875 0.15689149560117302 0.2421875 0.31378299120234604
0 0.50439453125 0.313049853372434 0.09375 0.16422287390029325
0 0.5263671875 0.08944281524926687 0.1494140625 0.17888563049853373
0 0.75244140625 0.04912023460410557 0.251953125 0.09824046920821114
0 0.89111328125 0.13343108504398826 0.2177734375 0.2668621700879765
0 0.7080078125 0.34310850439882695 0.216796875 0.3914956011730205
0 0.89892578125 0.32331378299120234 0.2021484375 0.2155425219941349
0 0.85546875 0.5439882697947214 0.2890625 0.2287390029325513
0 0.875 0.7969208211143695 0.25 0.29178885630498536
0 0.81396484375 0.9296187683284457 0.3515625 0.14076246334310852
0 0.60107421875 0.7595307917888563 0.2353515625 0.4809384164222874
0 0.38623046875 0.9017595307917888 0.1982421875 0.19648093841642228
0 0.4345703125 0.6649560117302052 0.0625 0.22580645161290322
0 0.5146484375 0.4538123167155425 0.12890625 0.12756598240469208