0 0.38232421875 0.21041055718475074 0.1083984375 0.1348973607038123
0 0.08154296875 0.07771260997067449 0.1552734375 0.15542521994134897
0 0.2607421875 0.07844574780058651 0.09765625 0.15689149560117302
0 0.68115234375 0.11436950146627566 0.06640625 0.12903225806451613
0 0.7587890625 0.1312316715542522 0.09765625 0.15542521994134897
0 0.87548828125 0.10043988269794721 0.1259765625 0.18475073313782991
0 0.9833984375 0.07771260997067449 0.033203125 0.13196480938416422
0 0.560546875 0.125366568914956 0.130859375 0.250733137829912
0 0.37890625 0.06304985337243402 0.095703125 0.12609970674486803
0 0.189453125 0.9171554252199413 0.224609375 0.15542521994134897
0 0.443359375 0.9897360703812317 0.08203125 0.01906158357771261