0 0.87841796875 0.15835777126099707 0.203125 0.25513196480938416
0 0.75048828125 0.1282991202346041 0.2041015625 0.2565982404692082
0 0.89697265625 0.4156891495601173 0.205078125 0.3035190615835777
0 0.46826171875 0.24560117302052786 0.208984375 0.2991202346041056
0 0.09033203125 0.15469208211143695 0.1806640625 0.3093841642228739
0 0.50634765625 0.31085043988269795 0.1015625 0.1378299120234604
0 0.3603515625 0.3548387096774194 0.103515625 0.187683284457478
0 0.48046875 0.499266862170088 0.11328125 0.2434017595307918
0 0.54638671875 0.5021994134897361 0.09375 0.2287390029325513
0 0.74267578125 0.5887096774193549 0.123046875 0.1935483870967742
0 0.93505859375 0.6788856304985337 0.119140625 0.1935483870967742
0 0.76806640625 0.9039589442815249 0.1494140625 0.19208211143695014
0 0.87744140625 0.8863636363636364 0.107421875 0.18475073313782991
0 0.97265625 0.8775659824046921 0.0546875 0.13343108504398826
0 0.96044921875 0.9714076246334311 0.0791015625 0.05718475073313783
0 0.51220703125 0.8563049853372434 0.11328125 0.19941348973607037
0 0.64208984375 0.7478005865102639 0.103515625 0.13343108504398826
0 0.294921875 0.9259530791788856 0.0927734375 0.14809384164222875
0 0.40771484375 0.9758064516129032 0.0859375 0.04838709677419355
0 0.4111328125 0.8702346041055719 0.078125 0.12023460410557185
0 0.21826171875 0.6649560117302052 0.33203125 0.3343108504398827
0 0.08154296875 0.9750733137829912 0.119140625 0.04985337243401759
0 0.013671875 0.7947214076246334 0.02734375 0.22580645161290322