0 0.4599609375 0.3262463343108504 0.265625 0.2903225806451613
0 0.47900390625 0.6950146627565983 0.228515625 0.39882697947214074
0 0.9072265625 0.5659824046920822 0.185546875 0.28885630498533726
0 0.88525390625 0.7118768328445748 0.228515625 0.2844574780058651
0 0.91748046875 0.2873900293255132 0.1650390625 0.2668621700879765
0 0.873046875 0.09090909090909091 0.25390625 0.18181818181818182
0 0.451171875 0.0689149560117302 0.158203125 0.1378299120234604
0 0.48876953125 0.9244868035190615 0.248046875 0.15102639296187684
0 0.9287109375 0.9105571847507331 0.142578125 0.17888563049853373
0 0.75830078125 0.9244868035190615 0.1875 0.15102639296187684
0 0.64208984375 0.09090909090909091 0.1181640625 0.18181818181818182