0 0.7216796875 0.9208211143695014 0.1357421875 0.14076246334310852
0 0.576171875 0.8189149560117303 0.216796875 0.3020527859237537
0 0.4072265625 0.6825513196480938 0.15234375 0.18914956011730205
0 0.25537109375 0.8020527859237536 0.1767578125 0.37390029325513197
0 0.34326171875 0.4750733137829912 0.111328125 0.14516129032258066
0 0.208984375 0.4413489736070381 0.083984375 0.2316715542521994
0 0.181640625 0.14222873900293256 0.029296875 0.2844574780058651
0 0.36328125 0.16348973607038123 0.267578125 0.32697947214076245
0 0.50244140625 0.07697947214076246 0.1572265625 0.15395894428152493
0 0.67529296875 0.047653958944281524 0.2001953125 0.09530791788856305
0 0.775390625 0.13416422287390029 0.115234375 0.26832844574780057
0 0.650390625 0.3255131964809384 0.33203125 0.36363636363636365
0 0.75634765625 0.657624633431085 0.15234375 0.30791788856304986
0 0.5849609375 0.5835777126099707 0.154296875 0.0967741935483871
0 0.439453125 0.4596774193548387 0.087890625 0.19941348973607037