0 0.07177734375 0.036656891495601175 0.1318359375 0.07331378299120235
0 0.029296875 0.19574780058651026 0.0546875 0.23313782991202345
0 0.42431640625 0.844574780058651 0.1650390625 0.28885630498533726
0 0.47900390625 0.04252199413489736 0.2041015625 0.08504398826979472
0 0.9736328125 0.6275659824046921 0.0517578125 0.2155425219941349
0 0.91796875 0.8284457478005866 0.158203125 0.18328445747800587
0 0.9697265625 0.36070381231671556 0.060546875 0.21700879765395895
0 0.90283203125 0.1935483870967742 0.15234375 0.15689149560117302
0 0.9716796875 0.08284457478005865 0.056640625 0.14222873900293256
0 0.60205078125 0.8313782991202346 0.1474609375 0.27419354838709675
0 0.6376953125 0.34237536656891493 0.2021484375 0.22140762463343108
0 0.5810546875 0.15469208211143695 0.1455078125 0.16715542521994134
0 0.73681640625 0.12390029325513197 0.2158203125 0.24193548387096775
0 0.87109375 0.48607038123167157 0.115234375 0.1656891495601173
0 0.87890625 0.34237536656891493 0.0869140625 0.11436950146627566
0 0.74462890625 0.3357771260997067 0.126953125 0.18181818181818182
0 0.748046875 0.9442815249266863 0.154296875 0.11143695014662756
0 0.6943359375 0.7228739002932552 0.1279296875 0.20821114369501467
0 0.6669921875 0.5894428152492669 0.201171875 0.1436950146627566
0 0.6845703125 0.46920821114369504 0.05078125 0.09824046920821114
0 0.8466796875 0.6495601173020528 0.1787109375 0.1744868035190616