0 0.03759765625 0.3790322580645161 0.0751953125 0.27419354838709675
0 0.04931640625 0.6282991202346041 0.0986328125 0.312316715542522
0 0.10498046875 0.8980938416422287 0.2021484375 0.20381231671554254
0 0.048828125 0.8475073313782991 0.091796875 0.13929618768328444
0 0.59326171875 0.15762463343108504 0.1806640625 0.3152492668621701
0 0.65185546875 0.40249266862170086 0.2353515625 0.3152492668621701
0 0.8056640625 0.8958944281524927 0.2197265625 0.19794721407624633
0 0.916015625 0.09017595307917889 0.16015625 0.18035190615835778
0 0.767578125 0.09750733137829912 0.177734375 0.19501466275659823
0 0.9462890625 0.8951612903225806 0.107421875 0.18914956011730205
0 0.875 0.3533724340175953 0.25 0.36656891495601174
0 0.8994140625 0.6656891495601173 0.201171875 0.30498533724340177
0 0.77490234375 0.6935483870967742 0.099609375 0.1378299120234604