0 0.599430734375 0.6483233651026393 0.6304080537109376 0.9966584046920821 0.6998235625 0.9948391495601174 0.6796938349609375 0.6502365029325513 0.599430734375 0.6483233651026393
0 0.507601990234375 0.686880788856305 0.5343159453125 0.9991768049853372 0.5999833046875 0.9974557829912024 0.5836208603515625 0.6688214369501466 0.507601990234375 0.686880788856305
0 0.8239602607421875 0.7508911275659824 0.7600502998046875 0.6601807595307918 0.690242845703125 0.7523871832844575 0.76146252734375 0.9932237038123167 0.7772759443359375 0.9928092624633431 0.8239602607421875 0.7508911275659824
0 0.1919556494140625 1 0.3308691171875 0.6694204780058651 0.3429846962890625 0.44617327126099704 0.2607777509765625 0.39209328445747804 0.1156385595703125 0.7915470278592375 0.1414073759765625 0.937483146627566 0.161509484375 1 0.1919556494140625 1
0 0 0.43388110557184745 0.0280035419921875 0.5006210249266863 0.2051696455078125 0.32526584310850437 0.287088369140625 0.0055038651026392965 0 0.013027931085043989 0 0.43388110557184745
0 0.468493619140625 0.42882531231671556 0.42280049609375 0.06449838563049853 0.272233236328125 0.2271062052785924 0.2321586142578125 0.4611280747800587 0.3600316416015625 0.5320866158357772 0.468493619140625 0.42882531231671556
0 0.53955078125 0.29545454545454547 0.1533203125 0.43255131964809385
0 0.9560546875 0.5703812316715543 0.087890625 0.30791788856304986
0 0.76416015625 0.4714076246334311 0.171875 0.3460410557184751
0 0.1796043515625 0.3118772668621701 0.0018286533203125 0.6638503826979473 0.0033743544921875 0.7968099413489736 0.224843748046875 0.40709364662756603 0.1796043515625 0.3118772668621701
0 0.0049135712890625 0.9292117609970675 0.1092041025390625 0.9282852272727272 0.224347041015625 0.47940818181818184 0.1705660771484375 0.4547088328445748 0.0076731669921875 0.8224938929618768 0.0039905771484375 0.849816797653959 0.0049135712890625 0.9292117609970675
0 0.4267237548828125 1 0.4863211826171875 0.8119577390029326 0.4896149814453125 0.6351344032258064 0.4012835576171875 0.6294159384164223 0.3762363330078125 1 0.4267237548828125 1
0 0.53515625 0.5109970674486803 0.123046875 0.21114369501466276
0 0.39306640625 0.6019061583577713 0.078125 0.3357771260997067
0 0.6435546875 0.4875366568914956 0.185546875 0.3489736070381232
0 0.970703125 0.9127565982404692 0.05859375 0.15102639296187684
0 0.92578125 0.7045454545454546 0.1435546875 0.22287390029325513
0 0.89794921875 0.5080645161290323 0.1318359375 0.20821114369501467
0 0.86083984375 0.8914956011730205 0.12890625 0.20087976539589442
0 0.3408203125 0.8401759530791789 0.080078125 0.3196480938416422