0 0.97998046875 0.24853372434017595 0.037109375 0.27126099706744866
0 0.904296875 0.09310850439882698 0.13671875 0.18621700879765396
0 0.53369140625 0.20307917888563048 0.1083984375 0.2844574780058651
0 0.27685546875 0.3563049853372434 0.1171875 0.32111436950146627
0 0.138671875 0.47873900293255134 0.1357421875 0.26832844574780057
0 0.0283203125 0.6854838709677419 0.0546875 0.19941348973607037
0 0.3333497314453125 0.07583308944281525 0.419647681640625 0.3182521231671554 0.4740268994140625 0.07547949853372435 0.442193814453125 0.0014388313782991203 0.3546483388671875 0.003733240469208211 0.3333497314453125 0.07583308944281525
0 0 0.02163651612903226 0.11770448046875 0.23617153812316713 0.1406602255859375 0.21920734457478008 0.0994094638671875 0.01042258944281525 0 0.013027931085043989 0 0.02163651612903226
0 0.75244140625 0.08431085043988269 0.0966796875 0.16862170087976538
0 0.669921875 0.13856304985337242 0.119140625 0.23460410557184752
0 0.9501953125 0.4963343108504399 0.099609375 0.3064516129032258
0 0.94091796875 0.7697947214076246 0.1181640625 0.41348973607038125
0 0 0.5065515366568915 0.00067212109375 0.5643666906158358 0.100086474609375 0.4779806231671554 0 0.3337591231671554 0 0.5065515366568915
0 0.23095703125 0.17228739002932553 0.1162109375 0.2932551319648094
0 0.02294921875 0.15029325513196481 0.0458984375 0.23900293255131966
0 0.72119140625 0.8988269794721407 0.3251953125 0.19941348973607037