0 0.39599609375 0.7096774193548387 0.166015625 0.2536656891495601
0 0.44189453125 0.9200879765395894 0.259765625 0.15835777126099707
0 0.62744140625 0.9274193548387096 0.1240234375 0.14516129032258066
0 0.8125 0.8284457478005866 0.23828125 0.34310850439882695
0 0.95458984375 0.782991202346041 0.072265625 0.4340175953079179
0 0.884765625 0.49853372434017595 0.185546875 0.22434017595307917
0 0.501953125 0.4904692082111437 0.2265625 0.25219941348973607
0 0.28173828125 0.33944281524926684 0.306640625 0.6217008797653959
0 0.0625 0.2287390029325513 0.125 0.4222873900293255
0 0.09033203125 0.4838709677419355 0.1806640625 0.2785923753665689
0 0.10595703125 0.7060117302052786 0.2119140625 0.2126099706744868
0 0.11962890625 0.8812316715542522 0.2392578125 0.2375366568914956
0 0.2705078125 0.8592375366568915 0.0771484375 0.28152492668621704
0 0.66064453125 0.5073313782991202 0.1875 0.48533724340175954