0 0.544921875 0.18181818181818182 0.115234375 0.2756598240469208
0 0.5498046875 0.3819648093841642 0.12890625 0.13196480938416422
0 0.466796875 0.6136363636363636 0.1591796875 0.19208211143695014
0 0.35400390625 0.2595307917888563 0.25390625 0.33284457478005863
0 0.2314453125 0.5432551319648093 0.12890625 0.2536656891495601
0 0.27734375 0.7309384164222874 0.189453125 0.25219941348973607
0 0.1982421875 0.9237536656891495 0.0625 0.15249266862170088
0 0.67578125 0.8995601173020528 0.130859375 0.20087976539589442
0 0.74169921875 0.7800586510263929 0.181640625 0.2287390029325513
0 0.79248046875 0.9538123167155426 0.0810546875 0.09237536656891496
0 0.73681640625 0.14442815249266863 0.1923828125 0.28885630498533726
0 0.7255859375 0.5153958944281525 0.21484375 0.3533724340175953
0 0.552734375 0.8673020527859238 0.10546875 0.2653958944281525