0 0.44970703125 0.6195014662756598 0.16796875 0.26392961876832843
0 0.52978515625 0.9032258064516129 0.099609375 0.17155425219941348
0 0.63330078125 0.9259530791788856 0.09765625 0.14809384164222875
0 0.72607421875 0.8951612903225806 0.1103515625 0.20967741935483872
0 0.93310546875 0.4934017595307918 0.1337890625 0.28152492668621704
0 0.96728515625 0.7221407624633431 0.0654296875 0.20234604105571846
0 0.96142578125 0.8973607038123167 0.0771484375 0.20527859237536658
0 0.84619140625 0.7873900293255132 0.13671875 0.3519061583577713
0 0.94580078125 0.23900293255131966 0.107421875 0.21994134897360704
0 0.93017578125 0.07844574780058651 0.1396484375 0.15689149560117302
0 0.80029296875 0.04838709677419355 0.1064453125 0.0967741935483871
0 0.76025390625 0.37316715542521994 0.1484375 0.2653958944281525
0 0.64013671875 0.5637829912023461 0.1484375 0.2434017595307918
0 0.44775390625 0.12609970674486803 0.1806640625 0.25219941348973607
0 0.39208984375 0.35410557184750735 0.1953125 0.19941348973607037
0 0.65673828125 0.08431085043988269 0.130859375 0.16862170087976538
0 0.02783203125 0.9728739002932552 0.0556640625 0.054252199413489736
0 0.61181640625 0.32404692082111436 0.083984375 0.11730205278592376