0 0.50244140625 0.7045454545454546 0.1796875 0.4633431085043988
0 0.33642578125 0.5263929618768328 0.162109375 0.31085043988269795
0 0.31787109375 0.18621700879765396 0.19140625 0.3255131964809384
0 0.115234375 0.38636363636363635 0.18359375 0.3489736070381232
0 0.04052734375 0.2756598240469208 0.0810546875 0.5513196480938416
0 0.02587890625 0.8101173020527859 0.05078125 0.37976539589442815
0 0.1513671875 0.9208211143695014 0.19921875 0.15835777126099707
0 0.12548828125 0.6781524926686217 0.25 0.2859237536656892
0 0.3369140625 0.8570381231671554 0.146484375 0.2859237536656892
0 0.51953125 0.9655425219941349 0.21875 0.0689149560117302
0 0.7255859375 0.908357771260997 0.19140625 0.18328445747800587
0 0.89404296875 0.9252199413489736 0.15234375 0.1495601173020528
0 0.96875 0.5887096774193549 0.0625 0.31671554252199413
0 0.9873046875 0.8885630498533724 0.025390625 0.22287390029325513
0 0.7763671875 0.4479472140762463 0.271484375 0.6598240469208211
0 0.5390625 0.23387096774193547 0.2197265625 0.4604105571847507
0 0.95556640625 0.26759530791788855 0.0888671875 0.3196480938416422