0 0.2197265625 0.11510263929618768 0.1171875 0.218475073313783
0 0.80029296875 0.06158357771260997 0.0576171875 0.12316715542521994
0 0.74853515625 0.5557184750733137 0.173828125 0.3460410557184751
0 0.32080078125 0.28519061583577715 0.205078125 0.36656891495601174
0 0.5126953125 0.15175953079178886 0.1875 0.3035190615835777
0 0.34619140625 0.03812316715542522 0.1630859375 0.07331378299120235
0 0.27734375 0.4743401759530792 0.2255859375 0.3313782991202346
0 0.64794921875 0.30498533724340177 0.1708984375 0.2536656891495601
0 0.4853515625 0.4252199413489736 0.2119140625 0.3064516129032258
0 0.58056640625 0.6202346041055719 0.203125 0.39589442815249265
0 0.77392578125 0.2785923753665689 0.1162109375 0.28152492668621704