0 0.5322265625 0.01466275659824047 0.076171875 0.02932551319648094
0 0.578125 0.011730205278592375 0.048828125 0.02346041055718475
0 0.51904296875 0.06524926686217009 0.0390625 0.12023460410557185
0 0.57177734375 0.050586510263929615 0.05859375 0.09090909090909091
0 0.6162109375 0.08504398826979472 0.0498046875 0.10263929618768329
0 0.63623046875 0.15469208211143695 0.044921875 0.07917888563049853
0 0.6767578125 0.17228739002932553 0.056640625 0.07624633431085044
0 0.58251953125 0.22360703812316715 0.03125 0.06451612903225806
0 0.62451171875 0.2668621700879765 0.048828125 0.11143695014662756
0 0.6767578125 0.2756598240469208 0.068359375 0.09530791788856305
0 0.58984375 0.3409090909090909 0.033203125 0.06744868035190615
0 0.64990234375 0.37609970674486803 0.05859375 0.09090909090909091
0 0.595703125 0.41935483870967744 0.04296875 0.07624633431085044
0 0.533203125 0.4406158357771261 0.0341796875 0.03812316715542522
0 0.49951171875 0.5102639296187683 0.0439453125 0.07038123167155426
0 0.52685546875 0.47287390029325516 0.02734375 0.03519061583577713
0 0.56298828125 0.47287390029325516 0.041015625 0.07331378299120235
0 0.59521484375 0.4670087976539589 0.041015625 0.06158357771260997
0 0.63671875 0.5051319648093842 0.06640625 0.08504398826979472
0 0.5625 0.5410557184750733 0.044921875 0.0747800586510264
0 0.6162109375 0.5762463343108505 0.060546875 0.08797653958944282
0 0.47802734375 0.5740469208211144 0.0546875 0.11730205278592376
0 0.51513671875 0.6451612903225806 0.046875 0.11436950146627566
0 0.55517578125 0.6466275659824047 0.041015625 0.06598240469208211
0 0.60205078125 0.6832844574780058 0.046875 0.10557184750733138
0 0.4619140625 0.6722873900293255 0.0712890625 0.0689149560117302
0 0.53515625 0.7236070381231672 0.0458984375 0.051319648093841645
0 0.43505859375 0.7368035190615836 0.068359375 0.04398826979472141
0 0.39404296875 0.8057184750733137 0.0888671875 0.12023460410557185
0 0.4697265625 0.7675953079178885 0.0615234375 0.06744868035190615
0 0.52783203125 0.7917888563049853 0.046875 0.0747800586510264
0 0.6962890625 0.04472140762463343 0.080078125 0.08944281524926687
0 0.66845703125 0.09457478005865103 0.0673828125 0.07038123167155426
0 0.265625 0.025659824046920823 0.0390625 0.051319648093841645
0 0.3095703125 0.008064516129032258 0.037109375 0.016129032258064516
0 0.30419921875 0.06304985337243402 0.048828125 0.06451612903225806
0 0.3544921875 0.05205278592375367 0.064453125 0.10410557184750734
0 0.3974609375 0.03519061583577713 0.052734375 0.07038123167155426
0 0.46533203125 0.011730205278592375 0.0517578125 0.02346041055718475
0 0.4404296875 0.07991202346041056 0.0380859375 0.1217008797653959
0 0.400390625 0.13636363636363635 0.05078125 0.12903225806451613
0 0.1767578125 0.04618768328445748 0.01953125 0.09237536656891496
0 0.21142578125 0.08504398826979472 0.044921875 0.10850439882697947
0 0.2744140625 0.13196480938416422 0.05078125 0.12463343108504399
0 0.32177734375 0.15102639296187684 0.0390625 0.09090909090909091
0 0.35009765625 0.20161290322580644 0.0390625 0.10117302052785923
0 0.39892578125 0.23093841642228738 0.0498046875 0.08797653958944282
0 0.4775390625 0.093841642228739 0.04296875 0.08211143695014662
0 0.47509765625 0.17155425219941348 0.05078125 0.07917888563049853
0 0.5546875 0.13269794721407624 0.044921875 0.11730205278592376
0 0.5244140625 0.18914956011730205 0.0478515625 0.09090909090909091
0 0.50048828125 0.2434017595307918 0.044921875 0.1217008797653959
0 0.54638671875 0.28812316715542524 0.0556640625 0.11143695014662756
0 0.458984375 0.27419354838709675 0.0322265625 0.05865102639296188
0 0.451171875 0.3218475073313783 0.041015625 0.08797653958944282
0 0.513671875 0.35777126099706746 0.041015625 0.09090909090909091
0 0.23193359375 0.20087976539589442 0.0810546875 0.11730205278592376
0 0.3193359375 0.24193548387096775 0.03125 0.08504398826979472
0 0.361328125 0.28152492668621704 0.05859375 0.06451612903225806
0 0.31005859375 0.3526392961876833 0.04296875 0.09090909090909091
0 0.361328125 0.34237536656891493 0.0615234375 0.08064516129032258
0 0.19091796875 0.13196480938416422 0.044921875 0.09090909090909091
0 0.18212890625 0.2998533724340176 0.0302734375 0.13929618768328444
0 0.2294921875 0.2837243401759531 0.0576171875 0.07331378299120235
0 0.21337890625 0.36070381231671556 0.064453125 0.07917888563049853
0 0.22412109375 0.4178885630498534 0.068359375 0.07917888563049853
0 0.26806640625 0.3416422287390029 0.056640625 0.0967741935483871
0 0.2734375 0.4222873900293255 0.0390625 0.05865102639296188
0 0.3056640625 0.4222873900293255 0.0419921875 0.06158357771260997
0 0.24755859375 0.49853372434017595 0.056640625 0.09090909090909091
0 0.29345703125 0.5065982404692082 0.0478515625 0.07331378299120235
0 0.337890625 0.4435483870967742 0.05078125 0.07624633431085044
0 0.341796875 0.5183284457478006 0.068359375 0.09237536656891496
0 0.38037109375 0.4479472140762463 0.0556640625 0.04105571847507331
0 0.41162109375 0.4809384164222874 0.0498046875 0.05571847507331378
0 0.39599609375 0.5263929618768328 0.04296875 0.07038123167155426
0 0.47509765625 0.4112903225806452 0.064453125 0.10263929618768329
0 0.5576171875 0.3878299120234604 0.0390625 0.06598240469208211
0 0.3232421875 0.5967741935483871 0.064453125 0.07038123167155426
0 0.39208984375 0.6092375366568915 0.048828125 0.07624633431085044
0 0.17822265625 0.5285923753665689 0.0224609375 0.10263929618768329
0 0.18701171875 0.6063049853372434 0.0400390625 0.07038123167155426
0 0.234375 0.6510263929618768 0.076171875 0.10703812316715543
0 0.30029296875 0.6686217008797654 0.0625 0.05278592375366569
0 0.3759765625 0.655425219941349 0.0576171875 0.06451612903225806
0 0.359375 0.7096774193548387 0.087890625 0.08504398826979472
0 0.18408203125 0.6818181818181818 0.0341796875 0.07038123167155426
0 0.814453125 0.021994134897360705 0.037109375 0.04398826979472141
0 0.755859375 0.08504398826979472 0.05078125 0.093841642228739
0 0.7841796875 0.051319648093841645 0.04296875 0.060117302052785926
0 0.80712890625 0.12463343108504399 0.05078125 0.12463343108504399
0 0.7451171875 0.20527859237536658 0.046875 0.08504398826979472
0 0.8125 0.18255131964809385 0.041015625 0.07771260997067449
0 0.80126953125 0.23973607038123168 0.052734375 0.06744868035190615
0 0.74658203125 0.28812316715542524 0.05078125 0.08211143695014662
0 0.69921875 0.3519061583577713 0.046875 0.06158357771260997
0 0.75244140625 0.3680351906158358 0.0517578125 0.05571847507331378
0 0.80419921875 0.3519061583577713 0.0576171875 0.06158357771260997
0 0.8173828125 0.2903225806451613 0.03125 0.04985337243401759
0 0.70556640625 0.3980938416422287 0.0400390625 0.02932551319648094
0 0.68212890625 0.4340175953079179 0.0205078125 0.02346041055718475
0 0.7109375 0.437683284457478 0.033203125 0.03519061583577713
0 0.7509765625 0.4274193548387097 0.05859375 0.06744868035190615
0 0.802734375 0.41642228739002934 0.046875 0.07038123167155426
0 0.76416015625 0.48826979472140764 0.056640625 0.06451612903225806
0 0.8037109375 0.5043988269794721 0.0419921875 0.06451612903225806
0 0.796875 0.5557184750733137 0.068359375 0.06158357771260997
0 0.681640625 0.5476539589442815 0.041015625 0.10703812316715543
0 0.73046875 0.5725806451612904 0.05078125 0.06158357771260997
0 0.69384765625 0.6495601173020528 0.0546875 0.06158357771260997
0 0.7841796875 0.6326979472140762 0.064453125 0.05278592375366569
0 0.7421875 0.6898826979472141 0.0791015625 0.08064516129032258
0 0.767578125 0.6598240469208211 0.005859375 0.001466275659824047
0 0.810546875 0.6935483870967742 0.044921875 0.05278592375366569
0 0.66943359375 0.6986803519061584 0.07421875 0.04985337243401759
0 0.67822265625 0.7434017595307918 0.0439453125 0.03372434017595308
0 0.71142578125 0.7456011730205279 0.0390625 0.05278592375366569
0 0.5771484375 0.8057184750733137 0.0546875 0.10117302052785923
0 0.62353515625 0.7778592375366569 0.0390625 0.04985337243401759
0 0.6416015625 0.8013196480938416 0.0244140625 0.06451612903225806
0 0.67822265625 0.7888563049853372 0.0439453125 0.06304985337243402
0 0.71240234375 0.8042521994134897 0.04296875 0.07771260997067449
0 0.74658203125 0.7675953079178885 0.025390625 0.03812316715542522
0 0.791015625 0.7727272727272727 0.0546875 0.05865102639296188
0 0.80908203125 0.8020527859237536 0.046875 0.07771260997067449
0 0.7529296875 0.9479472140762464 0.046875 0.10410557184750734
0 0.8154296875 0.9259530791788856 0.03515625 0.08211143695014662
0 0.748046875 0.8137829912023461 0.0322265625 0.030791788856304986
0 0.69140625 0.8936950146627566 0.052734375 0.09090909090909091
0 0.7431640625 0.8702346041055719 0.041015625 0.06158357771260997
0 0.451171875 0.8225806451612904 0.0546875 0.04398826979472141
0 0.2900390625 0.7360703812316716 0.05078125 0.06744868035190615
0 0.32568359375 0.7705278592375366 0.056640625 0.05865102639296188
0 0.19775390625 0.7587976539589443 0.0615234375 0.10117302052785923
0 0.263671875 0.8350439882697948 0.068359375 0.0967741935483871
0 0.326171875 0.8350439882697948 0.080078125 0.0689149560117302
0 0.30517578125 0.9347507331378299 0.0830078125 0.13049853372434017
0 0.390625 0.8812316715542522 0.0478515625 0.04985337243401759
0 0.43603515625 0.8797653958944281 0.0341796875 0.03812316715542522
0 0.470703125 0.8717008797653959 0.041015625 0.06451612903225806
0 0.2392578125 0.7844574780058651 0.056640625 0.07771260997067449
0 0.19140625 0.844574780058651 0.048828125 0.07917888563049853
0 0.1806640625 0.9435483870967742 0.02734375 0.11290322580645161
0 0.23291015625 0.9501466275659824 0.044921875 0.04985337243401759
0 0.224609375 0.9941348973607038 0.041015625 0.011730205278592375
0 0.36083984375 0.9589442815249267 0.0458984375 0.08211143695014662
0 0.4208984375 0.9538123167155426 0.0703125 0.09237536656891496
0 0.51611328125 0.8665689149560117 0.05859375 0.04985337243401759
0 0.50634765625 0.9200879765395894 0.052734375 0.04105571847507331
0 0.4833984375 0.9706744868035191 0.060546875 0.05865102639296188
0 0.5830078125 0.873900293255132 0.0390625 0.0689149560117302
0 0.63525390625 0.8907624633431085 0.0625 0.08504398826979472
0 0.541015625 0.967741935483871 0.0625 0.06451612903225806
0 0.615234375 0.9772727272727273 0.041015625 0.045454545454545456
0 0.6611328125 0.9721407624633431 0.048828125 0.05571847507331378
0 0.70361328125 0.9714076246334311 0.0537109375 0.05718475073313783
0 0.80224609375 0.9868035190615836 0.0615234375 0.026392961876832845