0 0.9208984375 0.7609970674486803 0.0595703125 0.10263929618768329
0 0.9677734375 0.7302052785923754 0.052734375 0.054252199413489736
0 0.98193359375 0.6693548387096774 0.0361328125 0.045454545454545456
0 0.97607421875 0.6290322580645161 0.0244140625 0.02346041055718475
0 0.9951171875 0.6011730205278593 0.009765625 0.07038123167155426
0 0.951171875 0.9098240469208211 0.0673828125 0.0689149560117302
0 0.23876953125 0.8277126099706745 0.0693359375 0.08944281524926687
0 0.287109375 0.7375366568914956 0.0673828125 0.08944281524926687
0 0.0185546875 0.8863636363636364 0.029296875 0.10557184750733138
0 0.3427734375 0.9589442815249267 0.060546875 0.08211143695014662
0 0.07861328125 0.8592375366568915 0.0400390625 0.07331378299120235
0 0.10302734375 0.9582111436950147 0.0390625 0.06158357771260997
0 0.9931640625 0.8951612903225806 0.013671875 0.07771260997067449
0 0.78759765625 0.9391495601173021 0.0634765625 0.07771260997067449
0 0.232421875 0.9259530791788856 0.0625 0.08357771260997067
0 0.17578125 0.9112903225806451 0.0419921875 0.11290322580645161
0 0.12841796875 0.8775659824046921 0.0595703125 0.08944281524926687
0 0.05859375 0.8049853372434017 0.0537109375 0.08651026392961877
0 0.39599609375 0.9714076246334311 0.0537109375 0.05718475073313783
0 0.86279296875 0.8013196480938416 0.0458984375 0.054252199413489736
0 0.82861328125 0.8914956011730205 0.05078125 0.07917888563049853