0 0.43896484375 0.4596774193548387 0.0361328125 0.04105571847507331
0 0.49951171875 0.3460410557184751 0.04833984375 0.0689149560117302
0 0.5166015625 0.5351906158357771 0.01953125 0.051319648093841645
0 0.49755859375 0.5549853372434017 0.02001953125 0.05718475073313783
0 0.4775390625 0.5733137829912024 0.0234375 0.04105571847507331
0 0.4443359375 0.5857771260997068 0.02294921875 0.04032258064516129
0 0.26611328125 0.5711143695014663 0.04541015625 0.04985337243401759
0 0.2177734375 0.5894428152492669 0.09814453125 0.07697947214076246
0 0.22607421875 0.5542521994134897 0.0224609375 0.03592375366568915
0 0.19775390625 0.47947214076246336 0.0693359375 0.06964809384164222
0 0.17822265625 0.5073313782991202 0.02001953125 0.025659824046920823
0 0.2080078125 0.5285923753665689 0.02294921875 0.02785923753665689
0 0.23583984375 0.5234604105571847 0.01953125 0.019794721407624633
0 0.248046875 0.5058651026392962 0.02392578125 0.028592375366568914
0 0.22412109375 0.46114369501466274 0.0322265625 0.0373900293255132
0 0.11669921875 0.2756598240469208 0.05078125 0.05498533724340176
0 0.125 0.1935483870967742 0.03076171875 0.041788856304985335
0 0.25927734375 0.783724340175953 0.03369140625 0.04252199413489736
0 0.29833984375 0.7683284457478006 0.03857421875 0.05205278592375367
0 0.60986328125 0.4538123167155425 0.03466796875 0.04838709677419355
0 0.60986328125 0.5102639296187683 0.03076171875 0.06598240469208211
0 0.56201171875 0.4750733137829912 0.03076171875 0.04472140762463343
0 0.568359375 0.5146627565982405 0.0283203125 0.03152492668621701
0 0.6484375 0.5131964809384164 0.0361328125 0.05205278592375367
0 0.70361328125 0.36363636363636365 0.04443359375 0.062316715542521994
0 0.9140625 0.21334310850439883 0.0224609375 0.04618768328445748
0 0.87646484375 0.21041055718475074 0.05029296875 0.06085043988269795
0 0.7744140625 0.40615835777126097 0.04541015625 0.06744868035190615
0 0.767578125 0.31744868035190615 0.0693359375 0.08651026392961877
0 0.81787109375 0.32038123167155425 0.0283203125 0.08577712609970674
0 0.677734375 0.4472140762463343 0.048828125 0.06818181818181818
0 0.62255859375 0.3790322580645161 0.04638671875 0.07331378299120235
0 0.69580078125 0.24780058651026393 0.0302734375 0.06524926686217009
0 0.66845703125 0.20821114369501467 0.03515625 0.07844574780058651
0 0.73486328125 0.23093841642228738 0.02587890625 0.05865102639296188
0 0.8720703125 0.3489736070381232 0.03125 0.05865102639296188
0 0.90966796875 0.3555718475073314 0.03173828125 0.05865102639296188
0 0.92919921875 0.42888563049853373 0.04345703125 0.0689149560117302
0 0.8740234375 0.40249266862170086 0.0439453125 0.05278592375366569
0 0.8662109375 0.6810850439882697 0.0263671875 0.039589442815249266
0 0.85205078125 0.717741935483871 0.02880859375 0.045454545454545456
0 0.84130859375 0.8907624633431085 0.03564453125 0.06818181818181818
0 0.70703125 0.8372434017595308 0.046875 0.07844574780058651
0 0.73876953125 0.8665689149560117 0.03564453125 0.06964809384164222
0 0.67626953125 0.8936950146627566 0.033203125 0.08064516129032258
0 0.57080078125 0.9266862170087976 0.02294921875 0.06598240469208211
0 0.54638671875 0.9017595307917888 0.013671875 0.051319648093841645
0 0.51513671875 0.906891495601173 0.01318359375 0.04985337243401759
0 0.515625 0.8819648093841642 0.0107421875 0.02785923753665689
0 0.39453125 0.9582111436950147 0.0380859375 0.06524926686217009
0 0.39892578125 0.9266862170087976 0.02978515625 0.047653958944281524
0 0.443359375 0.8665689149560117 0.0263671875 0.036656891495601175
0 0.47216796875 0.8563049853372434 0.01806640625 0.053519061583577714
0 0.29638671875 0.905425219941349 0.0400390625 0.07551319648093842
0 0.23486328125 0.8966275659824047 0.02734375 0.04838709677419355
0 0.26025390625 0.9222873900293255 0.0263671875 0.04325513196480939
0 0.10302734375 0.8797653958944281 0.0576171875 0.0718475073313783
0 0.1708984375 0.9039589442815249 0.03564453125 0.04398826979472141
0 0.1943359375 0.8218475073313783 0.11279296875 0.12756598240469208
0 0.17822265625 0.7617302052785924 0.03173828125 0.036656891495601175
0 0.19384765625 0.7030791788856305 0.03857421875 0.06085043988269795
0 0.11572265625 0.782991202346041 0.091796875 0.10190615835777127
0 0.24609375 0.7280058651026393 0.04248046875 0.039589442815249266
0 0.28369140625 0.7199413489736071 0.02294921875 0.032991202346041054
0 0.36279296875 0.48607038123167157 0.0537109375 0.07111436950146628
0 0.4072265625 0.36730205278592376 0.0234375 0.02932551319648094
0 0.412109375 0.4002932551319648 0.02294921875 0.036656891495601175
0 0.3798828125 0.3181818181818182 0.03125 0.04838709677419355
0 0.310546875 0.3101173020527859 0.04638671875 0.06158357771260997
0 0.23974609375 0.27419354838709675 0.0537109375 0.07258064516129033
0 0.12451171875 0.6026392961876833 0.05419921875 0.05791788856304985
0 0.12744140625 0.6803519061583577 0.0556640625 0.04252199413489736
0 0.58056640625 0.7609970674486803 0.02490234375 0.04252199413489736
0 0.6083984375 0.7895894428152492 0.02734375 0.05571847507331378
0 0.6318359375 0.8189149560117303 0.0263671875 0.05865102639296188
0 0.70849609375 0.6781524926686217 0.03369140625 0.050586510263929615
0 0.74169921875 0.6744868035190615 0.02978515625 0.05205278592375367
0 0.7900390625 0.6590909090909091 0.02294921875 0.05205278592375367
0 0.8330078125 0.6708211143695014 0.029296875 0.03812316715542522
0 0.8359375 0.4670087976539589 0.06298828125 0.06304985337243402
0 0.91162109375 0.2837243401759531 0.04150390625 0.06158357771260997
0 0.90478515625 0.1063049853372434 0.044921875 0.09090909090909091
0 0.82421875 0.1810850439882698 0.0302734375 0.0718475073313783
0 0.4814453125 0.47947214076246336 0.04443359375 0.04912023460410557
0 0.4208984375 0.501466275659824 0.04541015625 0.0593841642228739
0 0.3837890625 0.5263929618768328 0.046875 0.07624633431085044
0 0.3701171875 0.5901759530791789 0.04736328125 0.04105571847507331
0 0.31982421875 0.5667155425219942 0.03369140625 0.047653958944281524
0 0.337890625 0.5505865102639296 0.0341796875 0.039589442815249266
0 0.30908203125 0.6341642228739003 0.04345703125 0.06744868035190615
0 0.2646484375 0.6363636363636364 0.05126953125 0.056451612903225805
0 0.275390625 0.37609970674486803 0.064453125 0.07111436950146628
0 0.37744140625 0.2118768328445748 0.0390625 0.07038123167155426
0 0.32568359375 0.21480938416422288 0.052734375 0.07917888563049853
0 0.255859375 0.20234604105571846 0.10009765625 0.11217008797653959
0 0.2626953125 0.1656891495601173 0.08251953125 0.10850439882697947
0 0.05517578125 0.32404692082111436 0.1103515625 0.05571847507331378
0 0.05859375 0.2756598240469208 0.1171875 0.08944281524926687
0 0.12060546875 0.32038123167155425 0.0546875 0.041788856304985335
0 0.17138671875 0.30425219941348974 0.044921875 0.05718475073313783
0 0.17431640625 0.1810850439882698 0.10205078125 0.09310850439882698
0 0.16064453125 0.24560117302052786 0.08056640625 0.07331378299120235
0 0.20263671875 0.33944281524926684 0.0478515625 0.04472140762463343
0 0.1982421875 0.39222873900293254 0.06689453125 0.06818181818181818
0 0.1494140625 0.35410557184750735 0.03759765625 0.047653958944281524
0 0.45458984375 0.2969208211143695 0.01904296875 0.04398826979472141
0 0.41357421875 0.25146627565982405 0.0419921875 0.04472140762463343
0 0.4189453125 0.3027859237536657 0.04150390625 0.06158357771260997
0 0.5537109375 0.3944281524926686 0.0419921875 0.07038123167155426
0 0.57958984375 0.35410557184750735 0.04150390625 0.06524926686217009
0 0.068359375 0.6341642228739003 0.0283203125 0.03225806451612903
0 0.0810546875 0.6642228739002932 0.0322265625 0.02126099706744868
0 0.10791015625 0.6385630498533724 0.05712890625 0.041788856304985335
0 0.16357421875 0.6429618768328446 0.056640625 0.050586510263929615
0 0.21337890625 0.6143695014662757 0.095703125 0.06964809384164222
0 0.1435546875 0.4442815249266862 0.0810546875 0.0593841642228739
0 0.12744140625 0.5036656891495601 0.07421875 0.07331378299120235
0 0.04248046875 0.7016129032258065 0.03857421875 0.050586510263929615
0 0.15234375 0.719208211143695 0.04248046875 0.04105571847507331
0 0.40771484375 0.8093841642228738 0.03515625 0.054252199413489736
0 0.64208984375 0.6994134897360704 0.03173828125 0.06524926686217009
0 0.68505859375 0.7030791788856305 0.01611328125 0.032991202346041054
0 0.66845703125 0.6884164222873901 0.02294921875 0.051319648093841645
0 0.67529296875 0.7316715542521994 0.0283203125 0.0344574780058651
0 0.57958984375 0.7023460410557185 0.05078125 0.06598240469208211
0 0.5224609375 0.7052785923753666 0.02685546875 0.036656891495601175
0 0.505859375 0.7258064516129032 0.0263671875 0.05498533724340176
0 0.48486328125 0.6297653958944281 0.048828125 0.08577712609970674
0 0.55419921875 0.6906158357771262 0.01220703125 0.02785923753665689
0 0.55712890625 0.6429618768328446 0.0263671875 0.03152492668621701
0 0.5068359375 0.6678885630498533 0.02587890625 0.02785923753665689
0 0.53369140625 0.6678885630498533 0.021484375 0.027126099706744868
0 0.42041015625 0.656891495601173 0.0361328125 0.05791788856304985
0 0.44970703125 0.6796187683284457 0.0498046875 0.0747800586510264
0 0.435546875 0.7338709677419355 0.03125 0.04032258064516129
0 0.4658203125 0.7353372434017595 0.02734375 0.045454545454545456
0 0.4462890625 0.9435483870967742 0.041015625 0.0747800586510264
0 0.33740234375 0.9266862170087976 0.03759765625 0.050586510263929615
0 0.38818359375 0.8651026392961877 0.0458984375 0.06451612903225806
0 0.47802734375 0.8929618768328446 0.03173828125 0.051319648093841645
0 0.498046875 0.8541055718475073 0.02001953125 0.036656891495601175
0 0.5302734375 0.8768328445747801 0.017578125 0.06451612903225806
0 0.57861328125 0.8379765395894428 0.017578125 0.06598240469208211
0 0.556640625 0.8453079178885631 0.025390625 0.05498533724340176
0 0.5615234375 0.8790322580645161 0.01708984375 0.04105571847507331
0 0.59423828125 0.9611436950146628 0.0341796875 0.06598240469208211
0 0.79150390625 0.8768328445747801 0.07177734375 0.10850439882697947
0 0.8056640625 0.7712609970674487 0.04736328125 0.0689149560117302
0 0.7919921875 0.8027859237536656 0.04443359375 0.04912023460410557
0 0.734375 0.7602639296187683 0.0478515625 0.062316715542521994
0 0.75390625 0.7939882697947214 0.0537109375 0.09090909090909091
0 0.96435546875 0.7939882697947214 0.0419921875 0.060117302052785926
0 0.9140625 0.6942815249266863 0.0478515625 0.051319648093841645
0 0.95068359375 0.5725806451612904 0.0693359375 0.09237536656891496
0 0.96728515625 0.44868035190615835 0.06494140625 0.0469208211143695
0 0.9619140625 0.48826979472140764 0.07568359375 0.03812316715542522
0 0.9560546875 0.14149560117302054 0.078125 0.08357771260997067
0 0.732421875 0.5696480938416423 0.025390625 0.028592375366568914
0 0.64013671875 0.625366568914956 0.03857421875 0.04472140762463343
0 0.5478515625 0.5593841642228738 0.01708984375 0.04618768328445748
0 0.572265625 0.5733137829912024 0.04443359375 0.08504398826979472
0 0.61376953125 0.5703812316715543 0.02783203125 0.0373900293255132
0 0.65576171875 0.5579178885630498 0.03125 0.036656891495601175
0 0.61865234375 0.6033724340175953 0.04150390625 0.04105571847507331
0 0.52294921875 0.4237536656891496 0.044921875 0.0593841642228739
0 0.4736328125 0.42302052785923755 0.05615234375 0.05571847507331378
0 0.51318359375 0.24120234604105573 0.0498046875 0.07331378299120235
0 0.56396484375 0.2939882697947214 0.0419921875 0.05498533724340176
0 0.87353515625 0.5850439882697948 0.04736328125 0.03225806451612903
0 0.865234375 0.5469208211143695 0.08056640625 0.047653958944281524
0 0.80712890625 0.6107038123167156 0.06640625 0.08797653958944282
0 0.75830078125 0.4750733137829912 0.0400390625 0.05498533724340176
0 0.783203125 0.5197947214076246 0.021484375 0.03152492668621701
0 0.88134765625 0.7866568914956011 0.09326171875 0.07551319648093842
0 0.685546875 0.9362170087976539 0.03955078125 0.06598240469208211
0 0.65771484375 0.7727272727272727 0.03662109375 0.06671554252199413
0 0.64892578125 0.8291788856304986 0.03515625 0.0593841642228739
0 0.53076171875 0.8005865102639296 0.02734375 0.06744868035190615
0 0.466796875 0.8035190615835777 0.02490234375 0.04618768328445748
0 0.3291015625 0.8277126099706745 0.04541015625 0.08284457478005865
0 0.2490234375 0.8519061583577713 0.04638671875 0.036656891495601175
0 0.26220703125 0.8159824046920822 0.04248046875 0.03592375366568915
0 0.20166015625 0.9479472140762464 0.04296875 0.051319648093841645
0 0.20751953125 0.8980938416422287 0.04248046875 0.053519061583577714
0 0.1083984375 0.9464809384164223 0.02294921875 0.0344574780058651
0 0.0986328125 0.9046920821114369 0.037109375 0.04472140762463343
0 0.0888671875 0.7082111436950147 0.07421875 0.05205278592375367
0 0.06884765625 0.5601173020527859 0.0791015625 0.06158357771260997
0 0.37744140625 0.41715542521994137 0.03076171875 0.06818181818181818
0 0.3447265625 0.4120234604105572 0.02978515625 0.04618768328445748
0 0.64892578125 0.30498533724340177 0.03271484375 0.0469208211143695
0 0.6826171875 0.6297653958944281 0.044921875 0.0593841642228739
0 0.728515625 0.532991202346041 0.03369140625 0.04325513196480939
0 0.7490234375 0.5139296187683284 0.02880859375 0.041788856304985335
0 0.68701171875 0.5190615835777126 0.02392578125 0.04032258064516129
0 0.72119140625 0.4904692082111437 0.0244140625 0.030058651026392963
0 0.88720703125 0.6392961876832844 0.0595703125 0.062316715542521994
0 0.87841796875 0.7302052785923754 0.03466796875 0.054252199413489736
0 0.98046875 0.7331378299120235 0.03857421875 0.05571847507331378
0 0.9658203125 0.9464809384164223 0.04296875 0.056451612903225805
0 0.763671875 0.9486803519061584 0.04541015625 0.06085043988269795
0 0.61181640625 0.875366568914956 0.04541015625 0.06451612903225806
0 0.53662109375 0.9545454545454546 0.03076171875 0.051319648093841645
0 0.3603515625 0.9875366568914956 0.03076171875 0.024926686217008796
0 0.072265625 0.9325513196480938 0.03955078125 0.04325513196480939
0 0.06982421875 0.8592375366568915 0.0390625 0.039589442815249266
0 0.3408203125 0.45234604105571846 0.0546875 0.04472140762463343
0 0.29248046875 0.4413489736070381 0.03369140625 0.04105571847507331
0 0.31640625 0.501466275659824 0.05126953125 0.04912023460410557
0 0.26904296875 0.4780058651026393 0.04248046875 0.07624633431085044
0 0.45849609375 0.22434017595307917 0.02880859375 0.04838709677419355
0 0.47509765625 0.20234604105571846 0.0361328125 0.04472140762463343
0 0.47412109375 0.16202346041055718 0.04052734375 0.03812316715542522
0 0.54443359375 0.16642228739002932 0.021484375 0.08870967741935484
0 0.587890625 0.20967741935483872 0.0341796875 0.07624633431085044
0 0.60888671875 0.06744868035190615 0.04931640625 0.06524926686217009
0 0.7119140625 0.13196480938416422 0.037109375 0.07917888563049853
0 0.7783203125 0.1840175953079179 0.03857421875 0.06818181818181818
0 0.71435546875 0.44208211143695014 0.0302734375 0.047653958944281524
0 0.3876953125 0.7434017595307918 0.03759765625 0.0593841642228739
0 0.4384765625 0.8211143695014663 0.0263671875 0.04472140762463343
0 0.50390625 0.7939882697947214 0.02734375 0.060117302052785926
0 0.34814453125 0.7360703812316716 0.04248046875 0.06304985337243402
0 0.96923828125 0.33651026392961875 0.0615234375 0.11290322580645161
0 0.892578125 0.4838709677419355 0.08203125 0.08284457478005865
0 0.35400390625 0.3086510263929619 0.03515625 0.06964809384164222
0 0.45849609375 0.3709677419354839 0.0361328125 0.04618768328445748
0 0.537109375 0.3247800586510264 0.0234375 0.04912023460410557
0 0.865234375 0.25513196480938416 0.05078125 0.04105571847507331
0 0.517578125 0.09237536656891496 0.03125 0.07771260997067449