0 0.87744140625 0.9853372434017595 0.0458984375 0.02932551319648094
0 0.892578125 0.9552785923753666 0.033203125 0.02932551319648094
0 0.9619140625 0.7456011730205279 0.0224609375 0.04105571847507331
0 0.9423828125 0.7206744868035191 0.0302734375 0.039589442815249266
0 0.95068359375 0.6612903225806451 0.048828125 0.06598240469208211
0 0.95068359375 0.5828445747800587 0.0478515625 0.0747800586510264
0 0.88916015625 0.9200879765395894 0.0478515625 0.04985337243401759
0 0.9345703125 0.7932551319648093 0.02734375 0.03519061583577713
0 0.9140625 0.8577712609970675 0.0595703125 0.10117302052785923
0 0.84033203125 0.06378299120234604 0.0458984375 0.051319648093841645
0 0.9814453125 0.03519061583577713 0.037109375 0.0469208211143695
0 0.92919921875 0.06744868035190615 0.0576171875 0.06451612903225806
0 0.990234375 0.093841642228739 0.01953125 0.07331378299120235
0 0.95068359375 0.32697947214076245 0.0419921875 0.0747800586510264
0 0.87890625 0.18255131964809385 0.0458984375 0.05718475073313783