0 0.5029296875 0.38929618768328444 0.0302734375 0.060117302052785926
0 0.583984375 0.4904692082111437 0.05078125 0.08064516129032258
0 0.44677734375 0.5146627565982405 0.037109375 0.03372434017595308
0 0.4326171875 0.4831378299120235 0.041015625 0.03372434017595308
0 0.419921875 0.4501466275659824 0.029296875 0.039589442815249266
0 0.4111328125 0.39589442815249265 0.029296875 0.039589442815249266
0 0.42578125 0.10557184750733138 0.037109375 0.0747800586510264
0 0.4130859375 0.053519061583577714 0.056640625 0.10703812316715543
0 0.4384765625 0.04032258064516129 0.0263671875 0.036656891495601175
0 0.49267578125 0.025659824046920823 0.0517578125 0.051319648093841645
0 0.45703125 0.01466275659824047 0.01953125 0.02932551319648094
0 0.46044921875 0.056451612903225805 0.013671875 0.03225806451612903
0 0.47314453125 0.07771260997067449 0.021484375 0.03812316715542522
0 0.50634765625 0.038856304985337244 0.0283203125 0.05278592375366569
0 0.2724609375 0.09017595307917889 0.0322265625 0.05718475073313783
0 0.28271484375 0.15469208211143695 0.0380859375 0.06451612903225806
0 0.50390625 0.6671554252199413 0.0361328125 0.05718475073313783
0 0.46337890625 0.6664222873900293 0.048828125 0.051319648093841645
0 0.48974609375 0.5894428152492669 0.0341796875 0.051319648093841645
0 0.4609375 0.5989736070381232 0.0234375 0.045454545454545456
0 0.46044921875 0.7294721407624634 0.0380859375 0.060117302052785926
0 0.56689453125 0.8211143695014663 0.0458984375 0.0747800586510264
0 0.53564453125 0.9362170087976539 0.0498046875 0.0747800586510264
0 0.599609375 0.9274193548387096 0.0634765625 0.11436950146627566
0 0.595703125 0.9919354838709677 0.0625 0.016129032258064516
0 0.50732421875 0.7785923753665689 0.0498046875 0.08064516129032258
0 0.5576171875 0.6891495601173021 0.0537109375 0.07771260997067449
0 0.6513671875 0.8108504398826979 0.0478515625 0.04985337243401759
0 0.68017578125 0.7675953079178885 0.0576171875 0.05865102639296188
0 0.66259765625 0.875366568914956 0.04296875 0.04398826979472141
0 0.22509765625 0.8181818181818182 0.0576171875 0.07771260997067449
0 0.203125 0.8695014662756598 0.0517578125 0.060117302052785926
0 0.18896484375 0.7675953079178885 0.05078125 0.054252199413489736
0 0.1767578125 0.594574780058651 0.021484375 0.03812316715542522
0 0.18359375 0.5557184750733137 0.033203125 0.02346041055718475
0 0.181640625 0.5051319648093842 0.029296875 0.02346041055718475
0 0.1962890625 0.5058651026392962 0.01953125 0.017595307917888565
0 0.17626953125 0.31451612903225806 0.015625 0.04838709677419355
0 0.208984375 0.3885630498533724 0.02734375 0.04252199413489736
0 0.2158203125 0.43621700879765396 0.0390625 0.030791788856304986
0 0.19091796875 0.14809384164222875 0.041015625 0.06598240469208211
0 0.19140625 0.04838709677419355 0.0361328125 0.045454545454545456
0 0.18017578125 0.08870967741935484 0.017578125 0.04252199413489736
0 0.24462890625 0.03812316715542522 0.0927734375 0.07624633431085044
0 0.33154296875 0.008064516129032258 0.0439453125 0.016129032258064516
0 0.3125 0.06964809384164222 0.029296875 0.0689149560117302
0 0.318359375 0.1312316715542522 0.0234375 0.03812316715542522
0 0.4853515625 0.26466275659824046 0.0517578125 0.08944281524926687
0 0.5703125 0.3387096774193548 0.021484375 0.03812316715542522
0 0.54638671875 0.3467741935483871 0.0263671875 0.03812316715542522
0 0.6064453125 0.29545454545454547 0.0361328125 0.05278592375366569
0 0.61376953125 0.18255131964809385 0.0458984375 0.07771260997067449
0 0.64013671875 0.06818181818181818 0.0537109375 0.08944281524926687
0 0.2822265625 0.6136363636363636 0.03125 0.04252199413489736
0 0.26123046875 0.658357771260997 0.041015625 0.045454545454545456
0 0.23974609375 0.6964809384164223 0.04296875 0.04398826979472141
0 0.33984375 0.8240469208211144 0.0380859375 0.05718475073313783
0 0.34228515625 0.8775659824046921 0.0380859375 0.04985337243401759
0 0.35205078125 0.9567448680351907 0.037109375 0.039589442815249266
0 0.4873046875 0.45821114369501464 0.0361328125 0.0747800586510264
0 0.47265625 0.3585043988269795 0.0439453125 0.0747800586510264
0 0.4560546875 0.29765395894428154 0.0556640625 0.07771260997067449
0 0.40966796875 0.2749266862170088 0.0302734375 0.07771260997067449
0 0.427734375 0.19281524926686217 0.0361328125 0.05718475073313783
0 0.43896484375 0.22287390029325513 0.029296875 0.05718475073313783
0 0.37939453125 0.17521994134897362 0.0498046875 0.0718475073313783
0 0.3779296875 0.10263929618768329 0.0419921875 0.08504398826979472
0 0.56640625 0.12390029325513197 0.0517578125 0.10703812316715543
0 0.68310546875 0.2939882697947214 0.0517578125 0.06451612903225806
0 0.681640625 0.2089442815249267 0.05859375 0.08651026392961877
0 0.6923828125 0.09604105571847507 0.08203125 0.16422287390029325
0 0.71826171875 0.10777126099706745 0.080078125 0.13636363636363635
0 0.7080078125 0.025659824046920823 0.0673828125 0.04252199413489736
0 0.59375 0.024193548387096774 0.033203125 0.045454545454545456
0 0.55517578125 0.027126099706744868 0.0498046875 0.05278592375366569
0 0.6201171875 0.41715542521994137 0.03125 0.03225806451612903
0 0.654296875 0.35117302052785926 0.0341796875 0.07038123167155426
0 0.6162109375 0.35997067448680353 0.0458984375 0.0689149560117302
0 0.5478515625 0.5769794721407625 0.0517578125 0.0689149560117302
0 0.576171875 0.6202346041055719 0.0478515625 0.0689149560117302
0 0.39501953125 0.047653958944281524 0.0517578125 0.09530791788856305
0 0.25048828125 0.3313782991202346 0.0400390625 0.05865102639296188
0 0.326171875 0.7155425219941349 0.0478515625 0.054252199413489736
0 0.322265625 0.7851906158357771 0.0234375 0.026392961876832845
0 0.33349609375 0.7587976539589443 0.037109375 0.039589442815249266
0 0.30224609375 0.7690615835777126 0.0263671875 0.045454545454545456
0 0.32470703125 0.6136363636363636 0.048828125 0.08357771260997067
0 0.32373046875 0.5205278592375366 0.02734375 0.04398826979472141
0 0.30908203125 0.49266862170087977 0.041015625 0.045454545454545456
0 0.37939453125 0.4604105571847507 0.0634765625 0.08064516129032258
0 0.333984375 0.5725806451612904 0.0205078125 0.020527859237536656
0 0.3681640625 0.5777126099706745 0.0244140625 0.04252199413489736
0 0.35107421875 0.4963343108504399 0.01953125 0.04105571847507331
0 0.3505859375 0.5395894428152492 0.01953125 0.03519061583577713
0 0.36083984375 0.3548387096774194 0.0419921875 0.060117302052785926
0 0.34375 0.40175953079178883 0.0546875 0.08211143695014662
0 0.30517578125 0.3775659824046921 0.0302734375 0.051319648093841645
0 0.3037109375 0.4274193548387097 0.0341796875 0.045454545454545456
0 0.173828125 0.39222873900293254 0.0126953125 0.06744868035190615
0 0.17822265625 0.21480938416422288 0.0166015625 0.06158357771260997
0 0.2109375 0.2991202346041056 0.0478515625 0.07624633431085044
0 0.18896484375 0.4442815249266862 0.0380859375 0.05278592375366569
0 0.21630859375 0.4772727272727273 0.0263671875 0.03225806451612903
0 0.19921875 0.5293255131964809 0.046875 0.030791788856304986
0 0.2265625 0.6092375366568915 0.046875 0.030791788856304986
0 0.22216796875 0.5733137829912024 0.0400390625 0.04252199413489736
0 0.197265625 0.5806451612903226 0.029296875 0.02932551319648094
0 0.1982421875 0.9435483870967742 0.07421875 0.09824046920821114
0 0.271484375 0.967741935483871 0.05078125 0.054252199413489736
0 0.24853515625 0.9567448680351907 0.0361328125 0.0747800586510264
0 0.2802734375 0.8636363636363636 0.0458984375 0.07917888563049853
0 0.2548828125 0.8958944281524927 0.0673828125 0.08944281524926687
0 0.41796875 0.8651026392961877 0.021484375 0.04105571847507331
0 0.37939453125 0.7133431085043989 0.033203125 0.06451612903225806
0 0.4287109375 0.5645161290322581 0.033203125 0.02932551319648094
0 0.41845703125 0.6033724340175953 0.0625 0.0747800586510264
0 0.419921875 0.6715542521994134 0.0283203125 0.045454545454545456
0 0.427734375 0.7397360703812317 0.02734375 0.04985337243401759
0 0.39599609375 0.6788856304985337 0.0302734375 0.0689149560117302
0 0.52685546875 0.5263929618768328 0.0439453125 0.0747800586510264
0 0.5283203125 0.4464809384164223 0.041015625 0.09237536656891496
0 0.6591796875 0.5139296187683284 0.0537109375 0.08357771260997067
0 0.6201171875 0.5953079178885631 0.0400390625 0.0689149560117302
0 0.38671875 0.9640762463343109 0.064453125 0.06744868035190615
0 0.4853515625 0.9090909090909091 0.0400390625 0.06598240469208211
0 0.45263671875 0.9479472140762464 0.0224609375 0.03519061583577713
0 0.1708984375 0.781524926686217 0.0146484375 0.06451612903225806
0 0.2724609375 0.7397360703812317 0.0498046875 0.06158357771260997
0 0.23193359375 0.7236070381231672 0.0439453125 0.05865102639296188
0 0.2548828125 0.532258064516129 0.0498046875 0.045454545454545456
0 0.25439453125 0.4281524926686217 0.033203125 0.04252199413489736
0 0.23876953125 0.20307917888563048 0.060546875 0.0747800586510264
0 0.22314453125 0.07258064516129033 0.0283203125 0.07624633431085044
0 0.2490234375 0.09457478005865103 0.0263671875 0.07038123167155426
0 0.19140625 0.01906158357771261 0.0390625 0.03812316715542522
0 0.53466796875 0.2895894428152493 0.0498046875 0.051319648093841645
0 0.5390625 0.23607038123167157 0.0341796875 0.04985337243401759
0 0.6103515625 0.7338709677419355 0.0341796875 0.054252199413489736
0 0.37548828125 0.782991202346041 0.0439453125 0.0747800586510264
0 0.4443359375 0.8585043988269795 0.0322265625 0.05718475073313783
0 0.4580078125 0.8929618768328446 0.03125 0.04838709677419355
0 0.455078125 0.7917888563049853 0.029296875 0.039589442815249266
0 0.4755859375 0.8475073313782991 0.021484375 0.039589442815249266
0 0.19921875 0.6620234604105572 0.0478515625 0.0747800586510264
0 0.509765625 0.22947214076246333 0.033203125 0.09090909090909091
0 0.51904296875 0.15102639296187684 0.0302734375 0.05718475073313783
0 0.474609375 0.18841642228739003 0.0361328125 0.08357771260997067
0 0.49267578125 0.11217008797653959 0.0556640625 0.07038123167155426
0 0.6728515625 0.4252199413489736 0.0361328125 0.04838709677419355
0 0.68798828125 0.4530791788856305 0.033203125 0.060117302052785926
0 0.71728515625 0.45234604105571846 0.0283203125 0.06598240469208211
0 0.71240234375 0.5667155425219942 0.064453125 0.036656891495601175
0 0.6806640625 0.6363636363636364 0.0556640625 0.05718475073313783
0 0.783203125 0.6730205278592375 0.0478515625 0.08064516129032258
0 0.734375 0.8394428152492669 0.05859375 0.06158357771260997
0 0.69580078125 0.9472140762463344 0.0498046875 0.06451612903225806
0 0.51025390625 0.8379765395894428 0.03515625 0.051319648093841645
0 0.29931640625 0.2998533724340176 0.0439453125 0.06304985337243402
0 0.24169921875 0.3819648093841642 0.033203125 0.04398826979472141
0 0.259765625 0.4875366568914956 0.0439453125 0.045454545454545456
0 0.3046875 0.23607038123167157 0.046875 0.07038123167155426
0 0.61376953125 0.2536656891495601 0.0517578125 0.05865102639296188
0 0.56640625 0.4222873900293255 0.0341796875 0.060117302052785926
0 0.5986328125 0.5520527859237536 0.03515625 0.039589442815249266
0 0.76708984375 0.5241935483870968 0.0576171875 0.05278592375366569