0 0.8876953125 0.9699413489736071 0.046875 0.060117302052785926
0 0.90234375 0.9230205278592375 0.0341796875 0.02785923753665689
0 0.97021484375 0.7067448680351907 0.0234375 0.04105571847507331
0 0.9501953125 0.6825513196480938 0.03125 0.03812316715542522
0 0.9580078125 0.6217008797653959 0.048828125 0.06451612903225806
0 0.95703125 0.5410557184750733 0.0478515625 0.0747800586510264
0 0.89794921875 0.8878299120234604 0.048828125 0.04985337243401759
0 0.94287109375 0.7565982404692082 0.02734375 0.03519061583577713
0 0.92236328125 0.8225806451612904 0.060546875 0.10263929618768329
0 0.837890625 0.019794721407624633 0.044921875 0.039589442815249266
0 0.9287109375 0.024193548387096774 0.05859375 0.0469208211143695
0 0.9912109375 0.04105571847507331 0.017578125 0.07624633431085044
0 0.9541015625 0.28005865102639294 0.041015625 0.07624633431085044
0 0.87841796875 0.1348973607038123 0.046875 0.05865102639296188