0 0.84033203125 0.6444281524926686 0.1025390625 0.12316715542521994
0 0.8251953125 0.717008797653959 0.06640625 0.07771260997067449
0 0.7646484375 0.6209677419354839 0.0849609375 0.06451612903225806
0 0.7734375 0.7052785923753666 0.0654296875 0.093841642228739
0 0.7490234375 0.7741935483870968 0.0732421875 0.08064516129032258
0 0.69970703125 0.8042521994134897 0.056640625 0.0718475073313783
0 0.68701171875 0.8680351906158358 0.0537109375 0.08944281524926687
0 0.65234375 0.717741935483871 0.0458984375 0.051319648093841645
0 0.62109375 0.783724340175953 0.0791015625 0.07771260997067449
0 0.6142578125 0.8658357771260997 0.0673828125 0.10997067448680352
0 0.57080078125 0.7280058651026393 0.0478515625 0.05278592375366569
0 0.54443359375 0.8218475073313783 0.0634765625 0.09530791788856305
0 0.51513671875 0.7360703812316716 0.0537109375 0.0689149560117302
0 0.501953125 0.6363636363636364 0.0263671875 0.054252199413489736
0 0.45361328125 0.5821114369501467 0.0498046875 0.07038123167155426
0 0.4794921875 0.626099706744868 0.0244140625 0.04398826979472141
0 0.47900390625 0.6832844574780058 0.0517578125 0.06598240469208211
0 0.48193359375 0.7331378299120235 0.0439453125 0.06598240469208211
0 0.45458984375 0.7983870967741935 0.060546875 0.10557184750733138
0 0.43115234375 0.6818181818181818 0.0537109375 0.0718475073313783
0 0.4052734375 0.7646627565982405 0.0634765625 0.09530791788856305
0 0.40966796875 0.5476539589442815 0.0830078125 0.08797653958944282
0 0.3583984375 0.6048387096774194 0.0810546875 0.07624633431085044
0 0.35693359375 0.6678885630498533 0.046875 0.06598240469208211
0 0.33056640625 0.7404692082111437 0.07421875 0.0747800586510264
0 0.3408203125 0.5197947214076246 0.0498046875 0.11290322580645161
0 0.3037109375 0.6341642228739003 0.0361328125 0.0747800586510264
0 0.29638671875 0.47580645161290325 0.0322265625 0.10850439882697947
0 0.24853515625 0.41055718475073316 0.0859375 0.14222873900293256
0 0.27392578125 0.530791788856305 0.0478515625 0.09824046920821114
0 0.255859375 0.6209677419354839 0.0537109375 0.0747800586510264
0 0.7802734375 0.9017595307917888 0.0712890625 0.12756598240469208
0 0.74169921875 0.8563049853372434 0.0498046875 0.10703812316715543
0 0.9306640625 0.6627565982404692 0.0947265625 0.0967741935483871
0 0.90673828125 0.7441348973607038 0.09375 0.10997067448680352
0 0.876953125 0.8057184750733137 0.064453125 0.0689149560117302
0 0.8681640625 0.8563049853372434 0.0615234375 0.10263929618768329
0 0.98095703125 0.8944281524926686 0.0302734375 0.10410557184750734
0 0.970703125 0.8064516129032258 0.052734375 0.0718475073313783
0 0.9423828125 0.8687683284457478 0.1005859375 0.10410557184750734
0 0.9150390625 0.9545454545454546 0.078125 0.09090909090909091
0 0.8759765625 0.9846041055718475 0.095703125 0.030791788856304986
0 0.96728515625 0.968475073313783 0.0537109375 0.06304985337243402
0 0.98828125 0.2536656891495601 0.0234375 0.15542521994134897
0 0.9765625 0.4479472140762463 0.046875 0.1187683284457478
0 0.98974609375 0.5527859237536656 0.0205078125 0.09090909090909091
0 0.9912109375 0.6268328445747801 0.0146484375 0.08944281524926687
0 0.97509765625 0.7236070381231672 0.0458984375 0.09824046920821114
0 0.94775390625 0.5109970674486803 0.078125 0.11290322580645161
0 0.94677734375 0.2668621700879765 0.0654296875 0.08651026392961877
0 0.91845703125 0.17375366568914957 0.0771484375 0.10117302052785923
0 0.87451171875 0.250733137829912 0.0625 0.09530791788856305
0 0.96435546875 0.06378299120234604 0.0712890625 0.09237536656891496
0 0.9794921875 0.15029325513196481 0.041015625 0.08064516129032258
0 0.88818359375 0.06598240469208211 0.0791015625 0.10410557184750734
0 0.8388671875 0.16055718475073313 0.0654296875 0.07771260997067449
0 0.95849609375 0.3533724340175953 0.0673828125 0.06598240469208211
0 0.923828125 0.4186217008797654 0.0634765625 0.0747800586510264
0 0.85791015625 0.4002932551319648 0.0712890625 0.09237536656891496
0 0.80908203125 0.22287390029325513 0.0595703125 0.06304985337243402
0 0.8203125 0.29178885630498536 0.0361328125 0.060117302052785926
0 0.77001953125 0.28225806451612906 0.0458984375 0.07771260997067449
0 0.78173828125 0.3629032258064516 0.083984375 0.10410557184750734
0 0.79833984375 0.4310850439882698 0.0693359375 0.08357771260997067
0 0.84130859375 0.4736070381231672 0.0498046875 0.08064516129032258
0 0.8154296875 0.5373900293255132 0.04296875 0.08357771260997067
0 0.755859375 0.4963343108504399 0.0859375 0.06304985337243402
0 0.71728515625 0.43328445747800587 0.0908203125 0.08211143695014662
0 0.78955078125 0.01466275659824047 0.0498046875 0.016129032258064516
0 0.7890625 0.06451612903225806 0.076171875 0.06598240469208211
0 0.75634765625 0.13563049853372433 0.076171875 0.07331378299120235
0 0.72216796875 0.23387096774193547 0.0888671875 0.08357771260997067
0 0.70849609375 0.30791788856304986 0.064453125 0.06304985337243402
0 0.67236328125 0.3519061583577713 0.0712890625 0.06304985337243402
0 0.65087890625 0.42888563049853373 0.0625 0.08064516129032258
0 0.74560546875 0.5549853372434017 0.05859375 0.07038123167155426
0 0.69091796875 0.5498533724340176 0.0576171875 0.08211143695014662
0 0.716796875 0.6766862170087976 0.0830078125 0.0718475073313783
0 0.677734375 0.6268328445747801 0.064453125 0.07771260997067449
0 0.640625 0.5879765395894428 0.0859375 0.0747800586510264
0 0.60791015625 0.6598240469208211 0.0791015625 0.08944281524926687
0 0.619140625 0.5227272727272727 0.0419921875 0.051319648093841645
0 0.58642578125 0.5095307917888563 0.0615234375 0.06744868035190615
0 0.5595703125 0.6070381231671554 0.0654296875 0.06598240469208211
0 0.67529296875 0.1656891495601173 0.0849609375 0.12903225806451613
0 0.64501953125 0.3027859237536657 0.0615234375 0.04985337243401759
0 0.6162109375 0.3680351906158358 0.0458984375 0.093841642228739
0 0.5673828125 0.2859237536656892 0.064453125 0.0689149560117302
0 0.5732421875 0.36730205278592376 0.0576171875 0.09824046920821114
0 0.74462890625 0.0373900293255132 0.05859375 0.06304985337243402
0 0.72412109375 0.10263929618768329 0.064453125 0.07331378299120235
0 0.70166015625 0.02346041055718475 0.06640625 0.03812316715542522
0 0.63623046875 0.021994134897360705 0.076171875 0.03812316715542522
0 0.60693359375 0.06598240469208211 0.0986328125 0.09090909090909091
0 0.61669921875 0.1598240469208211 0.052734375 0.09237536656891496
0 0.5634765625 0.13343108504398826 0.0556640625 0.10263929618768329
0 0.52294921875 0.1495601173020528 0.0556640625 0.10850439882697947
0 0.576171875 0.22067448680351906 0.0693359375 0.08944281524926687
0 0.51904296875 0.2280058651026393 0.0419921875 0.06304985337243402
0 0.5185546875 0.2785923753665689 0.044921875 0.06744868035190615
0 0.46630859375 0.18548387096774194 0.064453125 0.08944281524926687
0 0.4599609375 0.25733137829912023 0.0517578125 0.07771260997067449
0 0.5029296875 0.3284457478005865 0.0546875 0.08064516129032258
0 0.45068359375 0.33357771260997066 0.0654296875 0.10997067448680352
0 0.4990234375 0.3951612903225806 0.0302734375 0.08944281524926687
0 0.47509765625 0.4442815249266862 0.0400390625 0.08064516129032258
0 0.4443359375 0.4186217008797654 0.0498046875 0.07038123167155426
0 0.5234375 0.5454545454545454 0.0732421875 0.10263929618768329
0 0.5380859375 0.6752199413489736 0.0478515625 0.06451612903225806
0 0.396484375 0.3020527859237537 0.0498046875 0.10410557184750734
0 0.38623046875 0.41055718475073316 0.0546875 0.07771260997067449
0 0.48046875 0.013196480938416423 0.056640625 0.026392961876832845
0 0.44775390625 0.0469208211143695 0.0732421875 0.093841642228739
0 0.40478515625 0.008064516129032258 0.0595703125 0.016129032258064516
0 0.39208984375 0.07331378299120235 0.0498046875 0.09237536656891496
0 0.35986328125 0.16129032258064516 0.076171875 0.1217008797653959
0 0.34619140625 0.26466275659824046 0.0380859375 0.09970674486803519
0 0.3544921875 0.3848973607038123 0.0458984375 0.09237536656891496
0 0.31640625 0.35703812316715544 0.0625 0.13929618768328444
0 0.33837890625 0.06598240469208211 0.0498046875 0.08357771260997067
0 0.74658203125 0.9765395894428153 0.0654296875 0.0469208211143695
0 0.662109375 0.968475073313783 0.060546875 0.06304985337243402
0 0.60498046875 0.967741935483871 0.0576171875 0.06451612903225806
0 0.56103515625 0.8995601173020528 0.0439453125 0.0747800586510264
0 0.54833984375 0.9706744868035191 0.0400390625 0.05865102639296188
0 0.52783203125 0.9090909090909091 0.021484375 0.06304985337243402
0 0.50341796875 0.8709677419354839 0.0166015625 0.03225806451612903
0 0.50048828125 0.9171554252199413 0.025390625 0.051319648093841645
0 0.50732421875 0.966275659824047 0.0478515625 0.06744868035190615
0 0.46533203125 0.9772727272727273 0.0458984375 0.045454545454545456
0 0.423828125 0.8680351906158358 0.076171875 0.06598240469208211
0 0.40576171875 0.9457478005865103 0.0439453125 0.08211143695014662
0 0.35302734375 0.8863636363636364 0.0439453125 0.08651026392961877
0 0.32373046875 0.9472140762463344 0.056640625 0.09824046920821114
0 0.318359375 0.8467741935483871 0.0361328125 0.1187683284457478
0 0.28662109375 0.8592375366568915 0.0244140625 0.0689149560117302
0 0.28466796875 0.9112903225806451 0.0380859375 0.06304985337243402
0 0.2451171875 0.6994134897360704 0.0712890625 0.08651026392961877
0 0.263671875 0.7727272727272727 0.03515625 0.06304985337243402
0 0.2470703125 0.8013196480938416 0.0439453125 0.039589442815249266
0 0.2548828125 0.8585043988269795 0.044921875 0.07038123167155426
0 0.244140625 0.9120234604105572 0.0556640625 0.0689149560117302
0 0.26904296875 0.967741935483871 0.02734375 0.039589442815249266
0 0.1396484375 0.9640762463343109 0.078125 0.054252199413489736
0 0.23681640625 0.968475073313783 0.0224609375 0.04985337243401759
0 0.181640625 0.8782991202346041 0.0634765625 0.08357771260997067
0 0.197265625 0.9596774193548387 0.0439453125 0.06598240469208211
0 0.23583984375 0.500733137829912 0.0322265625 0.08651026392961877
0 0.29931640625 0.24780058651026393 0.0478515625 0.08211143695014662
0 0.2744140625 0.3035190615835777 0.0419921875 0.09090909090909091
0 0.28466796875 0.07991202346041056 0.072265625 0.13929618768328444
0 0.23095703125 0.20454545454545456 0.068359375 0.10997067448680352
0 0.2294921875 0.3027859237536657 0.05078125 0.12903225806451613
0 0.15185546875 0.2690615835777126 0.107421875 0.1348973607038123
0 0.19580078125 0.4032258064516129 0.0361328125 0.07771260997067449
0 0.19580078125 0.4750733137829912 0.02734375 0.05278592375366569
0 0.201171875 0.5300586510263929 0.0458984375 0.06598240469208211
0 0.26611328125 0.16642228739002932 0.0556640625 0.09237536656891496
0 0.224609375 0.08064516129032258 0.056640625 0.09530791788856305
0 0.2744140625 0.009530791788856305 0.115234375 0.01906158357771261
0 0.18994140625 0.012463343108504398 0.0654296875 0.024926686217008796
0 0.15234375 0.0469208211143695 0.08984375 0.093841642228739
0 0.10546875 0.02932551319648094 0.087890625 0.05865102639296188
0 0.033203125 0.013196480938416423 0.0546875 0.026392961876832845
0 0.150390625 0.1532258064516129 0.0361328125 0.0718475073313783
0 0.10791015625 0.13929618768328444 0.0341796875 0.06598240469208211
0 0.08984375 0.08944281524926687 0.03125 0.06451612903225806
0 0.048828125 0.04325513196480939 0.046875 0.0747800586510264
0 0.04150390625 0.1378299120234604 0.0751953125 0.09824046920821114
0 0.13818359375 0.3555718475073314 0.0654296875 0.0747800586510264
0 0.13916015625 0.44941348973607037 0.07421875 0.11290322580645161
0 0.20361328125 0.6011730205278593 0.03515625 0.09530791788856305
0 0.16650390625 0.5850439882697948 0.0302734375 0.08357771260997067
0 0.1240234375 0.5483870967741935 0.0556640625 0.0967741935483871
0 0.19775390625 0.7067448680351907 0.0498046875 0.06304985337243402
0 0.1845703125 0.7895894428152492 0.0595703125 0.09970674486803519
0 0.1181640625 0.6385630498533724 0.076171875 0.10117302052785923
0 0.1083984375 0.7565982404692082 0.0654296875 0.06598240469208211
0 0.12109375 0.8291788856304986 0.0517578125 0.07771260997067449
0 0.07373046875 0.8064516129032258 0.0537109375 0.09530791788856305
0 0.1162109375 0.8951612903225806 0.0634765625 0.08651026392961877
0 0.0615234375 0.8914956011730205 0.048828125 0.10557184750733138
0 0.0400390625 0.9640762463343109 0.0556640625 0.04985337243401759
0 0.02001953125 0.8328445747800587 0.0400390625 0.1495601173020528
0 0.01416015625 0.9420821114369502 0.0283203125 0.09237536656891496
0 0.0576171875 0.6136363636363636 0.0888671875 0.07917888563049853
0 0.0400390625 0.6994134897360704 0.080078125 0.07038123167155426
0 0.07080078125 0.39956011730205276 0.068359375 0.08944281524926687
0 0.06689453125 0.4655425219941349 0.0556640625 0.06304985337243402
0 0.025390625 0.4743401759530792 0.0478515625 0.04252199413489736
0 0.015625 0.4479472140762463 0.03125 0.06598240469208211
0 0.021484375 0.5153958944281525 0.04296875 0.060117302052785926
0 0.01220703125 0.6480938416422287 0.0244140625 0.07038123167155426
0 0.03662109375 0.21700879765395895 0.0673828125 0.04838709677419355
0 0.02587890625 0.28005865102639294 0.0478515625 0.11290322580645161
0 0.060546875 0.499266862170088 0.0458984375 0.060117302052785926