0 0.02490234375 0.9274193548387096 0.0498046875 0.06598240469208211
0 0.02294921875 0.6422287390029325 0.0458984375 0.09090909090909091
0 0.0712890625 0.5058651026392962 0.056640625 0.08797653958944282
0 0.115234375 0.4186217008797654 0.07421875 0.08504398826979472
0 0.01171875 0.5344574780058651 0.0234375 0.08211143695014662
0 0.0615234375 0.04912023460410557 0.083984375 0.09824046920821114
0 0.17333984375 0.016129032258064516 0.0576171875 0.03225806451612903
0 0.1552734375 0.04325513196480939 0.033203125 0.05571847507331378
0 0.1962890625 0.04252199413489736 0.041015625 0.05865102639296188
0 0.12548828125 0.11363636363636363 0.03515625 0.06304985337243402
0 0.0341796875 0.21920821114369501 0.0556640625 0.08357771260997067
0 0.142578125 0.2118768328445748 0.05078125 0.07624633431085044