0 0.8330078125 0.7425484780058651 0.7533619697265626 0.6988191510263929 0.74599373046875 0.7435675425219942 0.8330078125 0.8147162316715543 0.8330078125 0.7425484780058651
0 0.8330078125 0.8575933607038124 0.7559248330078125 0.7854289017595308 0.751760177734375 0.8114118504398827 0.8330078125 0.86848326686217 0.8330078125 0.8575933607038124
0 0.8330078125 0.8900548489736071 0.7754666875 0.8244033240469208 0.7671373759765625 0.8417252741935484 0.8330078125 0.9039850073313783 0.8330078125 0.8900548489736071
0 0.8330078125 0.9057529560117302 0.7761074072265625 0.8455745703812317 0.7729038232421875 0.8633776994134896 0.8330078125 0.9718626173020527 0.8330078125 0.9057529560117302
0 0.8330078125 0.8955352947214077 0.79180495703125 0.8561602404692082 0.7895624453125 0.8696328475073314 0.8330078125 0.9132966832844575 0.8330078125 0.8955352947214077
0 0.8330078125 1 0.8330078125 0.9819659501466276 0.800993546875 0.9113657961876833 0.7898828134765625 0.9317031876832844 0.8246126904296875 1 0.8330078125 1
0 0.61212909765625 0.6919402536656891 0.6963833359375 0.8093446085043988 0.71688626953125 0.7371698240469208 0.6182159130859375 0.6553716818181818 0.61212909765625 0.6919402536656891
0 0.6983054873046876 0.7559352668621702 0.6899761767578125 0.7973154941348974 0.7666484609375 0.8851647903225806 0.7812782783203125 0.820892590909091 0.6983054873046876 0.7559352668621702
0 0.42529296875 0.34824046920821117 0.0771484375 0.1495601173020528
0 0.434041876953125 0.19046696187683285 0.47632916796875 0.2895870058651026 0.486603912109375 0.2841296129032258 0.479532744140625 0.16640868475073314 0.434041876953125 0.19046696187683285
0 0.5007602216796875 0.29668020381231675 0.5340774658203125 0.16147271994134899 0.4975566376953125 0.14944360557184752 0.4887174560546875 0.29445122140762464 0.5007602216796875 0.29668020381231675
0 0.1669921875 0.16979251173020526 0.2294191318359375 0.2242845 0.239847677734375 0.19758689882697947 0.1669921875 0.11786306451612903 0.1669921875 0.16979251173020526
0 0.1669921875 0.089411 0.2276948017578125 0.1523306173020528 0.2302555498046875 0.13677947360703813 0.1669921875 0.049608583577712605 0.1669921875 0.089411
0 0.1669921875 0.1277714633431085 0.223996099609375 0.1705919237536657 0.2257705419921875 0.1497709486803519 0.1669921875 0.08567524193548387 0.1669921875 0.1277714633431085
0 0.33050307421875 0.17127892521994134 0.220299806640625 0.0206741642228739 0.226386638671875 0.14866418914956012 0.3201623408203125 0.20393865835777125 0.33050307421875 0.17127892521994134
0 0.348168005859375 0 0.3429268369140625 0.005685347507331378 0.3957215302734375 0.18011956158357773 0.41276494140625 0.16735691348973608 0.370836732421875 0 0.348168005859375 0
0 0.501650435546875 0.28981210410557184 0.5259976650390625 0.28981210410557184 0.5896391708984375 0.0824612697947214 0.5535484697265625 0.05452221554252199 0.501650435546875 0.28981210410557184
0 0.5067098447265626 0.20284168035190617 0.5403474736328125 0.07004004838709678 0.4938955263671875 0.06522839296187684 0.4940013154296875 0.18964720087976542 0.5067098447265626 0.20284168035190617
0 0.592062759765625 0.26678977126099707 0.6929756123046875 0.06662498680351905 0.6506883212890625 0.04737836510263929 0.5801282236328125 0.25475272873900295 0.592062759765625 0.26678977126099707
0 0.6069368173828125 0.29334957331378303 0.629682287109375 0.32029483431085043 0.7555830888671875 0.11339372287390029 0.703685046875 0.046992857771261 0.6069368173828125 0.29334957331378303
0 0.6176914287109375 0.25620417302052784 0.6955384833984375 0.13302580351906157 0.6827241416015625 0.08394693695014663 0.6002068896484375 0.247607 0.6176914287109375 0.25620417302052784
0 0.59829326953125 0 0.56797534765625 0.1499487082111437 0.585039916015625 0.15890932404692082 0.632239498046875 0 0.59829326953125 0
0 0.6336934755859375 0 0.5991501181640625 0.1682100146627566 0.6071446494140625 0.18585458504398827 0.668390361328125 0 0.6336934755859375 0
0 0.449906203125 0.08019519208211143 0.4940013154296875 0.21584820527859236 0.487067767578125 0.08067632404692082 0.449906203125 0.08019519208211143
0 0.3844878193359375 0 0.4043276181640625 0.1251541275659824 0.4158001962890625 0.12057182258064517 0.425111552734375 0 0.3844878193359375 0
0 0.302255341796875 0 0.280668892578125 0.02586475366568915 0.3386558486328125 0.17217986363636362 0.3415369658203125 0.16780854252199412 0.351788419921875 0.16203454985337243 0.311256474609375 0 0.302255341796875 0
0 0.291969255859375 0 0.3444680947265625 0.09754669794721407 0.35915667578125 0.0735000806451613 0.3296695341796875 0 0.291969255859375 0
0 0.8330078125 0.540407870967742 0.655381798828125 0.5097548973607039 0.656863625 0.5453611583577712 0.8330078125 0.5901541642228739 0.8330078125 0.540407870967742
0 0.8330078125 0.6506326231671554 0.726626626953125 0.5985102404692082 0.7307912822265625 0.6283424853372435 0.8330078125 0.6915494677419355 0.8330078125 0.6506326231671554
0 0.8330078125 0.39999586803519066 0.6848091748046875 0.4469070190615836 0.6902552705078125 0.48347554252199415 0.8330078125 0.498130986803519 0.8330078125 0.39999586803519066
0 0.8330078125 0.29490942815249266 0.7312362958984375 0.3706535454545455 0.7397007783203124 0.41513463782991206 0.8330078125 0.38667054692082115 0.8330078125 0.29490942815249266
0 0.598836294921875 0.35637051319648094 0.621261380859375 0.39630724926686217 0.7321053271484375 0.31258448240469205 0.710320978515625 0.2303052082111437 0.598836294921875 0.35637051319648094
0 0.7307571533203125 0.3975467683284457 0.7291553583984375 0.33691991935483867 0.6160688984375 0.3778189662756598 0.61817201171875 0.41513463782991206 0.7307571533203125 0.3975467683284457
0 0.60742806640625 0.417728991202346 0.60742806640625 0.44804236656891494 0.706418791015625 0.44515538269794724 0.7057780712890624 0.39415184457478003 0.60742806640625 0.417728991202346
0 0.60684523828125 0.29093200879765396 0.630872130859375 0.31835845014662756 0.7093598984375 0.1946989486803519 0.67988694140625 0.15139404985337243 0.60684523828125 0.29093200879765396
0 0.6434330380859375 0.304657435483871 0.6600916923828125 0.3301592038123167 0.8258276865234375 0.125335642228739 0.788555365234375 0.05830071994134897 0.6434330380859375 0.304657435483871
0 0.674516228515625 0.2870550161290323 0.683486275390625 0.31929311143695016 0.7925393720703126 0.2603105175953079 0.769983001953125 0.19419011876832842 0.674516228515625 0.2870550161290323
0 0.435136341796875 0 0.4162724775390625 0.026992639296187684 0.462724423828125 0.17326690322580646 0.489954869140625 0.18144672140762463 0.4754229130859375 0 0.435136341796875 0
0 0.19921875 0.0344574780058651 0.05078125 0.0689149560117302
0 0.4877767958984375 0 0.4874801513671875 0.06772799120234603 0.5477075048828125 0.06724685923753666 0.5703603671875 0 0.4877767958984375 0
0 0.2587696904296875 0 0.2888394248046875 0.07180712756598241 0.308381291015625 0.05881565249266862 0.2927365498046875 0 0.2587696904296875 0
0 0.77978515625 0.007331378299120235 0.0341796875 0.01466275659824047
0 0.73583984375 0.026392961876832845 0.0400390625 0.05278592375366569
0 0.779296875 0.038856304985337244 0.044921875 0.07771260997067449
0 0.6884765625 0.9457478005865103 0.0546875 0.10850439882697947