0 0.50146484375 0.5989736070381232 0.03125 0.06158357771260997
0 0.58740234375 0.49560117302052786 0.052734375 0.08211143695014662
0 0.44384765625 0.4662756598240469 0.0390625 0.03372434017595308
0 0.4287109375 0.499266862170088 0.04296875 0.03519061583577713
0 0.4150390625 0.532991202346041 0.03125 0.039589442815249266
0 0.4052734375 0.5901759530791789 0.0302734375 0.039589442815249266
0 0.4169921875 0.8951612903225806 0.037109375 0.07771260997067449
0 0.40234375 0.9472140762463344 0.05859375 0.10557184750733138
0 0.42919921875 0.9640762463343109 0.02734375 0.03812316715542522
0 0.486328125 0.9765395894428153 0.052734375 0.0469208211143695
0 0.44921875 0.9875366568914956 0.021484375 0.024926686217008796
0 0.45263671875 0.9472140762463344 0.0146484375 0.03372434017595308
0 0.46630859375 0.9259530791788856 0.021484375 0.04105571847507331
0 0.50048828125 0.967008797653959 0.0283203125 0.05571847507331378
0 0.25537109375 0.907624633431085 0.0322265625 0.05865102639296188
0 0.26708984375 0.8394428152492669 0.0390625 0.06744868035190615
0 0.50537109375 0.30718475073313783 0.037109375 0.05865102639296188
0 0.462890625 0.30718475073313783 0.05078125 0.05278592375366569
0 0.48974609375 0.38929618768328444 0.0341796875 0.05278592375366569
0 0.45947265625 0.3775659824046921 0.0234375 0.04838709677419355
0 0.46044921875 0.24120234604105573 0.0390625 0.06158357771260997
0 0.57421875 0.1466275659824047 0.046875 0.07624633431085044
0 0.5419921875 0.03152492668621701 0.05078125 0.06304985337243402
0 0.609375 0.047653958944281524 0.06640625 0.09530791788856305
0 0.5107421875 0.1906158357771261 0.0517578125 0.08357771260997067
0 0.5625 0.28519061583577715 0.0556640625 0.07917888563049853
0 0.662109375 0.1598240469208211 0.048828125 0.05278592375366569
0 0.69189453125 0.2060117302052786 0.0595703125 0.060117302052785926
0 0.67529296875 0.09310850439882698 0.044921875 0.04398826979472141
0 0.21484375 0.14076246334310852 0.0595703125 0.08064516129032258
0 0.193359375 0.0872434017595308 0.052734375 0.060117302052785926
0 0.1845703125 0.1935483870967742 0.03515625 0.05571847507331378
0 0.17626953125 0.4156891495601173 0.0185546875 0.02346041055718475
0 0.173828125 0.46920821114369504 0.013671875 0.02346041055718475
0 0.1806640625 0.46774193548387094 0.021484375 0.017595307917888565
0 0.1923828125 0.591642228739003 0.02734375 0.04398826979472141
0 0.2001953125 0.5425219941348973 0.041015625 0.030791788856304986
0 0.1796875 0.843841642228739 0.025390625 0.0689149560117302
0 0.177734375 0.9486803519061584 0.021484375 0.0469208211143695
0 0.2255859375 0.9604105571847508 0.09765625 0.07917888563049853
0 0.31591796875 0.9926686217008798 0.0458984375 0.01466275659824047
0 0.29736328125 0.9296187683284457 0.029296875 0.07331378299120235
0 0.3037109375 0.8651026392961877 0.025390625 0.03812316715542522
0 0.48095703125 0.7294721407624634 0.0537109375 0.09090909090909091
0 0.5712890625 0.6532258064516129 0.0224609375 0.04105571847507331
0 0.54638671875 0.6458944281524927 0.02734375 0.039589442815249266
0 0.60888671875 0.7001466275659824 0.037109375 0.05278592375366569
0 0.61474609375 0.8196480938416423 0.046875 0.07917888563049853
0 0.64208984375 0.9406158357771262 0.0546875 0.09237536656891496
0 0.2724609375 0.35703812316715544 0.033203125 0.04252199413489736
0 0.2509765625 0.3101173020527859 0.0419921875 0.0469208211143695
0 0.228515625 0.2690615835777126 0.044921875 0.04398826979472141
0 0.33544921875 0.1378299120234604 0.0380859375 0.05865102639296188
0 0.33837890625 0.0813782991202346 0.0390625 0.04985337243401759
0 0.349609375 0.009530791788856305 0.0390625 0.01906158357771261
0 0.48583984375 0.5263929618768328 0.037109375 0.07624633431085044
0 0.46923828125 0.6304985337243402 0.044921875 0.07771260997067449
0 0.45068359375 0.6942815249266863 0.05859375 0.07917888563049853
0 0.40234375 0.717008797653959 0.03125 0.08064516129032258
0 0.419921875 0.8035190615835777 0.0361328125 0.05865102639296188
0 0.43212890625 0.7727272727272727 0.029296875 0.05865102639296188
0 0.369140625 0.8211143695014663 0.05078125 0.0747800586510264
0 0.36669921875 0.8973607038123167 0.04296875 0.08797653958944282
0 0.56494140625 0.8797653958944281 0.0537109375 0.11143695014662756
0 0.689453125 0.7052785923753666 0.0537109375 0.06744868035190615
0 0.68701171875 0.7932551319648093 0.060546875 0.08944281524926687
0 0.69677734375 0.9127565982404692 0.0849609375 0.17155425219941348
0 0.724609375 0.9010263929618768 0.08203125 0.14076246334310852
0 0.7119140625 0.9816715542521994 0.0703125 0.036656891495601175
0 0.5927734375 0.9809384164222874 0.033203125 0.03812316715542522
0 0.55224609375 0.9765395894428153 0.0517578125 0.0469208211143695
0 0.625 0.5725806451612904 0.033203125 0.03225806451612903
0 0.65966796875 0.6429618768328446 0.0341796875 0.07331378299120235
0 0.6201171875 0.6334310850439883 0.046875 0.07038123167155426
0 0.55078125 0.4032258064516129 0.052734375 0.0718475073313783
0 0.5810546875 0.3585043988269795 0.048828125 0.07038123167155426
0 0.3837890625 0.9516129032258065 0.052734375 0.0967741935483871
0 0.2353515625 0.6524926686217009 0.041015625 0.060117302052785926
0 0.3193359375 0.25219941348973607 0.048828125 0.054252199413489736
0 0.31640625 0.1781524926686217 0.025390625 0.02785923753665689
0 0.32763671875 0.2060117302052786 0.0390625 0.039589442815249266
0 0.294921875 0.19501466275659823 0.025390625 0.04838709677419355
0 0.31689453125 0.3585043988269795 0.05078125 0.08797653958944282
0 0.31494140625 0.4567448680351906 0.02734375 0.045454545454545456
0 0.29931640625 0.48533724340175954 0.0419921875 0.045454545454545456
0 0.3720703125 0.5212609970674487 0.0654296875 0.08357771260997067
0 0.326171875 0.40175953079178883 0.021484375 0.020527859237536656
0 0.36181640625 0.3973607038123167 0.0244140625 0.04398826979472141
0 0.34326171875 0.4831378299120235 0.021484375 0.04398826979472141
0 0.34326171875 0.436950146627566 0.0205078125 0.036656891495601175
0 0.3515625 0.6312316715542522 0.0439453125 0.06158357771260997
0 0.33447265625 0.5813782991202346 0.056640625 0.08504398826979472
0 0.29296875 0.6055718475073314 0.03125 0.05278592375366569
0 0.2919921875 0.5535190615835777 0.03515625 0.0469208211143695
0 0.193359375 0.6862170087976539 0.048828125 0.07917888563049853
0 0.1796875 0.532991202346041 0.025390625 0.054252199413489736
0 0.20166015625 0.49853372434017595 0.02734375 0.03519061583577713
0 0.18798828125 0.4435483870967742 0.0419921875 0.02932551319648094
0 0.2138671875 0.35997067448680353 0.0498046875 0.02932551319648094
0 0.20849609375 0.3980938416422287 0.0419921875 0.04398826979472141
0 0.1826171875 0.39002932551319647 0.03125 0.02932551319648094
0 0.1962890625 0.028592375366568914 0.05859375 0.05718475073313783
0 0.2412109375 0.016129032258064516 0.037109375 0.03225806451612903
0 0.2734375 0.093841642228739 0.046875 0.08211143695014662
0 0.24755859375 0.060117302052785926 0.068359375 0.09090909090909091
0 0.41796875 0.0967741935483871 0.021484375 0.04398826979472141
0 0.37548828125 0.25513196480938416 0.033203125 0.06744868035190615
0 0.42578125 0.41275659824046923 0.03515625 0.02932551319648094
0 0.4150390625 0.3717008797653959 0.064453125 0.07624633431085044
0 0.41748046875 0.2998533724340176 0.029296875 0.04838709677419355
0 0.4267578125 0.2287390029325513 0.02734375 0.05278592375366569
0 0.39208984375 0.29178885630498536 0.03125 0.07038123167155426
0 0.5283203125 0.4560117302052786 0.044921875 0.07624633431085044
0 0.529296875 0.5403225806451613 0.0419921875 0.0967741935483871
0 0.6669921875 0.47287390029325516 0.056640625 0.08504398826979472
0 0.626953125 0.38563049853372433 0.041015625 0.0718475073313783
0 0.3857421875 0.013196480938416423 0.06640625 0.026392961876832845
0 0.4892578125 0.05278592375366569 0.0419921875 0.06744868035190615
0 0.455078125 0.013929618768328446 0.0234375 0.02785923753665689
0 0.26318359375 0.2250733137829912 0.05078125 0.06304985337243402
0 0.220703125 0.23973607038123168 0.044921875 0.060117302052785926
0 0.24267578125 0.44208211143695014 0.05078125 0.0469208211143695
0 0.240234375 0.5513196480938416 0.03515625 0.04252199413489736
0 0.2216796875 0.7873900293255132 0.0625 0.07771260997067449
0 0.20361328125 0.9244868035190615 0.0283203125 0.07917888563049853
0 0.23095703125 0.9017595307917888 0.02734375 0.07331378299120235
0 0.177734375 0.9794721407624634 0.021484375 0.04105571847507331
0 0.53369140625 0.7045454545454546 0.0517578125 0.05278592375366569
0 0.53759765625 0.7609970674486803 0.03515625 0.04985337243401759
0 0.61865234375 0.2404692082111437 0.03515625 0.05571847507331378
0 0.3720703125 0.18255131964809385 0.044921875 0.07624633431085044
0 0.44580078125 0.10410557184750734 0.033203125 0.05718475073313783
0 0.4599609375 0.0689149560117302 0.03125 0.04985337243401759
0 0.4560546875 0.17521994134897362 0.0302734375 0.04105571847507331
0 0.47802734375 0.11656891495601172 0.0234375 0.04105571847507331
0 0.1884765625 0.30425219941348974 0.04296875 0.07771260997067449
0 0.5068359375 0.7668621700879765 0.0341796875 0.093841642228739
0 0.515625 0.8497067448680352 0.03125 0.05718475073313783
0 0.46923828125 0.8093841642228738 0.037109375 0.08797653958944282
0 0.4873046875 0.8907624633431085 0.0576171875 0.07331378299120235
0 0.68017578125 0.5659824046920822 0.037109375 0.04985337243401759
0 0.69677734375 0.5381231671554252 0.0341796875 0.06158357771260997
0 0.7275390625 0.5388563049853372 0.029296875 0.0689149560117302
0 0.72412109375 0.4186217008797654 0.06640625 0.03812316715542522
0 0.69091796875 0.34384164222873903 0.05859375 0.05865102639296188
0 0.79931640625 0.3086510263929619 0.0498046875 0.08504398826979472
0 0.75 0.13196480938416422 0.060546875 0.06451612903225806
0 0.71044921875 0.025659824046920823 0.0517578125 0.051319648093841645
0 0.5146484375 0.12756598240469208 0.0361328125 0.05278592375366569
0 0.2861328125 0.6876832844574781 0.044921875 0.06451612903225806
0 0.2265625 0.6004398826979472 0.033203125 0.04398826979472141
0 0.2470703125 0.48900293255131966 0.0458984375 0.0469208211143695
0 0.291015625 0.7551319648093842 0.0478515625 0.07331378299120235
0 0.6162109375 0.7448680351906158 0.052734375 0.060117302052785926
0 0.568359375 0.5667155425219942 0.03515625 0.06158357771260997
0 0.60400390625 0.4318181818181818 0.037109375 0.039589442815249266
0 0.7802734375 0.46480938416422285 0.05859375 0.05278592375366569