0 0.24755859375 0.8790322580645161 0.080078125 0.11436950146627566
0 0.53271484375 0.4310850439882698 0.052734375 0.08504398826979472
0 0.7265625 0.4479472140762463 0.0390625 0.06451612903225806
0 0.21044921875 0.09457478005865103 0.0380859375 0.07771260997067449
0 0.623046875 0.024926686217008796 0.099609375 0.04985337243401759
0 0.7097001328125 0 0.677587490234375 0.030928063049853374 0.7502417666015625 0.14333769648093841 0.7924252236328125 0 0.7097001328125 0
0 0.615234375 0.532991202346041 0.0390625 0.05278592375366569
0 0.35595703125 0.3790322580645161 0.0703125 0.12316715542521994
0 0.38916015625 0.6671554252199413 0.068359375 0.093841642228739
0 0.1904296875 0.4574780058651026 0.046875 0.07624633431085044
0 0.24609375 0.42008797653958946 0.0654296875 0.10117302052785923
0 0.18603515625 0.38343108504398826 0.037109375 0.0689149560117302
0 0.240234375 0.19868035190615835 0.0576171875 0.04985337243401759
0 0.24951171875 0.2470674486803519 0.05078125 0.054252199413489736
0 0.28662109375 0.04252199413489736 0.044921875 0.06451612903225806
0 0.26171875 0.10483870967741936 0.060546875 0.09970674486803519
0 0.4677734375 0.02346041055718475 0.0390625 0.0469208211143695
0 0.23046875 0.025659824046920823 0.07421875 0.051319648093841645
0 0.8262154462890625 0 0.7609815634765625 0.13246212463343107 0.81029840625 0.12584979325513196 0.8330078125 0.07244475073313783 0.8330078125 0 0.8262154462890625 0
0 0.517578125 0.21700879765395895 0.060546875 0.0967741935483871
0 0.46630859375 0.22287390029325513 0.041015625 0.08797653958944282
0 0.71875 0.2793255131964809 0.087890625 0.08944281524926687
0 0.82470703125 0.16642228739002932 0.0166015625 0.09090909090909091
0 0.39453125 0.013196480938416423 0.076171875 0.026392961876832845
0 0.37109375 0.7983870967741935 0.07421875 0.05571847507331378
0 0.25390625 0.6414956011730205 0.173828125 0.18621700879765396
0 0.529296875 0.04838709677419355 0.0625 0.0967741935483871
0 0.4052734375 0.16202346041055718 0.060546875 0.06744868035190615
0 0.41552734375 0.2756598240469208 0.076171875 0.11143695014662756
0 0.44873046875 0.3848973607038123 0.052734375 0.07771260997067449
0 0.50927734375 0.27346041055718473 0.037109375 0.0469208211143695
0 0.55078125 0.2587976539589443 0.03515625 0.04105571847507331
0 0.556640625 0.2998533724340176 0.0361328125 0.04105571847507331
0 0.4873046875 0.3262463343108504 0.0400390625 0.093841642228739
0 0.525390625 0.3218475073313783 0.029296875 0.08504398826979472
0 0.5498046875 0.3313782991202346 0.029296875 0.051319648093841645
0 0.7841796875 0.44574780058651026 0.05078125 0.07624633431085044
0 0.61328125 0.6964809384164223 0.0751953125 0.09970674486803519
0 0.19677734375 0.9545454545454546 0.0595703125 0.09090909090909091
0 0.6386943291015625 0.21283900146627563 0.72257533984375 0.04488907331378299 0.6896220888671875 0.025394826979472145 0.610451255859375 0.18873860703812317 0.6386943291015625 0.21283900146627563
0 0.4677734375 0.5821114369501467 0.064453125 0.08797653958944282
0 0.50537109375 0.6869501466275659 0.087890625 0.10850439882697947
0 0.81005859375 0.31451612903225806 0.0458984375 0.15542521994134897
0 0.318359375 0.2895894428152493 0.03515625 0.04838709677419355
0 0.27734375 0.3064516129032258 0.0390625 0.06744868035190615