0 0.617469765625 0 0.5900008525390625 0.11280683284457477 0.6172857138671874 0.12293688416422288 0.6618673466796875 0 0.617469765625 0
0 0.688185091796875 0 0.64281023828125 0.10928333870967742 0.6586530693359375 0.11500901759530792 0.6944821953125 0 0.688185091796875 0
0 0.708278509765625 0 0.666574484375 0.08241667888563049 0.677136361328125 0.09386803665689149 0.716485103515625 0 0.708278509765625 0
0 0.717728009765625 0 0.6794834287109375 0.0815357991202346 0.6903387001953125 0.0859401715542522 0.7591339873046875 0 0.717728009765625 0
0 0.711348314453125 0 0.6859379306640625 0.05995439002932551 0.6941527109375 0.06303745454545454 0.7222505869140625 0 0.711348314453125 0
0 0.7658816279296875 0 0.7195989384765625 0.0473216715542522 0.7319994501953125 0.06259700439882697 0.786593728515625 0 0.7658816279296875 0
0 0.5858065166015625 0.3069775439882698 0.65739258984375 0.19114257478005867 0.6133847734375 0.1629545953079179 0.5635092138671876 0.298609228739003 0.5858065166015625 0.3069775439882698
0 0.6248268037109375 0.1884999486803519 0.6500579638671875 0.19995130791788857 0.703623150390625 0.09454020967741936 0.6644338515625 0.07442674780058652 0.6248268037109375 0.1884999486803519
0 0.9306640625 0.7214076246334311 0.048828125 0.07038123167155426
0 0.3759765625 0.5637829912023461 0.0908203125 0.10557184750733138
0 0.280038439453125 0.5518165953079178 0.340475845703125 0.4936789017595308 0.3371482578125 0.4795529105571848 0.2653691572265625 0.48927454105571844 0.280038439453125 0.5518165953079178
0 0.3448008486328125 0.4600904384164223 0.26235950390625 0.414285004398827 0.2550248779296875 0.46449481085043987 0.34344175 0.47664715395894425 0.3448008486328125 0.4600904384164223
0 0.2481423359375 0.9687920131964809 0.300658328125 0.8331373914956012 0.28437974609375 0.8187999486803519 0.220564080078125 0.9502936686217008 0.2481423359375 0.9687920131964809
0 0.247303056640625 0.8319874618768328 0.156060142578125 0.9812956173020527 0.1936134873046875 0.972927302052786 0.256785203125 0.8355080469208211 0.247303056640625 0.8319874618768328
0 0.2552244716796875 0.8381535703812316 0.1930267275390625 0.9667611935483871 0.2232454462890625 0.9746890586510264 0.2679198427734375 0.8405931202346041 0.2552244716796875 0.8381535703812316
0 0.2683387353515625 0.6941644970674486 0.1765090625 0.8456748826979472 0.25454963671875 0.8373065439882698 0.2882526640625 0.7083812126099707 0.2683387353515625 0.6941644970674486
0 0.2659473291015625 0.5810686920821114 0.1521137470703125 0.6453724941348974 0.1673697890625 0.6770839765395894 0.273729220703125 0.6045004281524927 0.2659473291015625 0.5810686920821114
0 0.34061309765625 0.45886654838709673 0.34061309765625 0.42539332991202344 0.2141831015625 0.33789729325513196 0.197147556640625 0.3875157507331379 0.34061309765625 0.45886654838709673
0 0.2875837939453125 0.45191073900293255 0.2066093916015625 0.4056648313782991 0.20367553515625 0.4695282038123167 0.27953859765625 0.4693827624633431 0.2875837939453125 0.45191073900293255
0 0.3265754716796875 0.334565280058651 0.20452709375 0.19582760410557185 0.1927916689453125 0.2539652976539589 0.3192360107421875 0.35097319648093844 0.3265754716796875 0.334565280058651
0 0.3427700322265625 0.31411602785923753 0.3591996220703125 0.28284495161290324 0.23304383984375 0.10975317741935485 0.192556609375 0.1811039882697947 0.3427700322265625 0.31411602785923753
0 0.320121013671875 0.2993303035190616 0.245014294921875 0.19230409970674486 0.2150889716796875 0.2099215982404692 0.3148789775390625 0.32336851319648097 0.320121013671875 0.2993303035190616
0 0.2607965 0.34422047214076246 0.14373566796875 0.2658226539589443 0.131413482421875 0.3111876583577713 0.2553328583984375 0.36768129472140765 0.2607965 0.34422047214076246
0 0.2772260908203125 0.31383029618768327 0.161045412109375 0.22750463343108507 0.142855513671875 0.26758438856304984 0.2664674990234375 0.3248213914956012 0.2772260908203125 0.31383029618768327
0 0.212801384765625 0.5300058973607038 0.2955143857421875 0.4693827624633431 0.2130947490234375 0.47891519061583576 0.212801384765625 0.5300058973607038
0 0.129314869140625 0.632307875366569 0.2402146240234375 0.5926685483870968 0.237420611328125 0.5768957434017595 0.1357693701171875 0.5591953299120235 0.129314869140625 0.632307875366569
0 0.266222705078125 0.6789948093841642 0.26270207421875 0.6649008372434018 0.1588435810546875 0.7234789589442815 0.179673970703125 0.7626778563049853 0.268888072265625 0.6829558460410557 0.266222705078125 0.6789948093841642
0 0.2087191103515625 0.6547707639296187 0.1171828310546875 0.737572931085044 0.1471081552734375 0.7675226568914957 0.223381283203125 0.6749650161290323 0.2087191103515625 0.6547707639296187
0 0.493664384765625 0 0.474720908203125 0.24751257917888564 0.496431451171875 0.24547532404692082 0.5241165537109375 0 0.493664384765625 0
0 0.5613383583984375 0 0.528838546875 0.14956329325513196 0.5470284443359374 0.14383761436950146 0.5864753369140625 0 0.5613383583984375 0
0 0.44236323828125 0 0.4076482685546875 0.002251793255131965 0.4364000732421875 0.20705503812316714 0.4586973466796875 0.19956760117302055 0.46778394921875 0 0.44236323828125 0
0 0.1246027001953125 0.2197706818181818 0.042748115234375 0.12948107771260997 0.0304259296875 0.16735869061583578 0.1140408232421875 0.24135209237536656 0.1246027001953125 0.2197706818181818
0 0.1642097470703125 0.22329417595307918 0.1768253271484375 0.19466577859237535 0.085408568359375 0.06039757478005866 0.05360338671875 0.10525705278592375 0.1642097470703125 0.22329417595307918
0 0.98981371484375 0 0.8864143486328125 0.0887829633431085 0.900657869140625 0.11778625953079179 1 0.04253807917888563 1 0 0.98981371484375 0
0 1 0.026096608504398825 0.89521591796875 0.11432831671554253 0.90646724609375 0.139579431085044 1 0.06683295014662757 1 0.026096608504398825
0 0.9571502685546875 0 0.877612779296875 0.0649993900293255 0.88377388671875 0.08614034897360703 0.9794175703125 0.005540378299120235 0.963827583984375 0 0.9571502685546875 0
0 0.9234319130859375 0 0.862635533203125 0.039048027859237534 0.8682098818359375 0.059308152492668624 0.9304075966796875 0.00953874193548387 0.92665708203125 0 0.9234319130859375 0
0 1 0.07753554692082112 0.925713431640625 0.12801631524926685 0.933577673828125 0.15338177272727274 1 0.11379993548387096 1 0.07753554692082112
0 1 0.22836218768328445 0.92382245703125 0.25994787683284454 0.9330935595703125 0.3001224633431085 1 0.2680292287390029 1 0.22836218768328445
0 1 0.14423325073313784 0.91903964453125 0.2046128797653959 0.932125330078125 0.22820499706744868 1 0.1906863387096774 1 0.14423325073313784
0 1 0.1794947008797654 0.9430972548828125 0.21518335923753668 0.948585232421875 0.2405544604105572 1 0.21968318475073315 1 0.1794947008797654
0 0.3426293623046875 0 0.3899053173828125 0.14322579765395893 0.417027197265625 0.13158860263929617 0.3992240166015625 0 0.3426293623046875 0
0 0.381196388671875 0.3252528431085044 0.4055473935546875 0.2944222390029325 0.35449831640625 0.1420310293255132 0.3043293916015625 0.1719807331378299 0.381196388671875 0.3252528431085044
0 0.406303177734375 0.14388453519061584 0.3693365927734375 0.1460867258064516 0.394274357421875 0.301561 0.417027197265625 0.2986695850439883 0.406303177734375 0.14388453519061584
0 0.418609076171875 0.313440646627566 0.43709233984375 0.313440646627566 0.43533203125 0.17734556451612904 0.4042331591796875 0.17822644281524927 0.418609076171875 0.313440646627566
0 0.341295947265625 0.31424193548387097 0.358018931640625 0.28120912170087975 0.2826188486328125 0.1733020513196481 0.256214140625 0.21382225659824045 0.341295947265625 0.31424193548387097
0 0.3496648818359375 0.2639400542521994 0.365214318359375 0.24103729178885627 0.24032530078125 0.013179035190615836 0.1994514599609375 0.0644220146627566 0.3496648818359375 0.2639400542521994
0 0.3389319912109375 0.22120605571847507 0.35858883203125 0.20887379618768329 0.3226248134765625 0.05894469648093841 0.2823085947265625 0.08995579472140762 0.3389319912109375 0.22120605571847507
0 0.1803616865234375 0.5762464384164223 0.2695508837890625 0.5123830659824047 0.2745384423828125 0.47494592521994133 0.132367703125 0.500619642228739 0.1803616865234375 0.5762464384164223
0 0.18017578125 0.874633431085044 0.05078125 0.07038123167155426
0 0.0537109375 0.4934017595307918 0.0458984375 0.06744868035190615
0 0.09130859375 0.28152492668621704 0.05859375 0.09237536656891496
0 0.2051996396484375 0.4783482331378299 0.2049062744140625 0.395546064516129 0.15561750390625 0.3581089237536657 0.160605033203125 0.4779078269794721 0.2051996396484375 0.4783482331378299
0 0.1447302021484375 0.5008001363636364 0.0989620478515625 0.4686482258064516 0.0869332578125 0.5206198108504398 0.13152786328125 0.567306146627566 0.1447302021484375 0.5008001363636364
0 0.07861328125 0.9391495601173021 0.033203125 0.045454545454545456
0 0.02978515625 0.9252199413489736 0.05859375 0.05571847507331378
0 0.06689453125 0.8460410557184751 0.0400390625 0.060117302052785926
0 0.2076868505859375 0.7514447917888564 0.1997654345703125 0.7245781129032258 0.078597197265625 0.7972502360703811 0.0955749794921875 0.8573012184750733 0.2076868505859375 0.7514447917888564
0 0.13818359375 0.8680351906158358 0.0439453125 0.06451612903225806
0 0.0556640625 0.7969208211143695 0.0380859375 0.03812316715542522
0 0.02978515625 0.748533724340176 0.037109375 0.04252199413489736
0 0.052734375 0.7309384164222874 0.0322265625 0.04105571847507331
0 0.0615234375 0.5806451612903226 0.041015625 0.06158357771260997
0 0.0166015625 0.5527859237536656 0.033203125 0.03225806451612903
0 0.0556640625 0.6422287390029325 0.029296875 0.045454545454545456
0 0.02734375 0.6429618768328446 0.033203125 0.0469208211143695
0 0.0927734375 0.7258064516129032 0.04296875 0.039589442815249266
0 0.09912109375 0.7617302052785924 0.0439453125 0.03812316715542522
0 0.1201171875 0.6781524926686217 0.03515625 0.03812316715542522
0 0.08740234375 0.626099706744868 0.0419921875 0.03812316715542522
0 0.13525390625 0.40542521994134895 0.0400390625 0.04398826979472141
0 0.095703125 0.3709677419354839 0.04296875 0.05571847507331378
0 0.03857421875 0.35410557184750735 0.048828125 0.05865102639296188
0 0.01708984375 0.41275659824046923 0.0341796875 0.05865102639296188
0 0.02587890625 0.25439882697947214 0.044921875 0.0469208211143695
0 0.021484375 0.18035190615835778 0.041015625 0.06451612903225806
0 0.0439453125 0.09604105571847507 0.029296875 0.04252199413489736
0 0.01416015625 0.11730205278592376 0.0283203125 0.05278592375366569
0 0.1533203125 0.07624633431085044 0.0390625 0.0469208211143695
0 0.1796875 0.13636363636363635 0.033203125 0.05571847507331378
0 0.07421875 0.051319648093841645 0.0517578125 0.03225806451612903
0 0.14404296875 0.024193548387096774 0.037109375 0.0469208211143695
0 0.18701171875 0.07697947214076246 0.0478515625 0.06158357771260997
0 0.12255859375 0.9376832844574781 0.02734375 0.03225806451612903
0 0.025390625 0.9780058651026393 0.05078125 0.04398826979472141
0 0.36865234375 0.9875366568914956 0.0673828125 0.024926686217008796
0 0.74853515625 0.20234604105571846 0.08203125 0.07624633431085044