0 0.942903580078125 1 0.93540646484375 0.9661806173020527 0.8441915947265625 0.8544236466275661 0.830196984375 0.8784251319648094 0.9256602216796875 1 0.942903580078125 1
0 0.8479401533203125 0.8615490821114369 0.940654453125 0.9789314061583577 0.964395306640625 0.9560549780058651 0.8656833212890624 0.8330472976539589 0.8479401533203125 0.8615490821114369
0 0.93603515625 0.7236070381231672 0.06591796875 0.08651026392961877
0 0.83984375 0.7851906158357771 0.03759765625 0.05791788856304985
0 0.87255859375 0.7712609970674487 0.03369140625 0.04618768328445748
0 0.677734375 0.8159824046920822 0.0478515625 0.06671554252199413
0 0.7626953125 0.9420821114369502 0.0263671875 0.05791788856304985
0 0.86328125 0.6964809384164223 0.03515625 0.05278592375366569
0 0.0439453125 0.6011730205278593 0.0498046875 0.047653958944281524
0 0.0283203125 0.5491202346041055 0.0380859375 0.050586510263929615
0 0.01513671875 0.48533724340175954 0.02978515625 0.07697947214076246
0 0.66845703125 0.5711143695014663 0.06298828125 0.07917888563049853
0 0.73046875 0.6422287390029325 0.06005859375 0.07331378299120235
0 1 0.8888874545454545 0.9044001337890625 0.8047234604105572 0.888342712890625 0.822400280058651 1 0.9375064853372433 1 0.8888874545454545
0 0.8171638232421875 0.912059302052786 0.8781486162109375 1 0.9154473408203125 0.9999003519061584 0.8290423818359375 0.8924824897360704 0.8171638232421875 0.912059302052786
0 0.47412109375 0.9728739002932552 0.03125 0.0373900293255132
0 0.4609375 0.9347507331378299 0.02978515625 0.047653958944281524
0 0.41455078125 0.9186217008797654 0.041015625 0.05718475073313783
0 0.43505859375 0.9765395894428153 0.05078125 0.0469208211143695
0 0.57177734375 0.967008797653959 0.0498046875 0.06598240469208211
0 0.6162109375 0.7903225806451613 0.064453125 0.08577712609970674
0 0.0771484375 0.8460410557184751 0.07421875 0.06744868035190615
0 0.0517578125 0.7646627565982405 0.05224609375 0.060117302052785926
0 0.02099609375 0.8343108504398827 0.0419921875 0.05278592375366569
0 0.08251953125 0.6341642228739003 0.05810546875 0.07771260997067449
0 0.3720703125 0.8709677419354839 0.04345703125 0.0747800586510264
0 0.81640625 0.7023460410557185 0.046875 0.07917888563049853
0 0.88037109375 0.6319648093841642 0.056640625 0.07991202346041056
0 0.7763671875 0.7324046920821115 0.0478515625 0.08577712609970674
0 0.64990234375 0.9516129032258065 0.0439453125 0.0967741935483871
0 0.0387446728515625 1 0.1239600322265625 0.9603760835777126 0.0872058046875 0.9097142683284457 0.0180534013671875 0.9848898563049854 0.0387446728515625 1
0 0.04541015625 0.8995601173020528 0.064453125 0.030791788856304986
0 0.17138671875 0.9574780058651027 0.103515625 0.08431085043988269
0 0.30712890625 0.9516129032258065 0.04931640625 0.06524926686217009
0 0.3603515625 0.9794721407624634 0.05029296875 0.04105571847507331
0 0.39404296875 0.9501466275659824 0.03173828125 0.047653958944281524
0 0.71728515625 0.7653958944281525 0.06005859375 0.10557184750733138
0 0.69384765625 0.9186217008797654 0.0341796875 0.06818181818181818
0 0.14013671875 0.6590909090909091 0.04833984375 0.062316715542521994
0 0.20166015625 0.781524926686217 0.04296875 0.08211143695014662
0 0.478515625 0.8548387096774194 0.048828125 0.09237536656891496