0 0.7490234375 0.8137829912023461 0.0517578125 0.08357771260997067
0 0.83154296875 0.9574780058651027 0.0146484375 0.045454545454545456
0 0.56103515625 0.8027859237536656 0.0615234375 0.10997067448680352
0 0.6171875 0.908357771260997 0.056640625 0.10557184750733138
0 0.82470703125 0.43841642228739003 0.0166015625 0.051319648093841645
0 0.8154296875 0.3592375366568915 0.0322265625 0.0718475073313783
0 0.72802734375 0.7082111436950147 0.06640625 0.11290322580645161
0 0.78466796875 0.2866568914956012 0.0576171875 0.07624633431085044
0 0.6865234375 0.969208211143695 0.06640625 0.05278592375366569
0 0.82568359375 0.7639296187683284 0.021484375 0.07624633431085044
0 0.71044921875 0.8834310850439883 0.0810546875 0.10410557184750734
0 0.81884765625 0.8394428152492669 0.037109375 0.060117302052785926
0 0.7119140625 0.015395894428152493 0.0625 0.030791788856304986
0 0.7744140625 0.46994134897360706 0.0712890625 0.08504398826979472