0 0.3392780009765625 0 0.3842281748046875 0.12390762463343108 0.4113734208984375 0.11383310997067449 0.38364441796875 0 0.3392780009765625 0
0 0.307170716796875 0.0008233357771260997 0.3430724951171875 0.1160232228739003 0.3588342587890625 0.11032893548387096 0.3130084345703125 0 0.307170716796875 0.0008233357771260997
0 0.2848466708984375 0 0.3246837802734375 0.09499814662756598 0.33519161328125 0.08360956891495601 0.2928684189453125 0 0.2848466708984375 0
0 0.241788634765625 0 0.3115489970703125 0.08711374486803519 0.32234872265625 0.08273352052785923 0.2835280859375 0 0.241788634765625 0
0 0.27906701953125 0 0.3077545029296875 0.06433659090909091 0.3159272490234375 0.06127042961876833 0.2899495458984375 0 0.27906701953125 0
0 0.214351509765625 0 0.2701014248046875 0.06389855571847507 0.282438482421875 0.048706969208211146 0.2347834033203125 0 0.214351509765625 0
0 0.3443265244140625 0.19173938123167156 0.4155462939453125 0.30693929032258066 0.4377295029296875 0.298616853372434 0.3881091552734375 0.16370594134897362 0.3443265244140625 0.19173938123167156
0 0.351623619140625 0.2004998211143695 0.376725671875 0.18911124340175955 0.33732129296875 0.07566344428152492 0.2983325234375 0.09566663489736071 0.351623619140625 0.2004998211143695
0 0.072265625 0.719208211143695 0.04833984375 0.06964809384164222
0 0.6240234375 0.5623167155425219 0.09033203125 0.10557184750733138
0 0.6596216181640625 0.4926170659824047 0.71974976953125 0.5504360219941349 0.7343439892578125 0.4882368504398827 0.6629321796875 0.4785685190615836 0.6596216181640625 0.4926170659824047
0 0.7373382421875 0.4136584428152492 0.65531874609375 0.4592127507331378 0.656670890625 0.4756786935483871 0.7446353369140625 0.4635929750733138 0.7373382421875 0.4136584428152492
0 0.6992353916015625 0.8302144897360704 0.7514826611328125 0.9651253900293255 0.77891980078125 0.9467284618768329 0.7154306767578125 0.815955651026393 0.6992353916015625 0.8302144897360704
0 0.843093673828125 0.977560444281525 0.752317646484375 0.8290708636363636 0.74288401953125 0.8325721480938416 0.80573248828125 0.9692380073313782 0.843093673828125 0.977560444281525
0 0.8063162451171875 0.9631057052785923 0.7444367646484376 0.8352031656891495 0.7318063544921874 0.8376293431085043 0.7762521552734375 0.9709901055718475 0.8063162451171875 0.9631057052785923
0 0.822749390625 0.8426832434017595 0.7313896064453125 0.6920035073313783 0.711577576171875 0.7061422800586511 0.745108146484375 0.834360784457478 0.822749390625 0.8426832434017595
0 0.8470198759765625 0.643479004398827 0.733768775390625 0.5795277463343109 0.7260267041015624 0.602831017595308 0.8318418984375 0.6750166304985337 0.8470198759765625 0.643479004398827
0 0.6594850693359375 0.42470586656891496 0.6594850693359375 0.4579955703812317 0.802216501953125 0.38703594868035185 0.785268126953125 0.3376895234604106 0.6594850693359375 0.42470586656891496
0 0.7928030830078125 0.40508552932551317 0.7122430244140625 0.4510778944281525 0.720247052734375 0.4684541290322581 0.7957219267578125 0.4685987741935484 0.7928030830078125 0.40508552932551317
0 0.7948747255859375 0.19639872434017594 0.673450865234375 0.33437577712609967 0.6807527705078125 0.35069373900293255 0.8065501015625 0.2542176803519062 0.7948747255859375 0.19639872434017594
0 0.6409936513671874 0.28293900293255136 0.657339171875 0.31403863782991204 0.8067839580078126 0.18175582991202346 0.7665038994140625 0.11079619794721407 0.6409936513671874 0.28293900293255136
0 0.7545946962890625 0.19289453812316718 0.6798722958984375 0.2993339750733138 0.6850875087890625 0.32324039589442816 0.7843668935546875 0.21041545014662755 0.7545946962890625 0.19289453812316718
0 0.8553550849609375 0.26601002932551315 0.738893248046875 0.3439780351906158 0.7443289326171875 0.36731023607038127 0.8676142177734375 0.31112632258064515 0.8553550849609375 0.26601002932551315
0 0.8381339140625 0.22790208651026395 0.7225477275390625 0.31375447214076246 0.733251267578125 0.32468530938416423 0.8562307353515625 0.2677621055718475 0.8381339140625 0.22790208651026395
0 0.7863509111328125 0.47793429472140764 0.7043530126953125 0.4684541290322581 0.7866427744140625 0.5287449002932552 0.7863509111328125 0.47793429472140764
0 0.7593698076171875 0.5910640058651027 0.86970209375 0.6304860117302054 0.863280619140625 0.5577743035190617 0.7621495234375 0.5753776744868035 0.7593698076171875 0.5910640058651027
0 0.819600677734375 0.7601412463343109 0.840324478515625 0.7211572536656892 0.7369974248046876 0.6629002844574781 0.73349480859375 0.676916986803519 0.730843080078125 0.6808563064516129 0.819600677734375 0.7601412463343109
0 0.8817720517578125 0.7351739574780058 0.79070416015625 0.6528257478005866 0.7761170126953125 0.6729092859237537 0.8519998544921875 0.7649594853372433 0.8817720517578125 0.7351739574780058
0 0.4767350283203125 0 0.50446403125 0.24577425366568917 0.526063482421875 0.2478003387096774 0.50709101171875 0 0.4767350283203125 0
0 0.41442966796875 0 0.4541259404296875 0.1446937668621701 0.47222276171875 0.15038805571847508 0.439531720703125 0 0.41442966796875 0
0 0.542005052734375 0.20011821847507333 0.5641882314453125 0.20756460557184753 0.5927929140625 0.003884184750733138 0.5328900302734375 0 0.542005052734375 0.20011821847507333
0 0.955825888671875 0.13041593988269795 0.8743901494140625 0.2202105351906158 0.884897982421875 0.24167362609970675 0.968085021484375 0.1680858900293255 0.955825888671875 0.13041593988269795
0 0.822434744140625 0.19524326979472142 0.8349857705078125 0.223714711143695 0.9450261630859375 0.10632472287390031 0.9133837265625 0.06171118475073313 0.822434744140625 0.19524326979472142
0 0 0 0 0.04132048240469208 0.1023060244140625 0.11878523900293256 0.11647666015625 0.08994095161290322 0.011690169921875 0 0 0
0 0 0.06541169941348973 0.096526373046875 0.14045892961876832 0.10772012890625 0.11534625366568915 0 0.024675618768328446 0 0.06541169941348973
0 0.0440893466796875 0 0.02394933203125 0.007154740469208212 0.119103611328125 0.08731282551319648 0.1252331923828125 0.06628776979472141 0.0440893466796875 0
0 0.077086775390625 0 0.0727085244140625 0.011131183284457478 0.1345879755859375 0.060627734604105574 0.1401337998046875 0.0404786862170088 0.077086775390625 0
0 0 0.11275239149560118 0.06955466796875 0.15418560117302052 0.0773786689453125 0.1289592082111437 0 0.07639654838709678 0 0.11275239149560118
0 0 0.22731577126099708 0.001326859375 0.26717581231671556 0.0700363056640625 0.30012179178885634 0.0792599677734375 0.2601674604105572 0 0.22731577126099708
0 0 0.18936703372434016 0.0709995810546875 0.2285986099706745 0.0840183076171875 0.20513583577712607 0 0.14249862903225807 0 0.18936703372434016
0 0 0.21871452492668622 0.05462390234375 0.24088036803519058 0.0600837978515625 0.21564836217008798 0 0.1779784340175953 0 0.21871452492668622
0 0.6013966650390625 0 0.5834619765625 0.13251191055718475 0.6104450751953125 0.14408530498533723 0.65802221484375 0 0.6013966650390625 0
0 0.5948830380859375 0.2944528181818182 0.6191094404296875 0.32511439589442814 0.6955831123046875 0.17268259237536657 0.645670900390625 0.1428970879765396 0.5948830380859375 0.2944528181818182
0 0.63090855078125 0.14693054838709677 0.5941311220703125 0.144740431085044 0.5834619765625 0.29867687829912026 0.6060983916015625 0.3015524428152493 0.63090855078125 0.14693054838709677
0 0.5634995068359375 0.3133669589442815 0.5818881923828125 0.3133669589442815 0.596190548828125 0.17889406158357773 0.5652508076171875 0.17801801173020526 0.5634995068359375 0.3133669589442815
0 0.6421682998046875 0.281312142228739 0.6588057138671874 0.3141638548387097 0.74345216015625 0.21429472140762462 0.7171825634765625 0.17399666715542522 0.6421682998046875 0.281312142228739
0 0.6350097314453125 0.24136055278592378 0.6504796015625 0.26413775073313783 0.799924388671875 0.0657135615835777 0.759259697265625 0.01475151906158358 0.6350097314453125 0.24136055278592378
0 0.6416013154296875 0.20937339149560116 0.6611575732421875 0.2216380395894428 0.7174912294921875 0.09110735337243402 0.6773813076171875 0.06026627126099707 0.6416013154296875 0.20937339149560116
0 0.73018366015625 0.5112186847507332 0.81891648046875 0.5747319296187683 0.8666648798828125 0.4995197536656892 0.725221623046875 0.4739867917888563 0.73018366015625 0.5112186847507332
0 0.81884765625 0.8709677419354839 0.05078125 0.07038123167155426
0 0.94482421875 0.49266862170087977 0.04541015625 0.06818181818181818
0 0.9072265625 0.28152492668621704 0.05810546875 0.09164222873900293
0 0.7944974853515625 0.3950222375366569 0.7942056220703125 0.47737044721407623 0.8385720390625 0.4769324545454546 0.843534046875 0.35779034457478004 0.7944974853515625 0.3950222375366569
0 0.899899599609375 0.4677236187683284 0.8543656396484375 0.49969925806451615 0.8675004228515625 0.5658406524926686 0.91186683984375 0.5194102727272727 0.899899599609375 0.4677236187683284
0 0.919921875 0.9354838709677419 0.03271484375 0.04472140762463343
0 0.96875 0.9215542521994134 0.05810546875 0.05571847507331378
0 0.93212890625 0.843108504398827 0.0400390625 0.060117302052785926
0 0.79961201953125 0.7222503826979473 0.7917311376953124 0.7489697653958944 0.9032693369140625 0.8542458387096773 0.9201602451171875 0.7945240835777125 0.79961201953125 0.7222503826979473
0 0.86083984375 0.8651026392961877 0.04345703125 0.06378299120234604
0 0.943359375 0.7939882697947214 0.03759765625 0.03812316715542522
0 0.96875 0.7463343108504399 0.03662109375 0.04252199413489736
0 0.94580078125 0.7287390029325513 0.03173828125 0.04032258064516129
0 0.93701171875 0.5791788856304986 0.0400390625 0.062316715542521994
0 0.98291015625 0.5520527859237536 0.0341796875 0.030791788856304986
0 0.943359375 0.6407624633431085 0.02880859375 0.04472140762463343
0 0.97119140625 0.6407624633431085 0.03271484375 0.0469208211143695
0 0.90625 0.7236070381231672 0.04248046875 0.038856304985337244
0 0.8994140625 0.7595307917888563 0.0439453125 0.03812316715542522
0 0.87890625 0.6759530791788856 0.03466796875 0.038856304985337244
0 0.9111328125 0.624633431085044 0.0419921875 0.038856304985337244
0 0.86376953125 0.4046920821114369 0.03955078125 0.04398826979472141
0 0.9033203125 0.3709677419354839 0.0419921875 0.05498533724340176
0 0.9599609375 0.3533724340175953 0.048828125 0.0593841642228739
0 0.98193359375 0.4112903225806452 0.0361328125 0.05718475073313783
0 0.97265625 0.25513196480938416 0.044921875 0.045454545454545456
0 0.97705078125 0.18035190615835778 0.04052734375 0.06378299120234604
0 0.95458984375 0.0967741935483871 0.029296875 0.041788856304985335
0 0.9853515625 0.1187683284457478 0.029296875 0.05278592375366569
0 0.84619140625 0.07697947214076246 0.03955078125 0.0469208211143695
0 0.81982421875 0.1378299120234604 0.033203125 0.05498533724340176
0 0.92431640625 0.05278592375366569 0.05126953125 0.032991202346041054
0 0.85498046875 0.024926686217008796 0.03662109375 0.04912023460410557
0 0.81201171875 0.07844574780058651 0.04736328125 0.06085043988269795
0 0.87646484375 0.9340175953079178 0.02685546875 0.03225806451612903
0 0.9736328125 0.9765395894428153 0.052734375 0.0469208211143695
0 0.6318359375 0.9853372434017595 0.06689453125 0.028592375366568914
0 0.25341796875 0.20307917888563048 0.0810546875 0.0747800586510264