0 0.80078125 0.07551319648093842 0.0791015625 0.12463343108504399
0 0.91357421875 0.10337243401759531 0.0693359375 0.0967741935483871
0 0.48876953125 0.5087976539589443 0.05859375 0.08357771260997067
0 0.49658203125 0.8079178885630498 0.044921875 0.06158357771260997
0 0.01953125 0.6634897360703812 0.0390625 0.08357771260997067
0 0.09912109375 0.7609970674486803 0.0791015625 0.08064516129032258
0 0.26318359375 0.01686217008797654 0.0537109375 0.03372434017595308
0 0.16748046875 0.17008797653958943 0.083984375 0.09090909090909091
0 0.09765625 0.21334310850439883 0.0693359375 0.08651026392961877
0 0.10595703125 0.04838709677419355 0.0673828125 0.08357771260997067
0 0 0.9357869516129032 0.0202529765625 0.9802979032258065 0.1581557978515625 0.8198803064516129 0.153248119140625 0.7988592741935485 0 0.9222494237536657 0 0.9357869516129032
0 0.11572265625 0.9494134897360704 0.0791015625 0.08211143695014662
0 0.1044921875 0.5388563049853372 0.0673828125 0.08944281524926687
0 0.16845703125 0.6400293255131965 0.115234375 0.15689149560117302
0 0.211608978515625 0.7250466994134898 0.13027682421875 0.9082723357771261 0.1457551162109375 0.928871013196481 0.2873685 0.839336137829912 0.211608978515625 0.7250466994134898
0 0.55712890625 0.6378299120234604 0.037109375 0.06158357771260997
0 0.4560546875 0.23387096774193547 0.0849609375 0.11143695014662756
0 0.65283203125 0.2903225806451613 0.0654296875 0.10703812316715543
0 0.5126953125 0.008064516129032258 0.052734375 0.016129032258064516
0 0.486328125 0.06524926686217009 0.0703125 0.10263929618768329
0 0.33447265625 0.05205278592375367 0.0341796875 0.08944281524926687
0 0.36767578125 0.06744868035190615 0.0380859375 0.08064516129032258
0 0.2265625 0.12096774193548387 0.044921875 0.07038123167155426
0 0.27001953125 0.08431085043988269 0.0693359375 0.09530791788856305
0 0.15771484375 0.09090909090909091 0.0576171875 0.07331378299120235
0 0.115234375 0.14002932551319647 0.0458984375 0.05718475073313783
0 0.08251953125 0.13196480938416422 0.048828125 0.05865102639296188
0 0.18994140625 0.4010263929618768 0.07421875 0.060117302052785926
0 0.20166015625 0.045454545454545456 0.0654296875 0.09090909090909091
0 0.1181640625 0.005865102639296188 0.0703125 0.011730205278592375
0 0.0400390625 0.04618768328445748 0.0703125 0.09237536656891496
0 0.0322265625 0.7903225806451613 0.064453125 0.0967741935483871
0 0.05615234375 0.7910557184750733 0.0673828125 0.0718475073313783
0 0.2743004462890625 0.931825017595308 0.2797196005859375 0.8557365029325513 0.18099778125 0.9613693020527859 0.2027288203125 0.992285224340176 0.208558017578125 0.9924379970674487 0.2743004462890625 0.931825017595308
0 0.34228515625 0.4809384164222874 0.0673828125 0.09530791788856305
0 0.3466796875 0.40249266862170086 0.0615234375 0.06304985337243402
0 0.0791015625 0.39956011730205276 0.05078125 0.0718475073313783
0 0.38134765625 0.7932551319648093 0.0625 0.1378299120234604
0 0.3017578125 0.968475073313783 0.0634765625 0.054252199413489736
0 0.033203125 0.5285923753665689 0.06640625 0.06304985337243402
0 0.0517578125 0.5901759530791789 0.0771484375 0.07038123167155426
0 0.18115234375 0.2873900293255132 0.0673828125 0.12023460410557185
0 0.7431640625 0.2653958944281525 0.0380859375 0.1158357771260997
0 0.63720703125 0.1092375366568915 0.12890625 0.21407624633431085
0 0.21826171875 0.4970674486803519 0.0830078125 0.09824046920821114
0 0.306640625 0.3064516129032258 0.0478515625 0.09530791788856305
0 0.3837890625 0.3247800586510264 0.0771484375 0.1187683284457478
0 0.45849609375 0.3775659824046921 0.0546875 0.08357771260997067
0 0.38134765625 0.46994134897360706 0.0322265625 0.05718475073313783
0 0.3701171875 0.532991202346041 0.0283203125 0.054252199413489736
0 0.39794921875 0.5432551319648093 0.0283203125 0.05571847507331378
0 0.41748046875 0.43621700879765396 0.0654296875 0.06304985337243402
0 0.41357421875 0.49486803519061584 0.0595703125 0.045454545454545456
0 0.419921875 0.532991202346041 0.0361328125 0.045454545454545456
0 0.494140625 0.8973607038123167 0.052734375 0.08064516129032258
0 0.66943359375 0.6378299120234604 0.0693359375 0.11730205278592376
0 0.8564453125 0.027126099706744868 0.0693359375 0.036656891495601175
0 0.3210052333984375 0.6241392639296188 0.2075993642578125 0.7435438563049853 0.2203720615234375 0.7948154457478005 0.3370203818359375 0.6682151656891495 0.3210052333984375 0.6241392639296188
0 0.05322265625 0.2844574780058651 0.1025390625 0.07038123167155426
0 0.59326171875 0.41055718475073316 0.0615234375 0.10117302052785923
0 0.66455078125 0.4714076246334311 0.076171875 0.13636363636363635
0 0.4033203125 0.9486803519061584 0.107421875 0.09970674486803519
0 0.3955078125 0.1744868035190616 0.0341796875 0.05571847507331378
0 0.4072265625 0.11143695014662756 0.0458984375 0.060117302052785926
0 0.0224609375 0.42961876832844575 0.0439453125 0.10997067448680352