0 0.28662109375 0.7734604105571847 0.044921875 0.07331378299120235
0 0.20166015625 0.9024926686217009 0.0390625 0.04105571847507331
0 0.45263671875 0.7587976539589443 0.052734375 0.0967741935483871
0 0.404296875 0.8541055718475073 0.048828125 0.09237536656891496
0 0.1806640625 0.4626099706744868 0.025390625 0.0469208211143695
0 0.2060546875 0.44281524926686217 0.0322265625 0.045454545454545456
0 0.21728515625 0.3724340175953079 0.0390625 0.06158357771260997
0 0.1806640625 0.4032258064516129 0.02734375 0.07771260997067449
0 0.18701171875 0.6114369501466276 0.0390625 0.07624633431085044
0 0.3037109375 0.6796187683284457 0.0576171875 0.09824046920821114
0 0.24951171875 0.30718475073313783 0.05078125 0.06598240469208211
0 0.36279296875 0.9743401759530792 0.0537109375 0.051319648093841645
0 0.34326171875 0.9237536656891495 0.05859375 0.07331378299120235
0 0.197265625 0.7309384164222874 0.060546875 0.06744868035190615
0 0.193359375 0.039589442815249266 0.052734375 0.07917888563049853
0 0.19482421875 0.20747800586510265 0.044921875 0.0747800586510264
0 0.1787109375 0.28885630498533726 0.0234375 0.07624633431085044
0 0.19580078125 0.34017595307917886 0.0322265625 0.04838709677419355
0 0.32080078125 0.8335777126099707 0.0712890625 0.09237536656891496
0 0.21728515625 0.7976539589442815 0.046875 0.051319648093841645
0 0.31005859375 0.047653958944281524 0.0556640625 0.06451612903225806
0 0.26025390625 0.46920821114369504 0.0625 0.07331378299120235