0 0.9775390625 0.3291788856304985 0.044921875 0.1158357771260997
0 0.0185546875 0.20674486803519063 0.03662109375 0.10483870967741936
0 0.04931640625 0.14809384164222875 0.0849609375 0.11070381231671554
0 0.42138671875 0.10043988269794721 0.03125 0.07917888563049853
0 0.46484375 0.10190615835777127 0.056640625 0.0718475073313783
0 0.2080078125 0.17155425219941348 0.02880859375 0.047653958944281524
0 0.0693359375 0.2895894428152493 0.0634765625 0.03519061583577713
0 0.18359375 0.056451612903225805 0.05859375 0.06671554252199413
0 0.11962890625 0.04398826979472141 0.03125 0.04252199413489736
0 0.14404296875 0.018328445747800588 0.02783203125 0.03592375366568915
0 0.1611328125 0.09970674486803519 0.05810546875 0.05865102639296188
0 0.27294921875 0.14076246334310852 0.046875 0.050586510263929615
0 0.3388671875 0.1693548387096774 0.0439453125 0.07404692082111437
0 0.33251953125 0.11363636363636363 0.02978515625 0.036656891495601175
0 0.3759765625 0.15689149560117302 0.0322265625 0.05718475073313783
0 0.240234375 0.1598240469208211 0.0380859375 0.05571847507331378
0 0.1162109375 0.2434017595307918 0.03515625 0.060117302052785926
0 0.0107421875 0.40175953079178883 0.021484375 0.04325513196480939
0 0.03271484375 0.3313782991202346 0.0390625 0.04912023460410557