0 0.9423828125 0.08797653958944282 0.05126953125 0.06304985337243402
0 0.9794921875 0.1840175953079179 0.041015625 0.07331378299120235
0 0.95556640625 0.3621700879765396 0.068359375 0.08797653958944282
0 0.896484375 0.4934017595307918 0.05419921875 0.08577712609970674
0 0.85400390625 0.5784457478005866 0.07177734375 0.0813782991202346
0 0.97119140625 0.4662756598240469 0.05712890625 0.07917888563049853
0 0.90625 0.9420821114369502 0.0810546875 0.10777126099706745
0 0.7978515625 0.9728739002932552 0.0556640625 0.04472140762463343
0 0.81494140625 0.9398826979472141 0.03125 0.054252199413489736
0 0.77587890625 0.9406158357771262 0.0390625 0.05718475073313783
0 0.84375 0.8717008797653959 0.03466796875 0.06085043988269795
0 0.931640625 0.7697947214076246 0.05322265625 0.08064516129032258
0 0.82763671875 0.7778592375366569 0.04931640625 0.07404692082111437