0 0.8759765625 0.8189149560117303 0.2421875 0.3621700879765396
0 0.65966796875 0.8101173020527859 0.177734375 0.35043988269794724
0 0.75244140625 0.5989736070381232 0.1865234375 0.3973607038123167
0 0.82568359375 0.4435483870967742 0.244140625 0.436950146627566
0 0.57080078125 0.499266862170088 0.1865234375 0.2668621700879765
0 0.46337890625 0.7939882697947214 0.1640625 0.3812316715542522
0 0.36865234375 0.5373900293255132 0.177734375 0.30058651026392963
0 0.328125 0.26832844574780057 0.142578125 0.25513196480938416
0 0.1328125 0.2404692082111437 0.265625 0.4809384164222874
0 0.08154296875 0.3914956011730205 0.1630859375 0.25513196480938416
0 0.251953125 0.04912023460410557 0.103515625 0.09824046920821114
0 0.53466796875 0.1906158357771261 0.4267578125 0.3812316715542522
0 0.1884765625 0.8152492668621701 0.376953125 0.36363636363636365
0 0.1357421875 0.5623167155425219 0.271484375 0.15395894428152493
0 0.2802734375 0.7705278592375366 0.1884765625 0.2859237536656892
0 0.0849609375 0.7749266862170088 0.169921875 0.29472140762463345