0 0.04638671875 0.6378299120234604 0.091796875 0.20821114369501467
0 0.96728515625 0.9208211143695014 0.0654296875 0.1348973607038123
0 0.53759765625 0.3416422287390029 0.07421875 0.08064516129032258
0 0.03369140625 0.11217008797653959 0.0673828125 0.1774193548387097
0 0.27197265625 0.1348973607038123 0.109375 0.1436950146627566
0 0.3037109375 0.051319648093841645 0.0869140625 0.09530791788856305
0 0.1806640625 0.1906158357771261 0.1953125 0.18035190615835778
0 0.2001953125 0.05278592375366569 0.0888671875 0.09237536656891496
0 0.10400390625 0.0593841642228739 0.1044921875 0.09970674486803519
0 0.25537109375 0.3548387096774194 0.111328125 0.16422287390029325
0 0.73828125 0.07111436950146628 0.087890625 0.14222873900293256
0 0.80078125 0.1063049853372434 0.095703125 0.1348973607038123
0 0.49658203125 0.06158357771260997 0.0849609375 0.12316715542521994
0 0.38720703125 0.25733137829912023 0.1728515625 0.24780058651026393
0 0.380859375 0.09897360703812316 0.111328125 0.13929618768328444
0 0.09521484375 0.3658357771260997 0.1904296875 0.34457478005865105
0 0.1748046875 0.5183284457478006 0.1474609375 0.13343108504398826
0 0.06494140625 0.4662756598240469 0.1298828125 0.18181818181818182