0 0.1640625 0.7734604105571847 0.158203125 0.2565982404692082
0 0.31689453125 0.8079178885630498 0.1025390625 0.2536656891495601
0 0.37744140625 0.7302052785923754 0.10595703125 0.30131964809384165
0 0.5634765625 0.7903225806451613 0.2294921875 0.3717008797653959
0 0.85205078125 0.7052785923753666 0.29541015625 0.5109970674486803
0 0.78466796875 0.7683284457478006 0.17626953125 0.2866568914956012
0 0.07763671875 0.8174486803519062 0.13330078125 0.2837243401759531
0 0.13232421875 0.23240469208211142 0.1298828125 0.23460410557184752
0 0.06982421875 0.2932551319648094 0.1396484375 0.4252199413489736
0 0.3857421875 0.2316715542521994 0.1845703125 0.4032258064516129
0 0.318359375 0.03152492668621701 0.0029296875 0.005131964809384164
0 0.55322265625 0.1906158357771261 0.10888671875 0.3812316715542522
0 0.8310546875 0.16202346041055718 0.16357421875 0.32331378299120234
0 0.70849609375 0.08504398826979472 0.13623046875 0.17008797653958943
0 0.96142578125 0.07551319648093842 0.0771484375 0.14809384164222875
0 0.07470703125 0.04838709677419355 0.142578125 0.07258064516129033