0 0.27978515625 0.7448680351906158 0.1689453125 0.2221407624633431
0 0.1298828125 0.05791788856304985 0.14697265625 0.1158357771260997
0 0.0478515625 0.26173020527859236 0.095703125 0.25733137829912023
0 0.02685546875 0.07991202346041056 0.0537109375 0.1598240469208211
0 0.05078125 0.5029325513196481 0.10107421875 0.250733137829912
0 0.0732421875 0.7734604105571847 0.146484375 0.27419354838709675
0 0.0673828125 0.9266862170087976 0.13427734375 0.1466275659824047
0 0.94970703125 0.3262463343108504 0.10009765625 0.22360703812316715
0 0.96044921875 0.1590909090909091 0.0791015625 0.14222873900293256
0 0.96435546875 0.04325513196480939 0.0712890625 0.08651026392961877
0 0.939453125 0.5117302052785924 0.12109375 0.1466275659824047
0 0.93505859375 0.7932551319648093 0.12939453125 0.21407624633431085
0 0.96240234375 0.6370967741935484 0.07470703125 0.10997067448680352
0 0.89453125 0.656158357771261 0.09228515625 0.1378299120234604
0 0.931640625 0.9413489736070382 0.13671875 0.11730205278592376