0 0.07568359375 0.8203812316715543 0.1513671875 0.18621700879765396
0 0.21826171875 0.8804985337243402 0.166015625 0.23900293255131966
0 0.26953125 0.1693548387096774 0.18359375 0.2785923753665689
0 0.037109375 0.625366568914956 0.07421875 0.3225806451612903
0 0.37158203125 0.4156891495601173 0.19921875 0.2653958944281525
0 0.04638671875 0.36070381231671556 0.0927734375 0.22287390029325513
0 0.05224609375 0.9589442815249267 0.1044921875 0.08211143695014662
0 0.06640625 0.1348973607038123 0.1328125 0.2697947214076246
0 0.38447104296875 0.8172900410557185 0.397842400390625 0.6325475161290323 0.30023097265625 0.5180875483870968 0.2039566064453125 0.321296788856305 0.1584936708984375 0.3293290366568915 0.0836136484375 0.6265233064516129 0.3162767001953125 0.873515866568915 0.38447104296875 0.8172900410557185
0 0.41259765625 0.7602639296187683 0.1640625 0.34017595307917886
0 0.537109375 0.218475073313783 0.1416015625 0.22140762463343108
0 0.68896484375 0.10117302052785923 0.29296875 0.20234604105571846
0 0.890625 0.10850439882697947 0.150390625 0.21700879765395895
0 0.8193359375 0.23240469208211142 0.10546875 0.16715542521994134
0 0.58740234375 0.5630498533724341 0.21875 0.3196480938416422
0 0.83203125 0.41055718475073316 0.1171875 0.17008797653958943
0 0.93017578125 0.24193548387096775 0.1396484375 0.22580645161290322
0 0.92724609375 0.01466275659824047 0.1455078125 0.02932551319648094
0 0.68701171875 0.3548387096774194 0.1796875 0.25219941348973607
0 0.2998046875 0.051319648093841645 0.205078125 0.10263929618768329
0 0.478515625 0.041788856304985335 0.107421875 0.08357771260997067