0 0.74462890625 0.4596774193548387 0.1796875 0.18328445747800587
0 0.65625 0.3247800586510264 0.1904296875 0.22727272727272727
0 0.5146484375 0.48240469208211145 0.310546875 0.3563049853372434
0 0.2548828125 0.24193548387096775 0.173828125 0.35777126099706746
0 0.2109375 0.5513196480938416 0.0927734375 0.39296187683284456
0 0.27294921875 0.5212609970674487 0.1142578125 0.2903225806451613
0 0.2939453125 0.9259530791788856 0.17578125 0.14222873900293256
0 0.6513671875 0.9200879765395894 0.115234375 0.1598240469208211
0 0.76220703125 0.9706744868035191 0.1201171875 0.05865102639296188
0 0.74560546875 0.7573313782991202 0.1728515625 0.37976539589442815
0 0.4501953125 0.9149560117302052 0.13671875 0.1495601173020528