0 0.3681640625 0.3548387096774194 0.18115234375 0.312316715542522
0 0.33837890625 0.6019061583577713 0.00439453125 0.005131964809384164
0 0.14404296875 0.43621700879765396 0.158203125 0.2602639296187683
0 0.06640625 0.4501466275659824 0.13232421875 0.40689149560117305
0 0.072265625 0.11217008797653959 0.14453125 0.1942815249266862
0 0.140625 0.8907624633431085 0.28125 0.218475073313783
0 0.20751953125 0.6913489736070382 0.01806640625 0.039589442815249266
0 0.36865234375 0.8848973607038123 0.216796875 0.22947214076246333
0 0.556640625 0.8482404692082112 0.251953125 0.3035190615835777
0 0.853515625 0.7727272727272727 0.29296875 0.45454545454545453
0 0.90087890625 0.25219941348973607 0.1826171875 0.3592375366568915
0 0.51806640625 0.2536656891495601 0.24658203125 0.4083577712609971
0 0.7353515625 0.21920821114369501 0.20654296875 0.43841642228739003
0 0.23779296875 0.17302052785923755 0.13818359375 0.17008797653958943