0 0.60205078125 0.23387096774193547 0.166015625 0.24486803519061584
0 0.671875 0.2595307917888563 0.1328125 0.2287390029325513
0 0.7744140625 0.2558651026392962 0.1171875 0.26099706744868034
0 0.38525390625 0.34237536656891493 0.208984375 0.2697947214076246
0 0.365234375 0.1217008797653959 0.1015625 0.15542521994134897
0 0.46142578125 0.1774193548387097 0.109375 0.19501466275659823
0 0.1962890625 0.1810850439882698 0.05859375 0.20087976539589442
0 0.248046875 0.17302052785923755 0.10546875 0.23020527859237536
0 0.22216796875 0.3680351906158358 0.1103515625 0.25806451612903225
0 0.5380859375 0.06158357771260997 0.10546875 0.12316715542521994
0 0.197265625 0.02932551319648094 0.060546875 0.05865102639296188
0 0.74267578125 0.038856304985337244 0.1806640625 0.07771260997067449