0 0.115234375 0.8247800586510264 0.185546875 0.23313782991202345
0 0.23193359375 0.8673020527859238 0.1865234375 0.2624633431085044
0 0.095703125 0.5909090909090909 0.19140625 0.2756598240469208
0 0.48828125 0.7448680351906158 0.1904296875 0.2727272727272727
0 0.83349609375 0.843108504398827 0.1669921875 0.31378299120234604
0 0.96142578125 0.657624633431085 0.0771484375 0.21407624633431085
0 0.96240234375 0.8841642228739003 0.07421875 0.20234604105571846
0 0.45361328125 0.6854838709677419 0.091796875 0.12609970674486803
0 0.58642578125 0.6458944281524927 0.09375 0.17008797653958943
0 0.4775390625 0.5146627565982405 0.103515625 0.21994134897360704
0 0.4169921875 0.5117302052785924 0.0859375 0.20821114369501467
0 0.23828125 0.43255131964809385 0.111328125 0.17595307917888564
0 0.0634765625 0.35043988269794724 0.109375 0.17595307917888564
0 0.2158203125 0.14149560117302054 0.1357421875 0.18475073313782991
0 0.11572265625 0.16202346041055718 0.09765625 0.16862170087976538
0 0.02685546875 0.1693548387096774 0.0537109375 0.1217008797653959
0 0.03955078125 0.05865102639296188 0.0751953125 0.10557184750733138
0 0.4482421875 0.18914956011730205 0.1025390625 0.18181818181818182
0 0.330078125 0.28812316715542524 0.09375 0.12023460410557185
0 0.64599609375 0.11510263929618768 0.083984375 0.15542521994134897
0 0.54345703125 0.051319648093841645 0.078125 0.10263929618768329
0 0.54052734375 0.17668621700879766 0.0703125 0.10997067448680352
0 0.7158203125 0.3629032258064516 0.302734375 0.3035190615835777
0 0.84033203125 0.05205278592375367 0.107421875 0.10263929618768329
0 0.94482421875 0.24486803519061584 0.1103515625 0.20527859237536658