0 0.54541015625 0.04325513196480939 0.2509765625 0.08651026392961877
0 0.28759765625 0.06378299120234604 0.2119140625 0.12756598240469208
0 0.60205078125 0.23020527859237536 0.169921875 0.2785923753665689
0 0.29541015625 0.3980938416422287 0.220703125 0.2859237536656892
0 0.26708984375 0.2001466275659824 0.2001953125 0.2785923753665689
0 0.69970703125 0.12756598240469208 0.2294921875 0.25513196480938416
0 0.62939453125 0.532991202346041 0.201171875 0.2785923753665689
0 0.78466796875 0.6620234604105572 0.095703125 0.35777126099706746
0 0.509765625 0.9098240469208211 0.212890625 0.18035190615835778
0 0.4384765625 0.655425219941349 0.21875 0.2375366568914956
0 0.28173828125 0.8372434017595308 0.2275390625 0.3255131964809384
0 0.66943359375 0.7851906158357771 0.20703125 0.30791788856304986
0 0.7041015625 0.967741935483871 0.2578125 0.06451612903225806