0 0.30615234375 0.9105571847507331 0.1689453125 0.17888563049853373
0 0.84912109375 0.9266862170087976 0.1669921875 0.13343108504398826
0 0.95947265625 0.8658357771260997 0.0810546875 0.24486803519061584
0 0.9736328125 0.6041055718475073 0.052734375 0.30498533724340177
0 0.8828125 0.34750733137829914 0.232421875 0.18181818181818182
0 0.93505859375 0.14516129032258066 0.1259765625 0.2903225806451613
0 0.6630859375 0.31085043988269795 0.21484375 0.3255131964809384
0 0.8212890625 0.18475073313782991 0.1357421875 0.24780058651026393
0 0.123046875 0.7947214076246334 0.2431640625 0.3548387096774194
0 0.33251953125 0.5711143695014663 0.193359375 0.26099706744868034
0 0.41357421875 0.6876832844574781 0.1884765625 0.2624633431085044
0 0.611328125 0.8064516129032258 0.2021484375 0.38563049853372433
0 0.4619140625 0.9208211143695014 0.078125 0.15835777126099707
0 0.6513671875 0.5447214076246334 0.3212890625 0.20527859237536658
0 0.81689453125 0.7404692082111437 0.1015625 0.18328445747800587
0 0.89306640625 0.5865102639296188 0.1064453125 0.24633431085043989