0 0.49169921875 0.22360703812316715 0.29296875 0.43255131964809385
0 0.5263671875 0.47580645161290325 0.21484375 0.28152492668621704
0 0.537109375 0.8240469208211144 0.2568359375 0.3519061583577713
0 0.34326171875 0.7023460410557185 0.119140625 0.19941348973607037
0 0.34521484375 0.8804985337243402 0.1015625 0.17008797653958943
0 0.4404296875 0.9853372434017595 0.12890625 0.02932551319648094
0 0.6201171875 0.9369501466275659 0.21875 0.12609970674486803
0 0.166015625 0.34017595307917886 0.3134765625 0.40175953079178883
0 0.18701171875 0.09310850439882698 0.2353515625 0.18621700879765396
0 0.126953125 0.7353372434017595 0.25390625 0.3181818181818182
0 0.31787109375 0.9824046920821115 0.1279296875 0.03519061583577713
0 0.17236328125 0.9545454545454546 0.1982421875 0.09090909090909091
0 0.052734375 0.9516129032258065 0.103515625 0.0967741935483871
0 0.0234375 0.18475073313782991 0.046875 0.36950146627565983
0 0.0224609375 0.46994134897360706 0.044921875 0.1906158357771261