0 0.365234375 0.7624633431085044 0.212890625 0.29472140762463345
0 0.29248046875 0.49266862170087977 0.25 0.1935483870967742
0 0.56103515625 0.8079178885630498 0.140625 0.26099706744868034
0 0.744140625 0.8284457478005866 0.177734375 0.34310850439882695
0 0.6904296875 0.6165689149560117 0.173828125 0.40762463343108507
0 0.6259765625 0.19208211143695014 0.126953125 0.20234604105571846
0 0.3037109375 0.9428152492668622 0.201171875 0.11436950146627566
0 0.19384765625 0.9508797653958945 0.0537109375 0.09824046920821114
0 0.21923828125 0.7338709677419355 0.1044921875 0.24780058651026393
0 0.2841796875 0.06818181818181818 0.150390625 0.13636363636363635
0 0.2236328125 0.28005865102639294 0.11328125 0.2404692082111437
0 0.35791015625 0.26392961876832843 0.146484375 0.2903225806451613
0 0.494140625 0.05571847507331378 0.1953125 0.11143695014662756
0 0.53076171875 0.3086510263929619 0.193359375 0.3548387096774194
0 0.716796875 0.35410557184750735 0.177734375 0.3225806451612903
0 0.587890625 0.03519061583577713 0.1796875 0.07038123167155426