0 0.82763671875 0.9655425219941349 0.0224609375 0.051319648093841645
0 0.83349609375 0.8328445747800587 0.0068359375 0.08064516129032258
0 0.35791015625 0.038856304985337244 0.0830078125 0.0718475073313783
0 0.48291015625 0.22360703812316715 0.087890625 0.14809384164222875
0 0.56884765625 0.32111436950146627 0.0869140625 0.07331378299120235
0 0.6005859375 0.39589442815249265 0.0908203125 0.10263929618768329
0 0.43408203125 0.43621700879765396 0.0732421875 0.09237536656891496
0 0.37744140625 0.19281524926686217 0.0966796875 0.11730205278592376
0 0.36669921875 0.3064516129032258 0.0849609375 0.09824046920821114
0 0.20556640625 0.16862170087976538 0.0859375 0.20967741935483872
0 0.17333984375 0.06085043988269795 0.0244140625 0.10410557184750734
0 0.21240234375 0.5997067448680352 0.0908203125 0.2859237536656892
0 0.1875 0.39296187683284456 0.0458984375 0.15249266862170088
0 0.29052734375 0.21774193548387097 0.0908203125 0.2624633431085044
0 0.2880859375 0.5102639296187683 0.08984375 0.16129032258064516
0 0.484375 0.0967741935483871 0.1103515625 0.1774193548387097
0 0.59765625 0.016129032258064516 0.0703125 0.03225806451612903
0 0.7646484375 0.5491202346041055 0.1416015625 0.3020527859237537
0 0.57861328125 0.18621700879765396 0.09375 0.16715542521994134
0 0.69091796875 0.04398826979472141 0.1162109375 0.08797653958944282
0 0.712890625 0.11510263929618768 0.15234375 0.23020527859237536