0 0.6220703125 0.6275659824046921 0.248046875 0.4252199413489736
0 0.65625 0.9237536656891495 0.111328125 0.15249266862170088
0 0.79248046875 0.0469208211143695 0.0810546875 0.093841642228739
0 0.82421875 0.03225806451612903 0.017578125 0.06451612903225806
0 0.74560546875 0.19574780058651026 0.154296875 0.3548387096774194
0 0.82177734375 0.21041055718475074 0.0224609375 0.22727272727272727
0 0.78515625 0.4963343108504399 0.095703125 0.16422287390029325
0 0.646484375 0.18988269794721407 0.1640625 0.0967741935483871
0 0.638671875 0.28812316715542524 0.15625 0.08504398826979472
0 0.783203125 0.7302052785923754 0.099609375 0.2404692082111437
0 0.77783203125 0.9281524926686217 0.1103515625 0.1436950146627566