0 0.56494140625 0.4032258064516129 0.1669921875 0.2624633431085044
0 0.48291015625 0.1282991202346041 0.0986328125 0.17008797653958943
0 0.38134765625 0.09164222873900293 0.0986328125 0.18035190615835778
0 0.29052734375 0.12390029325513197 0.1103515625 0.2404692082111437
0 0.09033203125 0.5388563049853372 0.1396484375 0.2785923753665689
0 0.044921875 0.31671554252199413 0.08984375 0.20234604105571846
0 0.0498046875 0.13563049853372433 0.099609375 0.22140762463343108
0 0.1748046875 0.24926686217008798 0.138671875 0.34750733137829914
0 0.06982421875 0.7888563049853372 0.1357421875 0.218475073313783
0 0.08984375 0.9332844574780058 0.16015625 0.13343108504398826
0 0.2275390625 0.9611436950146628 0.10546875 0.07771260997067449
0 0.263671875 0.6517595307917888 0.1484375 0.26392961876832843
0 0.37890625 0.46187683284457476 0.1484375 0.2434017595307918
0 0.57275390625 0.8804985337243402 0.1796875 0.23900293255131966
0 0.6240234375 0.6612903225806451 0.193359375 0.20087976539589442
0 0.36767578125 0.9237536656891495 0.1298828125 0.15249266862170088
0 0.970703125 0.036656891495601175 0.048828125 0.07331378299120235
0 0.40966796875 0.6957478005865103 0.0830078125 0.1158357771260997