0 0.3515625 0.5190615835777126 0.130859375 0.20674486803519063
0 0.10009765625 0.4039589442815249 0.2001953125 0.37976539589442815
0 0.10693359375 0.6414956011730205 0.16015625 0.2126099706744868
0 0.4140625 0.7734604105571847 0.2216796875 0.3782991202346041
0 0.498046875 0.873900293255132 0.1259765625 0.25219941348973607
0 0.66943359375 0.9046920821114369 0.1689453125 0.18621700879765396
0 0.37450983203125 0.3901361099706745 0.3214336552734375 0.26740013636363635 0.1879978974609375 0.34071865249266864 0.085497193359375 0.4093475102639296 0.0814156142578125 0.5025496906158358 0.1260030439453125 0.5615050953079179 0.209569431640625 0.5302227184750733 0.29900404296875 0.4483599442815249 0.37450983203125 0.3901361099706745
0 0.111328125 0.8724340175953079 0.216796875 0.25513196480938416
0 0.31396484375 0.6326979472140762 0.1767578125 0.21700879765395895
0 0.14697265625 0.09457478005865103 0.2490234375 0.17595307917888564
0 0.92431640625 0.6928152492668622 0.14453125 0.18035190615835778
0 0.81982421875 0.4596774193548387 0.240234375 0.32697947214076245
0 0.736328125 0.06671554252199413 0.1484375 0.13343108504398826
0 0.71484375 0.31451612903225806 0.130859375 0.19648093841642228
0 0.78466796875 0.7800586510263929 0.1640625 0.33284457478005863
0 0.61376953125 0.7302052785923754 0.1923828125 0.27712609970674484
0 0.65185546875 0.5784457478005866 0.1630859375 0.21994134897360704
0 0.46533203125 0.03519061583577713 0.1845703125 0.07038123167155426
0 0.62060546875 0.11143695014662756 0.2060546875 0.22287390029325513
0 0.36669921875 0.13049853372434017 0.173828125 0.25806451612903225
0 0.51220703125 0.4472140762463343 0.2431640625 0.22287390029325513
0 0.5498046875 0.23313782991202345 0.1943359375 0.24633431085043989
0 0.4111328125 0.27419354838709675 0.1611328125 0.22434017595307917
0 0.93212890625 0.8826979472140762 0.1357421875 0.21407624633431085