0 0.06396484375 0.23387096774193547 0.1279296875 0.46774193548387094
0 0.19677734375 0.08064516129032258 0.1376953125 0.16129032258064516
0 0.37548828125 0.2155425219941349 0.208984375 0.4310850439882698
0 0.54833984375 0.24413489736070382 0.1337890625 0.44281524926686217
0 0.69873046875 0.3497067448680352 0.2724609375 0.45894428152492667
0 0.56787109375 0.5989736070381232 0.21484375 0.21407624633431085
0 0.68896484375 0.08284457478005865 0.181640625 0.1598240469208211
0 0.875 0.14149560117302054 0.25 0.27126099706744866
0 0.92919921875 0.4120234604105572 0.1416015625 0.2404692082111437
0 0.796875 0.5755131964809385 0.2392578125 0.36070381231671556
0 0.794921875 0.8365102639296188 0.40625 0.32697947214076245
0 0.1455078125 0.4596774193548387 0.2626953125 0.40615835777126097
0 0.03857421875 0.7668621700879765 0.0771484375 0.4398826979472141