0 0.70166015625 0.9472140762463344 0.1298828125 0.09824046920821114
0 0.802734375 0.7558651026392962 0.16796875 0.26099706744868034
0 0.62353515625 0.5879765395894428 0.177734375 0.3181818181818182
0 0.8974609375 0.06378299120234604 0.197265625 0.12756598240469208
0 0.78662109375 0.05205278592375367 0.1591796875 0.10410557184750734
0 0.95361328125 0.21407624633431085 0.0888671875 0.2287390029325513
0 0.82568359375 0.4090909090909091 0.3251953125 0.4750733137829912
0 0.83251953125 0.5131964809384164 0.3046875 0.2727272727272727
0 0.82373046875 0.2793255131964809 0.3505859375 0.23607038123167157
0 0.701171875 0.17008797653958943 0.1689453125 0.18328445747800587
0 0.03173828125 0.5146627565982405 0.0634765625 0.19648093841642228
0 0.0283203125 0.21407624633431085 0.056640625 0.3782991202346041
0 0.06689453125 0.8137829912023461 0.1318359375 0.3724340175953079
0 0.94482421875 0.8115835777126099 0.1103515625 0.3563049853372434
0 0.97265625 0.4406158357771261 0.0546875 0.29472140762463345