0 0.455078125 0.3680351906158358 0.193359375 0.22434017595307917
0 0.9139651455078125 1 0.9494171611328125 0.9527263944281525 0.805670166015625 0.7959430454545455 0.7334780908203125 0.8956185982404692 0.879836859375 1 0.9139651455078125 1
0 0.83642578125 0.7565982404692082 0.1201171875 0.15689149560117302
0 0.73828125 0.8218475073313783 0.09375 0.1187683284457478
0 0.33251953125 0.9296187683284457 0.16015625 0.13636363636363635
0 0.0810546875 0.9230205278592375 0.162109375 0.13636363636363635
0 0.09228515625 0.3790322580645161 0.1845703125 0.3064516129032258
0 0.93359375 0.6664222873900293 0.1298828125 0.10263929618768329
0 0.9365234375 0.5725806451612904 0.1259765625 0.12903225806451613
0 0.7705078125 0.5623167155425219 0.1142578125 0.12903225806451613
0 0.962890625 0.9398826979472141 0.06640625 0.12023460410557185
0 0.939453125 0.8379765395894428 0.115234375 0.15689149560117302
0 0.61279296875 0.9120234604105572 0.2451171875 0.17595307917888564
0 0.5576171875 0.8130498533724341 0.119140625 0.16129032258064516
0 0.23046875 0.4809384164222874 0.2431640625 0.27712609970674484
0 0.43798828125 0.6473607038123167 0.21484375 0.26392961876832843
0 0.26171875 0.7206744868035191 0.205078125 0.22727272727272727
0 0.08935546875 0.717741935483871 0.1787109375 0.2829912023460411
0 0.6611328125 0.5285923753665689 0.1484375 0.2126099706744868
0 0.32421875 0.2602639296187683 0.197265625 0.21700879765395895
0 0.6396484375 0.7441348973607038 0.087890625 0.1495601173020528