0 0.75390625 0.437683284457478 0.1630859375 0.2595307917888563
0 0.2041015625 0.4934017595307918 0.078125 0.3196480938416422
0 0.74658203125 0.717008797653959 0.1708984375 0.2316715542521994
0 0.41552734375 0.7536656891495601 0.154296875 0.3181818181818182
0 0.287109375 0.658357771260997 0.1162109375 0.2287390029325513
0 0.2529296875 0.8636363636363636 0.18359375 0.26392961876832843
0 0.40625 0.9105571847507331 0.126953125 0.1774193548387097
0 0.810546875 0.9142228739002932 0.037109375 0.17155425219941348
0 0.6787109375 0.8563049853372434 0.14453125 0.20234604105571846
0 0.5869140625 0.8093841642228738 0.099609375 0.3152492668621701
0 0.501953125 0.8321114369501467 0.0693359375 0.08064516129032258