0 0.4560546875 0.5241935483870968 0.2001953125 0.2316715542521994
0 0.19580078125 0.22434017595307917 0.0576171875 0.21407624633431085
0 0.5068359375 0.780791788856305 0.1044921875 0.13196480938416422
0 0.7373046875 0.6165689149560117 0.13671875 0.18328445747800587
0 0.64453125 0.8372434017595308 0.2119140625 0.24780058651026393
0 0.66015625 0.0747800586510264 0.197265625 0.1495601173020528
0 0.2275390625 0.04618768328445748 0.09765625 0.09237536656891496
0 0.228515625 0.37683284457478006 0.119140625 0.17888563049853373
0 0.3583984375 0.21627565982404692 0.126953125 0.2536656891495601
0 0.509765625 0.2624633431085044 0.171875 0.22287390029325513
0 0.42431640625 0.06671554252199413 0.1513671875 0.13343108504398826
0 0.73876953125 0.29838709677419356 0.1884765625 0.29472140762463345
0 0.58837890625 0.5821114369501467 0.087890625 0.2287390029325513
0 0.49609375 0.9787390029325513 0.146484375 0.04252199413489736
0 0.639995578125 1 0.596257580078125 0.9380474999999999 0.5586926396484375 1 0.639995578125 1
0 0.78173828125 0.8900293255131965 0.1025390625 0.21994134897360704
0 0.3701171875 0.7280058651026393 0.130859375 0.2756598240469208
0 0.29931640625 0.4508797653958944 0.080078125 0.1466275659824047
0 0.20849609375 0.5901759530791789 0.08203125 0.27126099706744866
0 0.1943359375 0.8277126099706745 0.0546875 0.24193548387096775
0 0.28369140625 0.8247800586510264 0.134765625 0.3255131964809384