0 0.69775390625 0.6730205278592375 0.169921875 0.2595307917888563
0 0.6796875 0.782991202346041 0.16015625 0.20821114369501467
0 0.6826171875 0.9259530791788856 0.181640625 0.14809384164222875
0 0.6220703125 0.33357771260997066 0.1884765625 0.32697947214076245
0 0.77587890625 0.3020527859237537 0.109375 0.15835777126099707
0 0.73681640625 0.45234604105571846 0.1357421875 0.17155425219941348
0 0.73486328125 0.04105571847507331 0.1396484375 0.08211143695014662
0 0.740234375 0.11803519061583578 0.16015625 0.1656891495601173
0 0.60400390625 0.08211143695014662 0.1796875 0.16422287390029325
0 0.841796875 0.5733137829912024 0.1337890625 0.16422287390029325
0 0.9755859375 0.4875366568914956 0.048828125 0.23607038123167157
0 0.955078125 0.18328445747800587 0.08984375 0.2859237536656892
0 0.91015625 0.04252199413489736 0.1796875 0.08504398826979472
0 0.9736328125 0.8086510263929618 0.052734375 0.38269794721407624
0 0.90234375 0.876099706744868 0.19140625 0.24780058651026393