0 0.20947265625 0.08284457478005865 0.0849609375 0.1656891495601173
0 0.556640625 0.09017595307917889 0.205078125 0.18035190615835778
0 0.5625 0.8555718475073314 0.185546875 0.28885630498533726
0 0.7509765625 0.10777126099706745 0.1640625 0.2155425219941349
0 0.6982421875 0.9765395894428153 0.115234375 0.0469208211143695
0 0.63411612890625 0.4832972595307918 0.801015953125 0.37873723167155426 0.769475828125 0.30968814516129034 0.628349384765625 0.42088525219941353 0.63411612890625 0.4832972595307918
0 0.66748046875 0.5835777126099707 0.115234375 0.09530791788856305
0 0.705078125 0.6722873900293255 0.150390625 0.10557184750733138
0 0.72802734375 0.8885630498533724 0.10546875 0.1656891495601173
0 0.76318359375 0.7631964809384164 0.0908203125 0.1495601173020528
0 0.76220703125 0.5153958944281525 0.1025390625 0.10997067448680352