0 0.4326171875 0.34310850439882695 0.11328125 0.16422287390029325
0 0.5166015625 0.781524926686217 0.166015625 0.19941348973607037
0 0.5185546875 0.9354838709677419 0.171875 0.12903225806451613
0 0.5703125 0.38269794721407624 0.16796875 0.3255131964809384
0 0.4306640625 0.4574780058651026 0.0849609375 0.16422287390029325
0 0.34814453125 0.592375366568915 0.1005859375 0.18475073313782991
0 0.224609375 0.1217008797653959 0.115234375 0.15835777126099707
0 0.19921875 0.5513196480938416 0.064453125 0.20527859237536658
0 0.181640625 0.875366568914956 0.029296875 0.17595307917888564
0 0.51171875 0.07991202346041056 0.361328125 0.1598240469208211
0 0.44140625 0.6942815249266863 0.099609375 0.19208211143695014
0 0.5849609375 0.6370967741935484 0.0439453125 0.11143695014662756
0 0.54248046875 0.6414956011730205 0.12109375 0.17302052785923755
0 0.2373046875 0.27419354838709675 0.140625 0.21994134897360704
0 0.2359441806640625 0 0.2418742958984375 0.09647805865102639 0.448215341796875 0.03371817302052786 0.448215341796875 0 0.2359441806640625 0