0 0.58642578125 0.5901759530791789 0.1083984375 0.16715542521994134
0 0.3046875 0.4596774193548387 0.1318359375 0.24486803519061584
0 0.158203125 0.45234604105571846 0.1787109375 0.2565982404692082
0 0.5634765625 0.3885630498533724 0.2138671875 0.25219941348973607
0 0.5126953125 0.5909090909090909 0.1083984375 0.12756598240469208
0 0.423828125 0.7089442815249267 0.12109375 0.1495601173020528
0 0.7265625 0.8995601173020528 0.103515625 0.17595307917888564
0 0.44775390625 0.9391495601173021 0.1337890625 0.12023460410557185
0 0.08642578125 0.8467741935483871 0.1728515625 0.28885630498533726
0 0.23779296875 0.9596774193548387 0.1142578125 0.07038123167155426
0 0.85107421875 0.48240469208211145 0.2978515625 0.533724340175953
0 0.0341796875 0.3621700879765396 0.0673828125 0.19941348973607037
0 0.359375 0.5711143695014663 0.1259765625 0.14809384164222875
0 0.39892578125 0.3621700879765396 0.0732421875 0.06598240469208211
0 0.3955078125 0.4237536656891496 0.11328125 0.17888563049853373
0 0.62744140625 0.8863636363636364 0.1455078125 0.22727272727272727
0 0.848998154296875 0.6101514076246335 0.8235158134765626 0.6171128328445747 0.8140419384765625 0.8857973841642229 0.880611306640625 0.8801477741935483 0.848998154296875 0.6101514076246335
0 0.84912109375 0.9450146627565983 0.1123046875 0.10997067448680352
0 0.9326171875 0.6876832844574781 0.134765625 0.37976539589442815
0 0.9560546875 0.9420821114369502 0.078125 0.1158357771260997
0 0.820216587890625 0.573157857771261 0.7872047978515625 0.5722926788856305 0.7430724609375 0.8724934530791788 0.825469109375 0.8860968695014664 0.820216587890625 0.573157857771261