0 0.3505859375 0.4904692082111437 0.1435546875 0.19208211143695014
0 0.123046875 0.4340175953079179 0.1962890625 0.20967741935483872
0 0.296875 0.15762463343108504 0.15185546875 0.3152492668621701
0 0.173828125 0.18181818181818182 0.16796875 0.3629032258064516
0 0.0390625 0.1187683284457478 0.0673828125 0.2368035190615836
0 0.86572265625 0.19134897360703812 0.14697265625 0.19868035190615835
0 0.5244140625 0.11143695014662756 0.271484375 0.22287390029325513
0 0.79150390625 0.04472140762463343 0.1591796875 0.07551319648093842
0 0.9326171875 0.28005865102639294 0.1162109375 0.20454545454545456
0 0.97119140625 0.03519061583577713 0.029296875 0.056451612903225805
0 0.0322265625 0.6759530791788856 0.064453125 0.1466275659824047