0 0.06884765625 0.08870967741935484 0.12939453125 0.1774193548387097
0 0.07470703125 0.30791788856304986 0.13427734375 0.24780058651026393
0 0.08056640625 0.5505865102639296 0.1611328125 0.28812316715542524
0 0.0546875 0.8511730205278593 0.09033203125 0.29765395894428154
0 0.13623046875 0.8848973607038123 0.1298828125 0.23020527859237536
0 0.4794921875 0.9193548387096774 0.099609375 0.16055718475073313
0 0.31298828125 0.8812316715542522 0.21630859375 0.2375366568914956
0 0.28955078125 0.5799120234604106 0.216796875 0.44574780058651026
0 0.46337890625 0.7155425219941349 0.12939453125 0.1693548387096774
0 0.216796875 0.18841642228739003 0.17724609375 0.36436950146627567
0 0.4541015625 0.14589442815249268 0.267578125 0.29105571847507333
0 0.5927734375 0.3152492668621701 0.16845703125 0.3555718475073314
0 0.79736328125 0.14809384164222875 0.2451171875 0.29545454545454547
0 0.96435546875 0.16129032258064516 0.0712890625 0.29472140762463345
0 0.94970703125 0.4303519061583578 0.1005859375 0.23460410557184752