0 0.27392578125 0.6510263929618768 0.189453125 0.3035190615835777
0 0.40576171875 0.7932551319648093 0.1357421875 0.22287390029325513
0 0.31494140625 0.8548387096774194 0.111328125 0.17155425219941348
0 0.2431640625 0.9567448680351907 0.0859375 0.07624633431085044
0 0.1904296875 0.9259530791788856 0.05859375 0.13343108504398826
0 0.46533203125 0.9728739002932552 0.1025390625 0.054252199413489736
0 0.4326171875 0.5652492668621701 0.14453125 0.250733137829912
0 0.52099609375 0.6634897360703812 0.119140625 0.1656891495601173
0 0.64208984375 0.780791788856305 0.099609375 0.1744868035190616
0 0.5556640625 0.7675953079178885 0.09375 0.15249266862170088
0 0.6328125 0.5843108504398827 0.1474609375 0.24486803519061584
0 0.490234375 0.875366568914956 0.1171875 0.21994134897360704
0 0.591796875 0.9266862170087976 0.095703125 0.1466275659824047
0 0.7333984375 0.9215542521994134 0.19140625 0.15689149560117302
0 0.75390625 0.6928152492668622 0.15625 0.27126099706744866