0 0.04931640625 0.1217008797653959 0.0986328125 0.22287390029325513
0 0.9384765625 0.841642228739003 0.123046875 0.2961876832844575
0 0.81494140625 0.8372434017595308 0.1484375 0.31378299120234604
0 0.669921875 0.8768328445747801 0.1572265625 0.24193548387096775
0 0.884765625 0.5527859237536656 0.23046875 0.2727272727272727
0 0.93310546875 0.3152492668621701 0.1318359375 0.2316715542521994
0 0.95458984375 0.11656891495601172 0.0849609375 0.23313782991202345
0 0.4951171875 0.748533724340176 0.2119140625 0.39002932551319647
0 0.77197265625 0.03519061583577713 0.1396484375 0.07038123167155426
0 0.646484375 0.12976539589442815 0.201171875 0.2595307917888563
0 0.85546875 0.10483870967741936 0.150390625 0.20967741935483872
0 0.82275390625 0.3218475073313783 0.1767578125 0.23607038123167157
0 0.64013671875 0.5410557184750733 0.15625 0.20527859237536658
0 0.6630859375 0.7148093841642229 0.1591796875 0.1598240469208211
0 0.46533203125 0.49486803519061584 0.275390625 0.24486803519061584
0 0.55029296875 0.3350439882697947 0.14453125 0.18035190615835778
0 0.7275390625 0.3497067448680352 0.2412109375 0.2727272727272727
0 0.31298828125 0.8878299120234604 0.2197265625 0.22434017595307917
0 0.470703125 0.9362170087976539 0.111328125 0.12756598240469208
0 0.04150390625 0.8284457478005866 0.078125 0.2155425219941349