0 0.9306640625 0.40615835777126097 0.138671875 0.2837243401759531
0 0.93603515625 0.7199413489736071 0.1279296875 0.2155425219941349
0 1 0 0.853006982421875 0.012032445747800586 0.7641005556640625 0.15100765249266862 0.7482679853515625 0.26986792228739004 0.7860226787109375 0.33569825513196483 0.8761470390625 0.28449691348973605 0.9492207841796875 0.1857514120234604 1 0.033975890029325516 1 0
0 0.9736328125 0.09310850439882698 0.052734375 0.1348973607038123
0 0.0576171875 0.6708211143695014 0.11474609375 0.2375366568914956
0 0.0458984375 0.8885630498533724 0.091796875 0.22287390029325513
0 0.2177734375 0.6818181818181818 0.15673828125 0.18255131964809385
0 0.12939453125 0.8343108504398827 0.12939453125 0.21334310850439883
0 0.03662109375 0.4464809384164223 0.0732421875 0.26099706744868034
0 0.1650390625 0.41348973607038125 0.2265625 0.3819648093841642
0 0.15576171875 0.11950146627565983 0.1923828125 0.23900293255131966
0 0.0458984375 0.16495601173020527 0.091796875 0.32991202346041054