0 0.197265625 0.5601173020527859 0.181640625 0.25513196480938416
0 0.02587890625 0.9208211143695014 0.0517578125 0.15835777126099707
0 0.15869140625 0.8812316715542522 0.2021484375 0.2375366568914956
0 0.41650390625 0.6458944281524927 0.181640625 0.2932551319648094
0 0.52783203125 0.3680351906158358 0.212890625 0.1935483870967742
0 0.7334629521484375 0.4310203269794722 0.6265414833984375 0.4350854442815249 0.522326724609375 0.6505350058651026 0.709101080078125 0.8619195425219941 0.80519521484375 0.8090733856304986 0.7334629521484375 0.4310203269794722
0 1 0.36268171700879764 0.862039583984375 0.4066298064516129 1 0.6366706730205279 1 0.36268171700879764
0 1 0.671638706744868 0.954073283203125 0.4838664838709677 0.7700057607421875 0.4676061070381232 0.818729505859375 0.782650353372434 0.9824954677734375 0.8314313929618768 1 0.7562184941348973 1 0.671638706744868
0 0.7841796875 0.45527859237536655 0.171875 0.2155425219941349
0 0.9775390625 0.8299120234604106 0.044921875 0.1495601173020528
0 0.4140625 0.9296187683284457 0.1845703125 0.14076246334310852
0 0.7255859375 0.9010263929618768 0.22265625 0.19794721407624633
0 0.93896484375 0.9252199413489736 0.1220703125 0.1495601173020528
0 0.51806640625 0.8467741935483871 0.140625 0.2375366568914956