0 0.306640625 0.9032258064516129 0.15625 0.1935483870967742
0 0.806640625 0.9186217008797654 0.154296875 0.15102639296187684
0 0.9345703125 0.8489736070381232 0.130859375 0.2287390029325513
0 0.94873046875 0.6070381231671554 0.1025390625 0.28152492668621704
0 0.84326171875 0.3724340175953079 0.224609375 0.16715542521994134
0 0.912109375 0.1598240469208211 0.171875 0.3196480938416422
0 0.63427734375 0.3379765395894428 0.1962890625 0.2991202346041056
0 0.779296875 0.2221407624633431 0.125 0.2287390029325513
0 0.13037109375 0.782991202346041 0.2392578125 0.32697947214076245
0 0.33056640625 0.5769794721407625 0.1787109375 0.2404692082111437
0 0.40478515625 0.6840175953079178 0.1728515625 0.24193548387096775
0 0.58642578125 0.8079178885630498 0.185546875 0.3841642228739003
0 0.44970703125 0.9127565982404692 0.0732421875 0.1744868035190616
0 0.62353515625 0.5535190615835777 0.2958984375 0.187683284457478
0 0.77587890625 0.7331378299120235 0.09375 0.16862170087976538
0 0.84619140625 0.591642228739003 0.0986328125 0.22580645161290322