0 0.06103515625 0.06085043988269795 0.1220703125 0.10117302052785923
0 0.0234375 0.23240469208211142 0.046875 0.23020527859237536
0 0.423828125 0.8511730205278593 0.1630859375 0.2829912023460411
0 0.4580078125 0.050586510263929615 0.201171875 0.10117302052785923
0 0.966796875 0.6077712609970675 0.06640625 0.2126099706744868
0 0.91162109375 0.8093841642228738 0.16015625 0.18035190615835778
0 0.95947265625 0.3460410557184751 0.080078125 0.2155425219941349
0 0.8798828125 0.18548387096774194 0.150390625 0.15395894428152493
0 0.95654296875 0.07111436950146628 0.0791015625 0.14222873900293256
0 0.59814453125 0.8291788856304986 0.1455078125 0.2697947214076246
0 0.6220703125 0.3460410557184751 0.1982421875 0.2155425219941349
0 0.5625 0.16422287390029325 0.1435546875 0.1656891495601173
0 0.71533203125 0.12243401759530792 0.2119140625 0.24486803519061584
0 0.85595703125 0.4750733137829912 0.11328125 0.1627565982404692
0 0.859375 0.33284457478005863 0.0859375 0.11290322580645161
0 0.7275390625 0.33357771260997066 0.125 0.17888563049853373
0 0.74462890625 0.9362170087976539 0.1513671875 0.1187683284457478
0 0.6865234375 0.717008797653959 0.1259765625 0.20381231671554254
0 0.65673828125 0.5872434017595308 0.197265625 0.13929618768328444
0 0.6708984375 0.46774193548387094 0.0498046875 0.09824046920821114
0 0.83447265625 0.6378299120234604 0.17578125 0.17155425219941348