0 0.0234375 0.2873900293255132 0.0439453125 0.2595307917888563
0 0.10009765625 0.11510263929618768 0.1318359375 0.23020527859237536
0 0.453125 0.2434017595307918 0.1025390625 0.2727272727272727
0 0.69873046875 0.3907624633431085 0.111328125 0.3064516129032258
0 0.830078125 0.5073313782991202 0.1298828125 0.25513196480938416
0 0.95361328125 0.7045454545454546 0.08984375 0.1906158357771261
0 0.5621371435546875 0.0015523387096774194 0.510026876953125 0.12270817741935483 0.561885291015625 0.35413022580645165 0.6441800302734375 0.12304663782991201 0.621318513671875 0.04568788856304985 0.5719017197265625 0.00180824926686217 0.5621371435546875 0.0015523387096774194
0 0.8498252705078125 0.27589042521994134 0.994185380859375 0.012875541055718476 0.8773280517578125 0.00981292228739003 0.827934041015625 0.2597191832844575 0.8498252705078125 0.27589042521994134
0 0.2451171875 0.10777126099706745 0.0927734375 0.20967741935483872
0 0.32275390625 0.18328445747800587 0.1142578125 0.22287390029325513
0 0.05126953125 0.5227272727272727 0.1025390625 0.29178885630498536
0 0.060546875 0.7844574780058651 0.12109375 0.39296187683284456
0 1 0.3142844692082111 0.866627296875 0.5063936202346041 0.970776931640625 0.5968590366568914 1 0.4527797917888563 1 0.3142844692082111
0 0.98388671875 0.5197947214076246 0.0322265625 0.1656891495601173
0 0.7421875 0.21480938416422288 0.1103515625 0.28005865102639294
0 0.958984375 0.1942815249266862 0.08203125 0.22727272727272727
0 0.2744140625 0.905425219941349 0.310546875 0.18475073313782991