0 0.07275390625 0.7998533724340176 0.1455078125 0.1906158357771261
0 0.2138671875 0.8695014662756598 0.169921875 0.26099706744868034
0 0.26611328125 0.1378299120234604 0.189453125 0.2756598240469208
0 0.033203125 0.5997067448680352 0.06640625 0.3313782991202346
0 0.37060546875 0.3848973607038123 0.205078125 0.2727272727272727
0 0.04248046875 0.3284457478005865 0.0849609375 0.22727272727272727
0 0.048828125 0.9494134897360704 0.09765625 0.09970674486803519
0 0.0634765625 0.11803519061583578 0.126953125 0.23607038123167157
0 0.38404024609375 0.7964335337243402 0.3977471259765625 0.6071322785923754 0.297686376953125 0.4898478826979472 0.1989962412109375 0.2882010909090909 0.1523925244140625 0.29643154252199416 0.075633572265625 0.6009594164222875 0.3141347333984375 0.8540467961876833 0.38404024609375 0.7964335337243402
0 0.4130859375 0.7375366568914956 0.16796875 0.3489736070381232
0 0.54052734375 0.18328445747800587 0.14453125 0.22580645161290322
0 0.69580078125 0.08357771260997067 0.2998046875 0.16715542521994134
0 0.90234375 0.09017595307917889 0.154296875 0.18035190615835778
0 0.82958984375 0.1972140762463343 0.107421875 0.17155425219941348
0 0.59228515625 0.5359237536656891 0.224609375 0.3255131964809384
0 0.8427734375 0.37976539589442815 0.119140625 0.1744868035190616
0 0.93603515625 0.20674486803519063 0.1279296875 0.2316715542521994
0 0.6943359375 0.3225806451612903 0.1845703125 0.25806451612903225
0 0.29638671875 0.03152492668621701 0.2099609375 0.06304985337243402
0 0.48095703125 0.022727272727272728 0.109375 0.04398826979472141