0 0.63525390625 0.04032258064516129 0.1298828125 0.08064516129032258
0 0.40966796875 0.7551319648093842 0.1162109375 0.17595307917888564
0 0.25244140625 0.5799120234604106 0.1708984375 0.17008797653958943
0 0.2389464326171875 1 0.3513105546875 0.8440958093841643 0.2935721552734375 0.741832926686217 0.171287685546875 0.8738576202346041 0.172754134765625 1 0.2389464326171875 1
0 0.2666015625 0.8049853372434017 0.1240234375 0.0967741935483871
0 0.7099609375 0.17595307917888564 0.2119140625 0.30791788856304986
0 0.763671875 0.04252199413489736 0.12890625 0.08504398826979472
0 0.77294921875 0.4809384164222874 0.099609375 0.14076246334310852
0 0.66943359375 0.39002932551319647 0.1728515625 0.12756598240469208
0 0.57177734375 0.5645161290322581 0.2392578125 0.2932551319648094
0 0.64453125 0.782258064516129 0.130859375 0.2844574780058651
0 0.77392578125 0.7778592375366569 0.1298828125 0.43255131964809385
0 0.240234375 0.3453079178885631 0.1533203125 0.27712609970674484
0 0.23974609375 0.07624633431085044 0.1572265625 0.1436950146627566