0 0.2138671875 0.35703812316715544 0.3193359375 0.4120234604105572
0 0.95166015625 0.625366568914956 0.0966796875 0.3277126099706745
0 0.9736328125 0.9046920821114369 0.052734375 0.1906158357771261
0 0.9462890625 0.3563049853372434 0.107421875 0.18475073313782991
0 0.91845703125 0.14442815249266863 0.1630859375 0.2829912023460411
0 0.07177734375 0.9362170087976539 0.12060546875 0.12756598240469208
0 0.2451171875 0.8621700879765396 0.248046875 0.2756598240469208
0 0.10986328125 0.7265395894428153 0.2197265625 0.20381231671554254
0 0.43310546875 0.9288856304985337 0.1865234375 0.14222873900293256
0 0.31494140625 0.6590909090909091 0.19384765625 0.18695014662756598
0 0.1015625 0.5593841642228738 0.203125 0.15395894428152493
0 0.03857421875 0.3379765395894428 0.0771484375 0.26832844574780057
0 0.05859375 0.09897360703812316 0.1171875 0.19794721407624633
0 0.21923828125 0.09090909090909091 0.21337890625 0.18181818181818182