0 0.26171875 0.37683284457478006 0.1875 0.3519061583577713
0 0.029296875 0.8196480938416423 0.05859375 0.36070381231671556
0 0.21435546875 0.7558651026392962 0.291015625 0.48826979472140764
0 0.37548828125 0.5843108504398827 0.26171875 0.33724340175953077
0 0.03369140625 0.35117302052785926 0.0673828125 0.5601173020527859
0 0.08984375 0.26392961876832843 0.166015625 0.4178885630498534
0 0.193359375 0.11803519061583578 0.38671875 0.23607038123167157
0 0.4814453125 0.10190615835777127 0.173828125 0.20381231671554254
0 0.94921875 0.10483870967741936 0.1015625 0.20967741935483872
0 0.74169921875 0.27346041055718473 0.3193359375 0.5469208211143695
0 0.57861328125 0.5586510263929618 0.212890625 0.6334310850439883
0 0.94482421875 0.4472140762463343 0.1103515625 0.35777126099706746