0 0.50537109375 0.1429618768328446 0.22265625 0.17888563049853373
0 0.3623046875 0.5036656891495601 0.181640625 0.1774193548387097
0 0.28125 0.8453079178885631 0.1396484375 0.17008797653958943
0 0.34130859375 0.3321114369501466 0.21875 0.1495601173020528
0 0.32666015625 0.13269794721407624 0.267578125 0.17155425219941348
0 0.2464949697265625 0 0.2407216083984375 0.11556201906158359 0.4639540068359375 0.16458184164222875 0.5079844970703125 0.14133584164222873 0.44849441796875 0 0.2464949697265625 0
0 0.2219446435546875 0 0.348279390625 0.11275012903225808 0.37507286328125 0.06652906011730206 0.345615892578125 0 0.2219446435546875 0
0 0.20458984375 0.218475073313783 0.0703125 0.15689149560117302
0 0.19287109375 0.8922287390029325 0.0625 0.1378299120234604
0 0.29931640625 0.6810850439882697 0.2109375 0.25219941348973607
0 0.20361328125 0.75 0.0810546875 0.15689149560117302
0 0.25634765625 0.4831378299120235 0.103515625 0.12609970674486803
0 0.2294921875 0.3592375366568915 0.1220703125 0.12609970674486803