0 0.517578125 0.8035190615835777 0.12109375 0.2697947214076246
0 0.4384765625 0.8768328445747801 0.078125 0.20527859237536658
0 0.2021484375 0.6950146627565983 0.1494140625 0.20821114369501467
0 0.23046875 0.35703812316715544 0.22265625 0.2873900293255132
0 0.28564453125 0.5630498533724341 0.095703125 0.1348973607038123
0 0.359375 0.2668621700879765 0.11328125 0.14809384164222875
0 0.0927734375 0.16642228739002932 0.185546875 0.18914956011730205
0 0.40771484375 0.06451612903225806 0.2294921875 0.12903225806451613
0 0.10205078125 0.4963343108504399 0.2041015625 0.3181818181818182
0 0.24072265625 0.09237536656891496 0.1484375 0.18475073313782991
0 0.6884765625 0.0747800586510264 0.150390625 0.1495601173020528
0 0.865234375 0.1781524926686217 0.26953125 0.3563049853372434
0 0.8486328125 0.041788856304985335 0.1650390625 0.08357771260997067
0 0.74169921875 0.7155425219941349 0.171875 0.27419354838709675
0 0.6494140625 0.5168621700879765 0.19140625 0.3460410557184751
0 0.529296875 0.31085043988269795 0.240234375 0.26099706744868034
0 0.4453125 0.5579178885630498 0.162109375 0.30498533724340177
0 0.25439453125 0.9002932551319648 0.22265625 0.19941348973607037
0 0.068359375 0.8321114369501467 0.13671875 0.3357771260997067
0 0.07373046875 0.024193548387096774 0.1474609375 0.04838709677419355