0 0.68701171875 0.06964809384164222 0.2900390625 0.13929618768328444
0 0.603515625 0.8299120234604106 0.240234375 0.25806451612903225
0 0.59423828125 0.436950146627566 0.2900390625 0.47214076246334313
0 0.51708984375 0.09750733137829912 0.1171875 0.1495601173020528
0 0.29248046875 0.21700879765395895 0.140625 0.2434017595307918
0 0.21142578125 0.05865102639296188 0.0888671875 0.11730205278592376
0 0.1865234375 0.26099706744868034 0.0390625 0.187683284457478
0 0.35693359375 0.6348973607038123 0.2158203125 0.5190615835777126
0 0.20068359375 0.49853372434017595 0.0673828125 0.1656891495601173
0 0.27001953125 0.6546920821114369 0.1328125 0.1744868035190616
0 0.20361328125 0.7060117302052786 0.0732421875 0.14809384164222875
0 0.21142578125 0.906158357771261 0.0888671875 0.187683284457478
0 0.3408203125 0.9574780058651027 0.150390625 0.08504398826979472
0 0.5 0.969208211143695 0.140625 0.06158357771260997