0 0.71923828125 0.9259530791788856 0.197265625 0.14809384164222875
0 0.89892578125 0.8951612903225806 0.1943359375 0.20967741935483872
0 0.18701171875 0.9215542521994134 0.259765625 0.14809384164222875
0 0.07421875 0.7368035190615836 0.1484375 0.312316715542522
0 0.060546875 0.4809384164222874 0.12109375 0.45161290322580644
0 0.20947265625 0.45527859237536655 0.1650390625 0.2727272727272727
0 0.66064453125 0.12463343108504399 0.2431640625 0.24633431085043989
0 0.82763671875 0.027126099706744868 0.1328125 0.039589442815249266
0 0.7783203125 0.14882697947214077 0.0615234375 0.08944281524926687
0 0.435546875 0.10850439882697947 0.1640625 0.21700879765395895
0 0.3603515625 0.2653958944281525 0.240234375 0.3812316715542522
0 0.1171875 0.1312316715542522 0.228515625 0.2624633431085044
0 0.166015625 0.017595307917888565 0.3203125 0.03519061583577713