0 0.8828125 0.32331378299120234 0.1328125 0.20381231671554254
0 1 0.4248313137829912 0.938358013671875 0.4983830909090909 0.9516494892578125 0.6281265293255132 1 0.5790849853372434 1 0.4248313137829912
0 0.34423828125 0.6950146627565983 0.1220703125 0.18181818181818182
0 0.47119140625 0.9039589442815249 0.1162109375 0.19208211143695014
0 0.3006541650390625 1 0.35619315625 0.8796291348973607 0.28309022265625 0.789806775659824 0.1582081982421875 1 0.3006541650390625 1
0 0.31201171875 0.9127565982404692 0.06640625 0.1744868035190616
0 0.74658203125 0.20747800586510265 0.212890625 0.3313782991202346
0 0.9052734375 0.11070381231671554 0.189453125 0.22140762463343108
0 1 0.21281136363636363 0.9184208603515625 0.2568607785923753 0.9423454443359375 0.42452918181818183 1 0.3553717829912023 1 0.21281136363636363
0 0.53125 0.11363636363636363 0.0966796875 0.15542521994134897
0 0.59716796875 0.2763929618768328 0.0859375 0.27419354838709675
0 0.0947265625 0.23020527859237536 0.189453125 0.28152492668621704
0 0.0732421875 0.5227272727272727 0.146484375 0.1656891495601173
0 0.4755859375 0.4347507331378299 0.201171875 0.375366568914956
0 0.3212890625 0.32331378299120234 0.19921875 0.20234604105571846
0 0.3037109375 0.10777126099706745 0.337890625 0.2155425219941349
0 0.63720703125 0.9193548387096774 0.1923828125 0.16129032258064516
0 0.87841796875 0.9142228739002932 0.205078125 0.17008797653958943
0 0.93505859375 0.7954545454545454 0.1298828125 0.2536656891495601
0 0.0439453125 0.844574780058651 0.087890625 0.31085043988269795
0 0.146849171875 1 0.219291333984375 0.8796291348973607 0.1488467685546875 0.7838186187683285 0.0194144814453125 1 0.146849171875 1