0 0.9453125 0.10997067448680352 0.109375 0.21994134897360704
0 0.06298828125 0.8511730205278593 0.1259765625 0.29765395894428154
0 0.189453125 0.843108504398827 0.1435546875 0.31378299120234604
0 0.33251953125 0.8782991202346041 0.1533203125 0.2434017595307918
0 0.11474609375 0.5593841642228738 0.22900390625 0.26466275659824046
0 0.06494140625 0.3255131964809384 0.1298828125 0.22580645161290322
0 0.04150390625 0.12243401759530792 0.0830078125 0.24486803519061584
0 0.5048828125 0.7434017595307918 0.205078125 0.37976539589442815
0 0.22265625 0.038856304985337244 0.13720703125 0.07771260997067449
0 0.34814453125 0.13049853372434017 0.1962890625 0.26099706744868034
0 0.14111328125 0.11290322580645161 0.14697265625 0.2089442815249267
0 0.17578125 0.32991202346041054 0.17236328125 0.23020527859237536
0 0.35888671875 0.5417888563049853 0.1533203125 0.19868035190615835
0 0.337890625 0.7140762463343109 0.15576171875 0.15395894428152493
0 0.53125 0.49193548387096775 0.26953125 0.23533724340175954
0 0.4453125 0.3357771260997067 0.1416015625 0.17521994134897362
0 0.26953125 0.35410557184750735 0.236328125 0.26392961876832843
0 0.685546875 0.8841642228739003 0.21533203125 0.2316715542521994
0 0.5302734375 0.9332844574780058 0.109375 0.13269794721407624
0 0.958984375 0.8108504398826979 0.08203125 0.2118768328445748