0 0.7099609375 0.7228739002932552 0.2255859375 0.43841642228739003
0 0.68212890625 0.36070381231671556 0.1962890625 0.2375366568914956
0 0.8984375 0.4244868035190616 0.203125 0.28885630498533726
0 0.9130859375 0.8504398826979472 0.169921875 0.2991202346041056
0 0.9541015625 0.7008797653958945 0.0888671875 0.16422287390029325
0 0.861328125 0.6458944281524927 0.0771484375 0.10117302052785923
0 0.37060546875 0.8101173020527859 0.197265625 0.3343108504398827
0 0.52685546875 0.8599706744868035 0.1240234375 0.28005865102639294
0 0.3212890625 0.9406158357771262 0.220703125 0.1158357771260997
0 0.1318359375 0.8936950146627566 0.1982421875 0.19794721407624633
0 0.0146484375 0.8936950146627566 0.029296875 0.18914956011730205
0 0.103515625 0.7001466275659824 0.20703125 0.20087976539589442
0 0.05517578125 0.5799120234604106 0.1103515625 0.1627565982404692
0 0.78369140625 0.967741935483871 0.1787109375 0.06451612903225806
0 0.64404296875 0.9758064516129032 0.0869140625 0.04838709677419355