0 0.93212890625 0.8922287390029325 0.1298828125 0.2155425219941349
0 0.95068359375 0.4472140762463343 0.0986328125 0.28152492668621704
0 0.95166015625 0.6825513196480938 0.0947265625 0.18621700879765396
0 0.84765625 0.7368035190615836 0.134765625 0.17595307917888564
0 0.95556640625 0.1810850439882698 0.0888671875 0.23020527859237536
0 0.37548828125 0.051319648093841645 0.1318359375 0.10263929618768329
0 0.23291015625 0.06304985337243402 0.1376953125 0.12609970674486803
0 0.32080078125 0.22067448680351906 0.2119140625 0.28152492668621704
0 0.08251953125 0.0718475073313783 0.1552734375 0.1436950146627566
0 0.111328125 0.9017595307917888 0.177734375 0.18035190615835778
0 0.1494140625 0.7404692082111437 0.201171875 0.17008797653958943
0 0.03759765625 0.7705278592375366 0.0751953125 0.14222873900293256
0 0.02978515625 0.906891495601173 0.0595703125 0.1627565982404692
0 0.21630859375 0.5461876832844574 0.107421875 0.13636363636363635
0 0.107421875 0.6151026392961877 0.21484375 0.18328445747800587
0 0.0751953125 0.3533724340175953 0.1484375 0.1187683284457478
0 0.07275390625 0.21774193548387097 0.140625 0.18181818181818182
0 0.04931640625 0.46187683284457476 0.0986328125 0.17008797653958943
0 0.13818359375 0.45821114369501464 0.1279296875 0.15835777126099707
0 0.1865234375 0.25733137829912023 0.1279296875 0.28005865102639294