0 0.064453125 0.06671554252199413 0.12890625 0.13196480938416422
0 0.2275390625 0.008797653958944282 0.1455078125 0.017595307917888565
0 0.0634765625 0.6341642228739003 0.126953125 0.37390029325513197
0 0.3291015625 0.7961876832844574 0.111328125 0.1466275659824047
0 0.14501953125 0.9838709677419355 0.1064453125 0.03225806451612903
0 0.18994140625 0.907624633431085 0.1552734375 0.12609970674486803
0 0.26513671875 0.9530791788856305 0.142578125 0.093841642228739
0 0.40185546875 0.9376832844574781 0.083984375 0.10557184750733138
0 0.4794921875 0.905425219941349 0.0888671875 0.187683284457478
0 0.59765625 0.625366568914956 0.1826171875 0.33284457478005863
0 0.84521484375 0.6019061583577713 0.3095703125 0.39002932551319647
0 0.88916015625 0.9193548387096774 0.2216796875 0.16129032258064516
0 0.66357421875 0.9039589442815249 0.220703125 0.1906158357771261
0 0.05908203125 0.9318181818181818 0.1181640625 0.13636363636363635