0 0.28076171875 0.8365102639296188 0.095703125 0.20527859237536658
0 0.34619140625 0.6187683284457478 0.203125 0.3284457478005865
0 0.43359375 0.36363636363636365 0.1279296875 0.2287390029325513
0 0.35107421875 0.13709677419354838 0.2509765625 0.2727272727272727
0 0.5693359375 0.26392961876832843 0.09765625 0.17008797653958943
0 0.58935546875 0.06451612903225806 0.1552734375 0.12903225806451613
0 0.82080078125 0.020527859237536656 0.2587890625 0.04105571847507331
0 0.923828125 0.10483870967741936 0.146484375 0.20967741935483872
0 0.7783203125 0.2895894428152493 0.2275390625 0.40615835777126097
0 0.93359375 0.26466275659824046 0.1298828125 0.22287390029325513
0 0.89111328125 0.49266862170087977 0.2177734375 0.2404692082111437
0 0.912109375 0.75 0.17578125 0.3035190615835777
0 0.8564453125 0.9032258064516129 0.287109375 0.18181818181818182
0 0.67333984375 0.7199413489736071 0.2470703125 0.501466275659824
0 0.45556640625 0.8841642228739003 0.2060546875 0.2316715542521994
0 0.501953125 0.6268328445747801 0.06640625 0.23313782991202345
0 0.58154296875 0.40762463343108507 0.134765625 0.1348973607038123