0 0.1533203125 0.16715542521994134 0.177734375 0.2873900293255132
0 0.32568359375 0.13563049853372433 0.115234375 0.27126099706744866
0 0.3935546875 0.2155425219941349 0.119140625 0.34017595307917886
0 0.60302734375 0.17888563049853373 0.2578125 0.35777126099706746
0 0.880859375 0.2661290322580645 0.23828125 0.530791788856305
0 0.85205078125 0.17302052785923755 0.1982421875 0.3225806451612903
0 0.06591796875 0.13856304985337242 0.130859375 0.27712609970674484
0 0.1181640625 0.7763929618768328 0.146484375 0.26392961876832843
0 0.06298828125 0.7082111436950147 0.1259765625 0.4780058651026393
0 0.40283203125 0.7749266862170088 0.20703125 0.44868035190615835
0 0.591796875 0.8042521994134897 0.123046875 0.39002932551319647
0 0.904296875 0.8365102639296188 0.18359375 0.3255131964809384
0 0.7666015625 0.9230205278592375 0.1533203125 0.15395894428152493
0 0.06689453125 0.9706744868035191 0.1328125 0.05865102639296188