0 0.01953125 0.34017595307917886 0.0380859375 0.23313782991202345
0 0.0693359375 0.1187683284457478 0.1318359375 0.20381231671554254
0 0.16845703125 0.019794721407624633 0.0712890625 0.039589442815249266
0 0.271484375 0.010997067448680353 0.05078125 0.021994134897360705
0 0.85791015625 0.4904692082111437 0.0712890625 0.1217008797653959
0 0.95166015625 0.501466275659824 0.0966796875 0.18181818181818182
0 0.912109375 0.34824046920821117 0.1103515625 0.16422287390029325
0 0.9775390625 0.3592375366568915 0.044921875 0.0967741935483871
0 0.88671875 0.14809384164222875 0.0693359375 0.09824046920821114
0 0.87939453125 0.2280058651026393 0.0673828125 0.08944281524926687
0 0.95654296875 0.22653958944281524 0.0869140625 0.14809384164222875
0 0.96728515625 0.08211143695014662 0.0654296875 0.14076246334310852
0 0.95166015625 0.9780058651026393 0.0830078125 0.04398826979472141
0 0.9677734375 0.8042521994134897 0.0595703125 0.19208211143695014
0 0.98779296875 0.6818181818181818 0.0205078125 0.04985337243401759
0 0.94287109375 0.9090909090909091 0.05078125 0.0718475073313783
0 0.82470703125 0.8702346041055719 0.0576171875 0.09090909090909091
0 0.7763671875 0.6869501466275659 0.0634765625 0.1158357771260997
0 0.65185546875 0.5109970674486803 0.091796875 0.12463343108504399
0 0.86328125 0.6466275659824047 0.11328125 0.15835777126099707
0 0.8876953125 0.7749266862170088 0.083984375 0.10997067448680352
0 0.9142478095703125 1 0.93611510546875 0.9522600513196482 0.88450634765625 0.9288481627565983 0.8395660673828125 0.92422357771261 0.82451238671875 0.9948325337243401 0.8402839873046875 1 0.9142478095703125 1
0 0.59130859375 0.39002932551319647 0.0439453125 0.1217008797653959
0 0.54443359375 0.3467741935483871 0.0634765625 0.12756598240469208
0 0.5185546875 0.5806451612903226 0.0576171875 0.10410557184750734
0 0.6708984375 0.6598240469208211 0.07421875 0.13636363636363635
0 0.60009765625 0.6752199413489736 0.0615234375 0.1187683284457478
0 0.685546875 0.9105571847507331 0.1318359375 0.1378299120234604
0 0.75634765625 0.9648093841642229 0.0732421875 0.07038123167155426
0 0.41650390625 0.9134897360703812 0.1787109375 0.17302052785923755
0 0.54541015625 0.9472140762463344 0.0947265625 0.10557184750733138
0 0.6552734375 0.782258064516129 0.1630859375 0.12903225806451613
0 0.47314453125 0.7859237536656891 0.1005859375 0.12609970674486803
0 0.73046875 0.5087976539589443 0.111328125 0.15542521994134897
0 0.8173828125 0.35043988269794724 0.091796875 0.10263929618768329
0 0.447265625 0.10703812316715543 0.189453125 0.21407624633431085
0 0.16552734375 0.35703812316715544 0.001953125 0.013196480938416423
0 0.67529296875 0.37683284457478006 0.1044921875 0.13196480938416422
0 0.84619140625 0.051319648093841645 0.1005859375 0.08797653958944282
0 0.79345703125 0.21920821114369501 0.115234375 0.1656891495601173
0 0.7197265625 0.18841642228739003 0.14453125 0.2155425219941349