0 0.9619140625 0.11143695014662756 0.076171875 0.19941348973607037
0 0.90966796875 0.38929618768328444 0.1806640625 0.29178885630498536
0 0.892578125 0.6759530791788856 0.2138671875 0.27419354838709675
0 0.91455078125 0.8885630498533724 0.1630859375 0.22287390029325513
0 0.765625 0.8878299120234604 0.1640625 0.22434017595307917
0 0.45703125 0.6693548387096774 0.2470703125 0.5219941348973607
0 0.4501953125 0.2602639296187683 0.1552734375 0.3064516129032258
0 0.587890625 0.0872434017595308 0.169921875 0.1744868035190616
0 0.62841796875 0.3357771260997067 0.177734375 0.32991202346041054
0 0.8408203125 0.1466275659824047 0.1298828125 0.2727272727272727
0 0.630859375 0.6840175953079178 0.119140625 0.3284457478005865