0 0.4296875 0.40689149560117305 0.197265625 0.21700879765395895
0 0.65625 0.14516129032258066 0.18359375 0.2903225806451613
0 0.5205078125 0.11070381231671554 0.1474609375 0.22140762463343108
0 0.39990234375 0.21920821114369501 0.150390625 0.18181818181818182
0 0.36328125 0.1429618768328446 0.1484375 0.15102639296187684
0 0.30859375 0.04105571847507331 0.1259765625 0.08211143695014662
0 0.2119140625 0.06085043988269795 0.1103515625 0.1217008797653959
0 0.2880859375 0.6048387096774194 0.2373046875 0.34017595307917886
0 0.2138671875 0.48533724340175954 0.0732421875 0.11436950146627566
0 0.9423828125 0.12756598240469208 0.115234375 0.25513196480938416
0 0.83837890625 0.17375366568914957 0.1474609375 0.15835777126099707
0 0.89794921875 0.38563049853372433 0.203125 0.21994134897360704
0 0.78564453125 0.3262463343108504 0.11328125 0.12609970674486803
0 0.95361328125 0.7580645161290323 0.0927734375 0.1158357771260997
0 0.95166015625 0.9369501466275659 0.0966796875 0.12023460410557185
0 0.9677734375 0.6099706744868035 0.064453125 0.1378299120234604
0 0 0.20685255425219942 0.1127237353515625 0.2891518299120235 0.1594599462890625 0.13935252052785924 0 0.0335069853372434 0 0.20685255425219942
0 0.20703125 0.29545454545454547 0.1865234375 0.22287390029325513
0 0.19775390625 0.9589442815249267 0.119140625 0.08211143695014662
0 0.05615234375 0.9442815249266863 0.1103515625 0.11143695014662756
0 0.07958984375 0.5733137829912024 0.1591796875 0.21114369501466276
0 0.16943359375 0.7991202346041055 0.1865234375 0.22727272727272727
0 0.03271484375 0.8071847507331378 0.0654296875 0.24926686217008798