0 0.29052734375 0.05278592375366569 0.2587890625 0.10263929618768329
0 0.29638671875 0.2587976539589443 0.2509765625 0.2859237536656892
0 0.447265625 0.12903225806451613 0.283203125 0.25806451612903225
0 0.5595703125 0.09310850439882698 0.310546875 0.18621700879765396
0 0.51904296875 0.4010263929618768 0.1904296875 0.30058651026392963
0 0.30810546875 0.5747800586510264 0.2724609375 0.2653958944281525
0 0.49072265625 0.7265395894428153 0.2158203125 0.2873900293255132
0 0.68359375 0.7917888563049853 0.1826171875 0.2287390029325513
0 0.68505859375 0.9464809384164223 0.3056640625 0.10410557184750734
0 0.822265625 0.9127565982404692 0.033203125 0.1598240469208211
0 0.7197265625 0.4604105571847507 0.2333984375 0.6891495601173021
0 0.29443359375 0.8563049853372434 0.2490234375 0.2873900293255132
0 0.47119140625 0.9413489736070382 0.1064453125 0.11730205278592376
0 0.32373046875 0.8585043988269795 0.2041015625 0.2829912023460411