0 0.62744140625 0.6708211143695014 0.2294921875 0.30058651026392963
0 0.44970703125 0.7243401759530792 0.00390625 0.007331378299120235
0 0.57177734375 0.9530791788856305 0.1884765625 0.093841642228739
0 0.2470703125 0.9098240469208211 0.15234375 0.18035190615835778
0 0.38720703125 0.9391495601173021 0.029296875 0.030791788856304986
0 0.248046875 0.6803519061583577 0.162109375 0.3563049853372434
0 0.271484375 0.37390029325513197 0.216796875 0.41642228739002934
0 0.32275390625 0.06598240469208211 0.322265625 0.13196480938416422
0 0.69091796875 0.4252199413489736 0.2861328125 0.4090909090909091
0 0.69482421875 0.1217008797653959 0.2705078125 0.2434017595307918
0 0.76171875 0.8797653958944281 0.1259765625 0.2287390029325513