0 0.5244140625 0.6187683284457478 0.1640625 0.41935483870967744
0 0.37353515625 0.4567448680351906 0.146484375 0.28152492668621704
0 0.35693359375 0.14882697947214077 0.173828125 0.2961876832844575
0 0.17333984375 0.32991202346041054 0.166015625 0.3152492668621701
0 0.07470703125 0.23973607038123168 0.134765625 0.47947214076246336
0 0.0615234375 0.7683284457478006 0.107421875 0.45161290322580644
0 0.20654296875 0.8680351906158358 0.1806640625 0.25219941348973607
0 0.1826171875 0.594574780058651 0.2265625 0.25806451612903225
0 0.3740234375 0.8137829912023461 0.1328125 0.3724340175953079
0 0.53955078125 0.9112903225806451 0.1982421875 0.17595307917888564
0 0.72607421875 0.8599706744868035 0.173828125 0.28005865102639294
0 0.87890625 0.875366568914956 0.1376953125 0.24926686217008798
0 0.95947265625 0.5139296187683284 0.0810546875 0.2859237536656892
0 0.97607421875 0.841642228739003 0.046875 0.31671554252199413
0 0.77197265625 0.38563049853372433 0.24609375 0.5982404692082112
0 0.556640625 0.20087976539589442 0.19921875 0.40175953079178883
0 0.947265625 0.2221407624633431 0.10546875 0.28885630498533726