0 0.56689453125 0.781524926686217 0.169921875 0.2873900293255132
0 0.49755859375 0.49193548387096775 0.177734375 0.21114369501466276
0 0.349609375 0.35043988269794724 0.185546875 0.28152492668621704
0 0.5087890625 0.23826979472140764 0.169921875 0.29178885630498536
0 0.67041015625 0.10117302052785923 0.2333984375 0.20234604105571846
0 0.72216796875 0.26832844574780057 0.2216796875 0.3782991202346041
0 0.79638671875 0.658357771260997 0.0732421875 0.49560117302052786
0 0.70751953125 0.5894428152492669 0.171875 0.2404692082111437
0 0.76953125 0.8709677419354839 0.126953125 0.25806451612903225
0 0.65625 0.967741935483871 0.353515625 0.06451612903225806
0 0.44580078125 0.8958944281524927 0.2685546875 0.20821114369501467
0 0.3232421875 0.626099706744868 0.3125 0.3225806451612903
0 0.3115234375 0.9391495601173021 0.2890625 0.1217008797653959
0 0.447265625 0.03372434017595308 0.17578125 0.06744868035190615
0 0.25048828125 0.09604105571847507 0.166015625 0.17302052785923755