0 0.1025390625 0.6136363636363636 0.205078125 0.3651026392961877
0 0.04736328125 0.9208211143695014 0.0869140625 0.15835777126099707
0 0.177734375 0.9193548387096774 0.130859375 0.16129032258064516
0 0.2509765625 0.7749266862170088 0.1884765625 0.24780058651026393
0 0.3916015625 0.5835777126099707 0.185546875 0.3416422287390029
0 0.30322265625 0.4347507331378299 0.1953125 0.2287390029325513
0 0.83837890625 0.23826979472140764 0.2587890625 0.2697947214076246
0 0.86279296875 0.8394428152492669 0.2744140625 0.3093841642228739
0 0.68896484375 0.9230205278592375 0.166015625 0.14809384164222875
0 0.59765625 0.718475073313783 0.1884765625 0.250733137829912
0 0.41650390625 0.8841642228739003 0.1552734375 0.2316715542521994
0 0.55224609375 0.39956011730205276 0.181640625 0.250733137829912
0 0.74853515625 0.4655425219941349 0.2607421875 0.26832844574780057
0 0.93505859375 0.6290322580645161 0.1298828125 0.1935483870967742
0 0.9453125 0.4501466275659824 0.109375 0.1466275659824047
0 0.625 0.17961876832844575 0.1826171875 0.23020527859237536
0 0.75927734375 0.04252199413489736 0.0986328125 0.08504398826979472
0 0.90576171875 0.039589442815249266 0.1767578125 0.07917888563049853
0 0.56640625 0.9435483870967742 0.1181640625 0.11290322580645161
0 0.29833984375 0.9574780058651027 0.0693359375 0.08504398826979472
0 0.98876953125 0.23533724340175954 0.01953125 0.29178885630498536