0 0.27099609375 0.4596774193548387 0.1806640625 0.10997067448680352
0 0.27783203125 0.6598240469208211 0.1455078125 0.11290322580645161
0 0.33203125 0.8988269794721407 0.18359375 0.19794721407624633
0 0.20703125 0.9655425219941349 0.06640625 0.05571847507331378
0 0.201171875 0.8299120234604106 0.078125 0.17008797653958943
0 0.2724609375 0.32991202346041054 0.1845703125 0.0967741935483871
0 0.46435546875 0.15175953079178886 0.2392578125 0.13196480938416422
0 0.2568359375 0.1282991202346041 0.1689453125 0.12463343108504399
0 0.8203125 0.33064516129032256 0.0322265625 0.2375366568914956
0 0.47998046875 0.027126099706744868 0.1689453125 0.054252199413489736
0 0.7353515625 0.05791788856304985 0.20703125 0.10997067448680352