0 0.75146484375 0.7932551319648093 0.3046875 0.41348973607038125
0 0.67822265625 0.3951612903225806 0.23046875 0.36070381231671556
0 0.58203125 0.1378299120234604 0.265625 0.2756598240469208
0 0.4658203125 0.4083577712609971 0.1767578125 0.2668621700879765
0 0.36962890625 0.20454545454545456 0.123046875 0.1935483870967742
0 0.37939453125 0.060117302052785926 0.14453125 0.12023460410557185
0 0.47705078125 0.7617302052785924 0.208984375 0.4252199413489736
0 0.3623046875 0.9296187683284457 0.12890625 0.14076246334310852
0 0.173828125 0.8299120234604106 0.34765625 0.33284457478005863
0 0.162109375 0.5359237536656891 0.181640625 0.2434017595307918
0 0.294921875 0.6107038123167156 0.134765625 0.3914956011730205
0 0.15478515625 0.2558651026392962 0.3095703125 0.5117302052785924
0 0.0537109375 0.6151026392961877 0.107421875 0.2287390029325513