0 0.08349609375 0.501466275659824 0.15869140625 0.2998533724340176
0 0.25 0.5109970674486803 0.1669921875 0.3196480938416422
0 0.3720703125 0.5615835777126099 0.13671875 0.25
0 0.58349609375 0.7060117302052786 0.24560546875 0.40249266862170086
0 0.87353515625 0.7104105571847508 0.25244140625 0.5791788856304986
0 0.90869140625 0.19648093841642228 0.1826171875 0.3651026392961877
0 0.72265625 0.16422287390029325 0.18017578125 0.3277126099706745
0 0.5400390625 0.14736070381231672 0.212890625 0.2661290322580645
0 0.33837890625 0.14882697947214077 0.21240234375 0.28519061583577715
0 0.14404296875 0.14736070381231672 0.20361328125 0.2932551319648094
0 0.02978515625 0.12756598240469208 0.0439453125 0.24853372434017595