0 0.12255859375 0.5234604105571847 0.2373046875 0.3870967741935484
0 0.2158203125 0.7771260997067448 0.2119140625 0.4406158357771261
0 0.3388671875 0.6195014662756598 0.1943359375 0.30498533724340177
0 0.15283203125 0.1906158357771261 0.2763671875 0.3687683284457478
0 0.2978515625 0.1744868035190616 0.15625 0.34824046920821117
0 0.42724609375 0.16495601173020527 0.119140625 0.3181818181818182
0 0.54833984375 0.1312316715542522 0.14599609375 0.2624633431085044
0 0.4462890625 0.3973607038123167 0.14599609375 0.17375366568914957
0 0.53076171875 0.6752199413489736 0.14013671875 0.28519061583577715
0 0.60498046875 0.906891495601173 0.2333984375 0.18621700879765396
0 0.39990234375 0.8922287390029325 0.1484375 0.2155425219941349
0 0.6142578125 0.37390029325513197 0.16064453125 0.20381231671554254
0 0.7509765625 0.16202346041055718 0.2001953125 0.2895894428152493
0 0.91064453125 0.19574780058651026 0.1787109375 0.2829912023460411
0 0.84765625 0.46994134897360706 0.29052734375 0.3526392961876833
0 0.7001953125 0.6788856304985337 0.17578125 0.3093841642228739
0 0.873046875 0.8321114369501467 0.25390625 0.3357771260997067