0 0.0322265625 0.7016129032258065 0.0625 0.26392961876832843
0 0.11962890625 0.8797653958944281 0.1337890625 0.2404692082111437
0 0.478515625 0.7456011730205279 0.1044921875 0.27712609970674484
0 0.7275390625 0.5960410557184751 0.11328125 0.312316715542522
0 0.86181640625 0.4772727272727273 0.1318359375 0.26099706744868034
0 0.97021484375 0.27712609970674484 0.056640625 0.1935483870967742
0 0.592598279296875 0.9976493299120235 0.649433533203125 0.9471630249266862 0.672693544921875 0.868423939882698 0.588961966796875 0.6332154794721407 0.5361998779296875 0.8687670337243402 0.5916229248046875 0.9976748929618768 0.592598279296875 0.9976493299120235
0 1 0.9280620395894428 0.8819258837890624 0.7128545953079178 0.85965280078125 0.729314206744868 0.9110207333984375 0.9893040542521995 1 0.986972068914956 1 0.9280620395894428
0 0.26708984375 0.8834310850439883 0.0947265625 0.21407624633431085
0 0.345703125 0.8079178885630498 0.1162109375 0.22580645161290322
0 0.06103515625 0.4604105571847507 0.1220703125 0.2961876832844575
0 0.07275390625 0.20234604105571846 0.13671875 0.3841642228739003
0 1 0.49344843988269793 0.998815064453125 0.39152153225806446 0.8990199755859375 0.47823792375366564 1 0.6237461158357771 1 0.49344843988269793
0 0.7724609375 0.7749266862170088 0.1123046875 0.2859237536656892
0 0.9755859375 0.7961876832844574 0.048828125 0.2316715542521994
0 0.296875 0.08357771260997067 0.31640625 0.1656891495601173