0 0.779296875 0.39002932551319647 0.169921875 0.23900293255131966
0 0.9580078125 0.062316715542521994 0.083984375 0.12463343108504399
0 0.8154296875 0.10043988269794721 0.189453125 0.19941348973607037
0 0.57373046875 0.3086510263929619 0.169921875 0.2756598240469208
0 0.46923828125 0.5696480938416423 0.2001953125 0.18181818181818182
0 0.3766977392578125 0.5068752346041056 0.4744785078125 0.3047295909090909 0.29923519140625 0.10639795894428151 0.209073697265625 0.15598088856304987 0.2763773671875 0.5106893328445747 0.3766977392578125 0.5068752346041056
0 0 0.5831846173020527 0.1557387744140625 0.5335737492668622 0 0.2738917727272727 0 0.5831846173020527
0 0.0168317705078125 0.24623594134897359 0.0693870341796875 0.4611064032258064 0.242090630859375 0.47636270967741934 0.1963749833984375 0.18077231085043988 0.042719572265625 0.1350034780058651 0.0168317705078125 0.24623594134897359
0 0.22900390625 0.4875366568914956 0.1611328125 0.20234604105571846
0 0.0341796875 0.13636363636363635 0.068359375 0.14076246334310852
0 0.57568359375 0.054252199413489736 0.1728515625 0.10850439882697947
0 0.28369140625 0.0813782991202346 0.2080078125 0.1627565982404692
0 0.0703125 0.05865102639296188 0.140625 0.11730205278592376
0 0.478515625 0.12023460410557185 0.1328125 0.22287390029325513