0 0.3740234375 0.22140762463343108 0.1806640625 0.2756598240469208
0 0.42333984375 0.039589442815249266 0.2822265625 0.07917888563049853
0 0.62548828125 0.03225806451612903 0.134765625 0.06451612903225806
0 0.82666015625 0.13929618768328444 0.2587890625 0.2785923753665689
0 0.970703125 0.18841642228739003 0.05859375 0.37683284457478006
0 0.90185546875 0.4508797653958944 0.1962890625 0.2434017595307918
0 0.4892578125 0.45894428152492667 0.2470703125 0.2756598240469208
0 0.24951171875 0.623900293255132 0.3330078125 0.6774193548387096
0 0.03955078125 0.7441348973607038 0.0791015625 0.4574780058651026
0 0.06982421875 0.4670087976539589 0.1396484375 0.3035190615835777
0 0.0869140625 0.22580645161290322 0.173828125 0.2316715542521994
0 0.1015625 0.08211143695014662 0.203125 0.16422287390029325
0 0.23779296875 0.10557184750733138 0.083984375 0.21114369501466276
0 0.66162109375 0.4413489736070381 0.203125 0.5278592375366569