0 0.58642578125 0.8027859237536656 0.3056640625 0.3944281524926686
0 0.6201171875 0.5725806451612904 0.2236328125 0.2932551319648094
0 0.62646484375 0.2060117302052786 0.267578125 0.38563049853372433
0 0.42919921875 0.34457478005865105 0.1240234375 0.20821114369501467
0 0.42919921875 0.16202346041055718 0.1064453125 0.1774193548387097
0 0.52490234375 0.0344574780058651 0.1337890625 0.0689149560117302
0 0.7099609375 0.08211143695014662 0.2265625 0.16422287390029325
0 0.25146484375 0.7214076246334311 0.3271484375 0.4208211143695015
0 0.275390625 0.9384164222873901 0.2421875 0.12316715542521994
0 0.18701171875 0.3189149560117302 0.302734375 0.33284457478005863
0 0.39892578125 0.04032258064516129 0.1318359375 0.07771260997067449
0 0.2509765625 0.07258064516129033 0.205078125 0.1378299120234604
0 0.0908203125 0.07991202346041056 0.181640625 0.14222873900293256
0 0.0673828125 0.8475073313782991 0.130859375 0.30498533724340177
0 0.0634765625 0.593108504398827 0.126953125 0.19941348973607037
0 0.03662109375 0.3247800586510264 0.0732421875 0.3387096774193548