0 0.3330078125 0.4626099706744868 0.10986328125 0.1840175953079179
0 0.56298828125 0.3717008797653959 0.126953125 0.24193548387096775
0 0.681640625 0.3658357771260997 0.115234375 0.2565982404692082
0 0.8121931142578125 0.25952516275659826 0.9443865927734375 0.07971139882697947 0.8933416171875 0.03058194134897361 0.7866706259765625 0.21825642961876834 0.8121931142578125 0.25952516275659826
0 0.83089761328125 0.3026565821114369 0.9421495224609375 0.15919863636363638 0.9022297138671875 0.10515621847507332 0.80210303125 0.27416153519061587 0.83089761328125 0.3026565821114369
0 0.9958121494140625 0.10220845161290323 0.8767072265625 0.2653182346041056 0.886072349609375 0.2862468724340176 1 0.16509417008797653 0.9958121494140625 0.10220845161290323
0 0.978797177734375 0.08059151173020528 0.874089515625 0.25844008211143693 0.8791984970703125 0.2788820293255132 1 0.12873835190615834 0.978797177734375 0.08059151173020528
0 0.697265625 0.17082111436950145 0.1142578125 0.14736070381231672
0 0.130859375 0.3878299120234604 0.2236328125 0.37023460410557185
0 0.36865234375 0.21407624633431085 0.18115234375 0.22434017595307917
0 0.08740234375 0.093841642228739 0.1748046875 0.187683284457478
0 0.318359375 0.04252199413489736 0.1162109375 0.08431085043988269
0 0.224609375 0.21627565982404692 0.15185546875 0.20454545454545456
0 0.40869140625 0.4120234604105572 0.06103515625 0.10850439882697947
0 0.8108842890625 0 0.749368529296875 0.19270910410557182 0.775108724609375 0.21112547947214075 0.890723845703125 0 0.8108842890625 0
0 0.8429510244140626 0.15831847947214076 0.86847351171875 0.18190061143695016 0.9843063408203125 0.0001217008797653959 0.914937568359375 0 0.8429510244140626 0.15831847947214076
0 0.4755859375 0.18548387096774194 0.1572265625 0.2558651026392962
0 0.4912109375 0.44868035190615835 0.1435546875 0.1935483870967742
0 0.6005859375 0.1378299120234604 0.0751953125 0.12976539589442815