0 0.72705078125 0.9281524926686217 0.2119140625 0.1436950146627566
0 0.486328125 0.6884164222873901 0.251953125 0.20527859237536658
0 0.4765625 0.9252199413489736 0.306640625 0.1495601173020528
0 0.26318359375 0.8885630498533724 0.1923828125 0.19501466275659823
0 0.5224609375 0.49780058651026393 0.224609375 0.19208211143695014
0 0.44775390625 0.27712609970674484 0.232421875 0.28152492668621704
0 0.423828125 0.07844574780058651 0.21484375 0.15689149560117302
0 0.271484375 0.16202346041055718 0.0966796875 0.1378299120234604
0 0.25048828125 0.05718475073313783 0.1435546875 0.11436950146627566
0 0.22509765625 0.33944281524926684 0.1162109375 0.3841642228739003
0 0.31201171875 0.43914956011730205 0.0517578125 0.2873900293255132
0 0.36328125 0.5212609970674487 0.08984375 0.17008797653958943
0 0.21142578125 0.6737536656891495 0.0888671875 0.2287390029325513
0 0.27490234375 0.6810850439882697 0.171875 0.10117302052785923