0 0.35205078125 0.841642228739003 0.1279296875 0.312316715542522
0 0.48876953125 0.9090909090909091 0.1025390625 0.18181818181818182
0 0.609375 0.9369501466275659 0.072265625 0.12609970674486803
0 0.8798828125 0.751466275659824 0.23828125 0.4970674486803519
0 0.69384765625 0.8797653958944281 0.0888671875 0.2404692082111437
0 0.56103515625 0.7082111436950147 0.1806640625 0.3973607038123167
0 0.40380859375 0.46994134897360706 0.193359375 0.3313782991202346
0 0.2978515625 0.6165689149560117 0.166015625 0.3225806451612903
0 0.16796875 0.4406158357771261 0.2412109375 0.2756598240469208
0 0.08154296875 0.19941348973607037 0.16015625 0.3782991202346041
0 0.07373046875 0.7851906158357771 0.1474609375 0.3357771260997067
0 0.03125 0.4970674486803519 0.0625 0.21700879765395895
0 0.078125 0.9758064516129032 0.15625 0.030791788856304986
0 0.2177734375 0.875366568914956 0.228515625 0.2404692082111437