0 0.90087890625 0.3944281524926686 0.1982421875 0.41935483870967744
0 0.88525390625 0.8247800586510264 0.2294921875 0.35043988269794724
0 0.69482421875 0.2998533724340176 0.205078125 0.2844574780058651
0 0.5703125 0.8123167155425219 0.2119140625 0.3680351906158358
0 0.71728515625 0.8460410557184751 0.20703125 0.30791788856304986
0 0.7822265625 0.16495601173020527 0.2119140625 0.3284457478005865
0 0.470703125 0.25513196480938416 0.205078125 0.33724340175953077
0 0.375 0.03812316715542522 0.2646484375 0.07624633431085044
0 0.1318359375 0.45454545454545453 0.251953125 0.3548387096774194
0 0.3798828125 0.5733137829912024 0.1767578125 0.36363636363636365
0 0.2392578125 0.8225806451612904 0.2529296875 0.3548387096774194
0 0.06201171875 0.783724340175953 0.1240234375 0.2903225806451613
0 0.2841796875 0.18841642228739003 0.228515625 0.3460410557184751
0 0.08642578125 0.17228739002932553 0.1728515625 0.34457478005865105