0 0.43896484375 0.3563049853372434 0.263671875 0.3709677419354839
0 0.7080078125 0.21994134897360704 0.2421875 0.3416422287390029
0 0.90869140625 0.1158357771260997 0.1767578125 0.2316715542521994
0 0.9169921875 0.28885630498533726 0.1640625 0.26832844574780057
0 0.96337890625 0.4626099706744868 0.0732421875 0.2595307917888563
0 0.77685546875 0.6275659824046921 0.1279296875 0.24926686217008798
0 0.90234375 0.594574780058651 0.1337890625 0.21700879765395895
0 0.916015625 0.8357771260997068 0.16796875 0.31085043988269795
0 0.56396484375 0.8541055718475073 0.2646484375 0.29178885630498536
0 0.32666015625 0.7309384164222874 0.26171875 0.47214076246334313
0 0.51708984375 0.6510263929618768 0.130859375 0.20234604105571846
0 0.50048828125 0.08577712609970674 0.1474609375 0.17155425219941348