0 0.302734375 0.9002932551319648 0.15185546875 0.19868035190615835
0 0.79736328125 0.9252199413489736 0.15087890625 0.1495601173020528
0 0.93115234375 0.8577712609970675 0.1376953125 0.22287390029325513
0 0.94580078125 0.6173020527859238 0.1083984375 0.2756598240469208
0 0.83984375 0.3819648093841642 0.220703125 0.16055718475073313
0 0.9140625 0.16862170087976538 0.171875 0.3247800586510264
0 0.6337890625 0.34310850439882695 0.19189453125 0.29105571847507333
0 0.77880859375 0.23240469208211142 0.12060546875 0.22287390029325513
0 0.12939453125 0.7705278592375366 0.23291015625 0.3181818181818182
0 0.330078125 0.5718475073313783 0.17333984375 0.23313782991202345
0 0.40283203125 0.6803519061583577 0.16845703125 0.23533724340175954
0 0.58154296875 0.8101173020527859 0.17919921875 0.37976539589442815
0 0.44482421875 0.9112903225806451 0.06982421875 0.1774193548387097
0 0.62109375 0.5557184750733137 0.29052734375 0.1781524926686217
0 0.76904296875 0.7375366568914956 0.09033203125 0.16422287390029325
0 0.84033203125 0.5997067448680352 0.09423828125 0.22140762463343108