0 0.47216796875 0.8174486803519062 0.2421875 0.1906158357771261
0 0.31982421875 0.4178885630498534 0.197265625 0.1906158357771261
0 0.23828125 0.06524926686217009 0.142578125 0.13049853372434017
0 0.29443359375 0.6048387096774194 0.2373046875 0.15689149560117302
0 0.2939453125 0.8233137829912024 0.25390625 0.18035190615835778
0 0.3956374951171875 1 0.4745989658203125 0.8193890821114369 0.4266346748046875 0.7926345014662757 0.181331734375 0.8399696876832845 0.187455849609375 1 0.3956374951171875 1
0 0.2809054453125 1 0.3279653193359375 0.8975952712609971 0.2991867568359375 0.8461438504398827 0.1669921875 0.9595277683284457 0.1669921875 1 0.2809054453125 1
0 0.2666015625 0.22067448680351906 0.19921875 0.27126099706744866
0 0.1796875 0.1429618768328446 0.025390625 0.17155425219941348
0 0.21337890625 0.436950146627566 0.091796875 0.1348973607038123
0 0.20263671875 0.5718475073313783 0.0712890625 0.1348973607038123