0 0.85693359375 0.08797653958944282 0.1748046875 0.17595307917888564
0 0.638671875 0.1217008797653959 0.203125 0.2434017595307918
0 0.34765625 0.07771260997067449 0.36328125 0.15542521994134897
0 0.2666015625 0.33651026392961875 0.3603515625 0.4046920821114369
0 0.671875 0.49853372434017595 0.3916015625 0.5586510263929618
0 0.93115234375 0.46994134897360706 0.1376953125 0.6055718475073314
0 0.8134765625 0.8819648093841642 0.373046875 0.20674486803519063
0 0.48779296875 0.8966275659824047 0.26953125 0.20674486803519063
0 0.23681640625 0.7661290322580645 0.4716796875 0.4413489736070381
0 0.04345703125 0.5021994134897361 0.0869140625 0.4472140762463343
0 0.0712890625 0.1627565982404692 0.142578125 0.19648093841642228
0 0.060546875 0.030791788856304986 0.12109375 0.04105571847507331