0 0.47216796875 0.6070381231671554 0.166015625 0.3225806451612903
0 0.94580078125 0.6796187683284457 0.1083984375 0.18475073313782991
0 0.6552734375 0.5249266862170088 0.09375 0.16715542521994134
0 0.5380859375 0.15395894428152493 0.130859375 0.21994134897360704
0 0.69580078125 0.3027859237536657 0.177734375 0.3416422287390029
0 0.10205078125 0.2763929618768328 0.2041015625 0.3181818181818182
0 0.1015625 0.9479472140762464 0.123046875 0.10410557184750734
0 0.36669921875 0.9384164222873901 0.126953125 0.12316715542521994
0 0.251953125 0.7646627565982405 0.181640625 0.20527859237536658
0 0.28515625 0.5197947214076246 0.1591796875 0.27712609970674484
0 0.0966796875 0.656891495601173 0.193359375 0.2434017595307918
0 0.31103515625 0.15175953079178886 0.2109375 0.3035190615835777
0 0.02685546875 0.03592375366568915 0.0537109375 0.0718475073313783
0 0.513671875 0.3944281524926686 0.1640625 0.14076246334310852
0 0.8841199091796875 0.3361796495601173 0.9965170498046875 0.1036684486803519 0.936206328125 0.043997456011730204 0.812843658203125 0.2888543357771261 0.8841199091796875 0.3361796495601173
0 0.8447265625 0.5425219941348973 0.125 0.2375366568914956
0 0.8210678359375 0.45346404545454544 0.8745249931640625 0.32589151319648096 0.8169557470703125 0.3032577448680352 0.7680652265625 0.38104050586510263 0.8210678359375 0.45346404545454544
0 0.74658203125 0.08284457478005865 0.1826171875 0.1656891495601173
0 0.6181640625 0.7456011730205279 0.197265625 0.21114369501466276
0 0.41943359375 0.8592375366568915 0.1044921875 0.12903225806451613
0 0.88916015625 0.9237536656891495 0.2099609375 0.15249266862170088
0 0.51904296875 0.969208211143695 0.1943359375 0.06158357771260997
0 0.68701171875 0.8841642228739003 0.232421875 0.21700879765395895
0 0.9423828125 0.3533724340175953 0.115234375 0.1466275659824047
0 0.8603515625 0.7866568914956011 0.15234375 0.13929618768328444