0 0.61669921875 0.07331378299120235 0.1181640625 0.1466275659824047
0 0.8662109375 0.18328445747800587 0.2626953125 0.23020527859237536
0 0.90234375 0.06451612903225806 0.1875 0.12903225806451613
0 0.7421875 0.06304985337243402 0.16015625 0.12609970674486803
0 0.77685546875 0.30058651026392963 0.212890625 0.28152492668621704
0 0.9267578125 0.4222873900293255 0.146484375 0.3225806451612903
0 0.89404296875 0.9655425219941349 0.2119140625 0.054252199413489736
0 0.939453125 0.8152492668621701 0.12109375 0.20527859237536658
0 0.94921875 0.658357771260997 0.1015625 0.12903225806451613
0 0.04638671875 0.156158357771261 0.0927734375 0.29178885630498536
0 0.1162109375 0.4831378299120235 0.232421875 0.20381231671554254
0 0.11328125 0.8115835777126099 0.224609375 0.37683284457478006
0 0.11474609375 0.748533724340176 0.22265625 0.3343108504398827