0 0.75927734375 0.8196480938416423 0.3271484375 0.3563049853372434
0 0.67724609375 0.44574780058651026 0.2490234375 0.39002932551319647
0 0.572265625 0.1627565982404692 0.28515625 0.3255131964809384
0 0.4521484375 0.4655425219941349 0.1904296875 0.28885630498533726
0 0.34716796875 0.25146627565982405 0.1328125 0.20967741935483872
0 0.35595703125 0.08211143695014662 0.15625 0.16129032258064516
0 0.46728515625 0.8057184750733137 0.2275390625 0.3885630498533724
0 0.34716796875 0.9728739002932552 0.1376953125 0.054252199413489736
0 0.16796875 0.8695014662756598 0.330078125 0.26099706744868034
0 0.130859375 0.6092375366568915 0.1962890625 0.2624633431085044
0 0.27294921875 0.6847507331378299 0.1484375 0.4208211143695015
0 0.1435546875 0.2961876832844575 0.287109375 0.5806451612903226
0 0.03857421875 0.6964809384164223 0.0751953125 0.2434017595307918