0 0.42431640625 0.44501466275659823 0.14453125 0.30058651026392963
0 0.267578125 0.44208211143695014 0.11328125 0.1495601173020528
0 0.31396484375 0.6151026392961877 0.1650390625 0.23460410557184752
0 0.1875 0.39002932551319647 0.046875 0.2316715542521994
0 0.19287109375 0.6796187683284457 0.05078125 0.3357771260997067
0 0.27392578125 0.9142228739002932 0.1962890625 0.17155425219941348
0 0.19140625 0.9281524926686217 0.041015625 0.1436950146627566
0 0.55126953125 0.9655425219941349 0.2119140625 0.0689149560117302
0 0.74462890625 0.8321114369501467 0.1884765625 0.32697947214076245
0 0.78515625 0.6422287390029325 0.1005859375 0.19941348973607037
0 0.78173828125 0.40615835777126097 0.103515625 0.2653958944281525
0 0.71923828125 0.21627565982404692 0.2236328125 0.28152492668621704
0 0.54052734375 0.6429618768328446 0.166015625 0.5087976539589443