0 0.52197265625 0.4237536656891496 0.080078125 0.20381231671554254
0 0.6240234375 0.6656891495601173 0.25 0.29178885630498536
0 0.8916015625 0.5109970674486803 0.216796875 0.3196480938416422
0 0.72998046875 0.3181818181818182 0.2939453125 0.3914956011730205
0 0.38232421875 0.5366568914956011 0.2421875 0.25219941348973607
0 0.07763671875 0.18988269794721407 0.1357421875 0.37976539589442815
0 0.35107421875 0.22434017595307917 0.3408203125 0.44868035190615835
0 0.66455078125 0.11436950146627566 0.265625 0.2287390029325513
0 0.87353515625 0.039589442815249266 0.1015625 0.07917888563049853
0 0.9697265625 0.038856304985337244 0.060546875 0.07771260997067449
0 0.94384765625 0.2155425219941349 0.1123046875 0.2316715542521994