0 0.294921875 0.6972140762463344 0.21484375 0.41935483870967744
0 0.32568359375 0.3467741935483871 0.1875 0.22580645161290322
0 0.107421875 0.40249266862170086 0.2109375 0.2756598240469208
0 0.08837890625 0.8365102639296188 0.1767578125 0.32697947214076245
0 0.05029296875 0.6693548387096774 0.1005859375 0.15542521994134897
0 0.14892578125 0.6195014662756598 0.07421875 0.09530791788856305
0 0.62255859375 0.7910557184750733 0.1875 0.3196480938416422
0 0.47021484375 0.8511730205278593 0.1181640625 0.29765395894428154
0 0.66845703125 0.9296187683284457 0.212890625 0.13049853372434017
0 0.853515625 0.8907624633431085 0.189453125 0.21407624633431085
0 0.9765625 0.8951612903225806 0.046875 0.20967741935483872
0 0.89111328125 0.6906158357771262 0.216796875 0.1906158357771261
0 0.93896484375 0.5762463343108505 0.12109375 0.15542521994134897
0 0.22021484375 0.9523460410557185 0.171875 0.09530791788856305
0 0.35595703125 0.9596774193548387 0.0830078125 0.07624633431085044