0 0.1650390625 0.21774193548387097 0.16015625 0.26099706744868034
0 0.32080078125 0.18328445747800587 0.103515625 0.25806451612903225
0 0.3818359375 0.26173020527859236 0.107421875 0.3064516129032258
0 0.57080078125 0.20087976539589442 0.232421875 0.3782991202346041
0 0.85693359375 0.2873900293255132 0.28515625 0.5190615835777126
0 0.79541015625 0.22360703812316715 0.1796875 0.2903225806451613
0 0.07763671875 0.17302052785923755 0.134765625 0.2873900293255132
0 0.13330078125 0.7675953079178885 0.1318359375 0.2375366568914956
0 0.0703125 0.7060117302052786 0.140625 0.4310850439882698
0 0.39013671875 0.7683284457478006 0.1875 0.4090909090909091
0 0.322265625 0.9714076246334311 0.0029296875 0.005865102639296188
0 0.56005859375 0.8086510263929618 0.1103515625 0.38269794721407624
0 0.8427734375 0.8372434017595308 0.166015625 0.3255131964809384
0 0.71826171875 0.9156891495601173 0.138671875 0.16862170087976538
0 0.9677734375 0.9259530791788856 0.064453125 0.14809384164222875
0 0.07470703125 0.9545454545454546 0.14453125 0.07331378299120235