0 0.47021484375 0.7074780058651027 0.1220703125 0.22287390029325513
0 0.79833984375 0.8804985337243402 0.0625 0.20087976539589442
0 0.68359375 0.6348973607038123 0.1826171875 0.2404692082111437
0 0.4208984375 0.42668621700879766 0.1923828125 0.2932551319648094
0 0.57861328125 0.27712609970674484 0.2060546875 0.436950146627566
0 0.72998046875 0.23607038123167157 0.2158203125 0.4237536656891496
0 0.41552734375 0.1810850439882698 0.12109375 0.2375366568914956
0 0.381796619140625 0.30731749706744865 0.3961698505859375 0.23562927565982403 0.2696542763671875 0.145804146627566 0.2598395859375 0.20988248680351906 0.381796619140625 0.30731749706744865
0 0.3377404755859375 0.3911623958944282 0.363510587890625 0.2920555923753666 0.2197262783203125 0.1663312521994135 0.1856217041015625 0.24119809970674488 0.335134623046875 0.38597257478005864 0.3377404755859375 0.3911623958944282
0 0.65185546875 0.05718475073313783 0.1435546875 0.11143695014662756
0 0.2060546875 0.021994134897360705 0.068359375 0.04398826979472141
0 0.32958984375 0.1378299120234604 0.087890625 0.13929618768328444
0 0.22607421875 0.37390029325513197 0.1171875 0.20381231671554254
0 0.46923828125 0.03812316715542522 0.1298828125 0.07624633431085044