0 0.3740234375 0.9318181818181818 0.111328125 0.13636363636363635
0 0.1318359375 0.8203812316715543 0.2578125 0.21407624633431085
0 0.09423828125 0.9369501466275659 0.1884765625 0.12609970674486803
0 0.25390625 0.9406158357771262 0.15234375 0.1187683284457478
0 0.22265625 0.7096774193548387 0.2021484375 0.2653958944281525
0 0.07373046875 0.5887096774193549 0.1474609375 0.30498533724340177
0 0.109375 0.045454545454545456 0.21875 0.09090909090909091
0 0.064453125 0.20967741935483872 0.12890625 0.1935483870967742
0 0.05419921875 0.36070381231671556 0.1083984375 0.12023460410557185
0 0.9404296875 0.8636363636363636 0.119140625 0.2727272727272727
0 0.87451171875 0.5498533724340176 0.2509765625 0.1906158357771261
0 0.880859375 0.20674486803519063 0.23828125 0.41348973607038125
0 0.865234375 0.29545454545454547 0.2109375 0.31671554252199413