0 0.283203125 0.9237536656891495 0.224609375 0.15249266862170088
0 0.52099609375 0.6818181818181818 0.244140625 0.20381231671554254
0 0.5322265625 0.9171554252199413 0.298828125 0.1656891495601173
0 0.74072265625 0.8687683284457478 0.19140625 0.19208211143695014
0 0.48388671875 0.5 0.21875 0.1906158357771261
0 0.5537109375 0.2844574780058651 0.2265625 0.2785923753665689
0 0.57421875 0.08504398826979472 0.208984375 0.17008797653958943
0 0.72216796875 0.1693548387096774 0.095703125 0.1348973607038123
0 0.73974609375 0.06085043988269795 0.1396484375 0.1217008797653959
0 0.77001953125 0.33944281524926684 0.119140625 0.37390029325513197
0 0.6865234375 0.437683284457478 0.0537109375 0.27712609970674484
0 0.6376953125 0.5175953079178885 0.087890625 0.1656891495601173
0 0.7890625 0.6612903225806451 0.0947265625 0.22434017595307917
0 0.724609375 0.6700879765395894 0.1669921875 0.10117302052785923