0 0.71240234375 0.6495601173020528 0.1552734375 0.4398826979472141
0 0.6865234375 0.38049853372434017 0.07421875 0.3343108504398827
0 0.5361328125 0.6502932551319648 0.15625 0.2961876832844575
0 1 0.6393351788856305 0.84583566015625 1 0.9187436865234375 1 0.968644404296875 0.9423544457478006 1 0.9503841041055718 1 0.6393351788856305
0 1 0.420051431085044 0.9901163955078125 0.39620150000000004 0.7493875517578125 0.8935734061583578 0.8157060234375 0.9911354853372434 1 0.6269696495601172 1 0.420051431085044
0 0.1471078857421875 0.5277156070381231 0.2229004599609375 0.5155203460410557 0.1065047646484375 0.17811818475073313 0.0132683046875 0.27127767302052785 0.1471078857421875 0.5277156070381231
0 0.05712890625 0.4222873900293255 0.1142578125 0.2756598240469208
0 0.33154296875 0.5109970674486803 0.16015625 0.39882697947214074
0 0.18896484375 0.27785923753665687 0.1279296875 0.25219941348973607
0 0.8339087255859375 0 0.7250256796875 0.5216179765395895 0.818412857421875 0.5703990161290323 0.9524031552734376 0.14153240469208211 0.94482117578125 0 0.8339087255859375 0
0 1 0.24171686070381232 0.8197663359375 0.539910866568915 0.8441282080078125 0.6740587258064517 1 0.43465612463343106 1 0.24171686070381232
0 0.70654296875 0.16348973607038123 0.115234375 0.32697947214076245
0 0.44287109375 0.1810850439882698 0.0810546875 0.3621700879765396
0 0.51611328125 0.1935483870967742 0.068359375 0.3870967741935484
0 0.60009765625 0.19648093841642228 0.0654296875 0.39296187683284456
0 0.33349609375 0.15102639296187684 0.1328125 0.3020527859237537
0 0.1005859375 0.1429618768328446 0.166015625 0.2859237536656892
0 0.55322265625 0.44281524926686217 0.146484375 0.22727272727272727