0 0.9423828125 0.04398826979472141 0.0849609375 0.06598240469208211
0 0.400390625 0.4303519061583578 0.17578125 0.20674486803519063
0 0.96240234375 0.4626099706744868 0.0751953125 0.18035190615835778
0 0.8279161591796875 1 0.8532928056640625 0.9661544413489735 0.7215250625 0.8224075322580645 0.6553487705078125 0.9137959325513197 0.7761959912109375 1 0.8279161591796875 1
0 0.74951171875 0.7866568914956011 0.1103515625 0.1436950146627566
0 0.65966796875 0.8460410557184751 0.0859375 0.10850439882697947
0 0.28759765625 0.9398826979472141 0.1455078125 0.11436950146627566
0 0.0654296875 0.9332844574780058 0.130859375 0.11290322580645161
0 0.076171875 0.4398826979472141 0.15234375 0.28152492668621704
0 0.841796875 0.7038123167155426 0.125 0.093841642228739
0 0.865234375 0.6180351906158358 0.1630859375 0.12023460410557185
0 0.6884765625 0.6085043988269795 0.1044921875 0.11730205278592376
0 0.89501953125 0.9494134897360704 0.1201171875 0.10117302052785923
0 0.85595703125 0.8621700879765396 0.130859375 0.1436950146627566
0 0.54443359375 0.9244868035190615 0.2255859375 0.15102639296187684
0 0.494140625 0.8387096774193549 0.109375 0.1495601173020528
0 0.1943359375 0.533724340175953 0.2236328125 0.25513196480938416
0 0.384765625 0.6862170087976539 0.197265625 0.24193548387096775
0 0.22265625 0.7529325513196481 0.1875 0.20674486803519063
0 0.0732421875 0.751466275659824 0.146484375 0.2595307917888563
0 0.58935546875 0.5769794721407625 0.13671875 0.1935483870967742
0 0.27978515625 0.3313782991202346 0.1796875 0.19794721407624633
0 0.93896484375 0.8621700879765396 0.1162109375 0.2756598240469208
0 0.5693359375 0.7749266862170088 0.0810546875 0.1348973607038123