0 0.95849609375 0.906891495601173 0.0751953125 0.18621700879765396
0 0.068359375 0.14589442815249268 0.1328125 0.29178885630498536
0 0.19873046875 0.156158357771261 0.1533203125 0.312316715542522
0 0.34912109375 0.1217008797653959 0.1630859375 0.2434017595307918
0 0.119140625 0.4398826979472141 0.23828125 0.28152492668621704
0 0.06640625 0.6810850439882697 0.1328125 0.23900293255131966
0 0.04052734375 0.8768328445747801 0.0810546875 0.22287390029325513
0 0.52734375 0.2595307917888563 0.21875 0.40175953079178883
0 0.224609375 0.969208211143695 0.1435546875 0.051319648093841645
0 0.35693359375 0.8768328445747801 0.2080078125 0.24486803519061584
0 0.140625 0.8936950146627566 0.1552734375 0.19794721407624633
0 0.17919921875 0.6818181818181818 0.1826171875 0.24486803519061584
0 0.37255859375 0.4655425219941349 0.162109375 0.2126099706744868
0 0.35302734375 0.28519061583577715 0.1640625 0.1656891495601173
0 0.55126953125 0.5219941348973607 0.2841796875 0.2536656891495601
0 0.46044921875 0.6832844574780058 0.1494140625 0.18621700879765396
0 0.27734375 0.658357771260997 0.2490234375 0.28152492668621704
0 0.71728515625 0.12243401759530792 0.2275390625 0.2375366568914956
0 0.5556640625 0.06671554252199413 0.115234375 0.13343108504398826
0 0.978515625 0.2001466275659824 0.04296875 0.22140762463343108