0 0.2275390625 0.8137829912023461 0.20458984375 0.11656891495601172
0 0.568359375 0.6070381231671554 0.1826171875 0.2221407624633431
0 0.666015625 0.8233137829912024 0.11328125 0.2837243401759531
0 0.52880859375 0.9171554252199413 0.2587890625 0.16495601173020527
0 0.42138671875 0.08870967741935484 0.16650390625 0.17668621700879766
0 0.529296875 0.3687683284457478 0.2021484375 0.2316715542521994
0 0.46435546875 0.26466275659824046 0.10986328125 0.1495601173020528
0 0.111328125 0.0872434017595308 0.142578125 0.17375366568914957
0 0.04931640625 0.23093841642228738 0.0986328125 0.20674486803519063
0 0.06005859375 0.4633431085043988 0.11962890625 0.17961876832844575
0 0.05078125 0.8922287390029325 0.1015625 0.2155425219941349
0 0.0927734375 0.6590909090909091 0.15087890625 0.17302052785923755
0 0.314453125 0.499266862170088 0.10400390625 0.12903225806451613
0 0.3564453125 0.6268328445747801 0.10400390625 0.20161290322580644
0 0.34912109375 0.8643695014662757 0.10595703125 0.27052785923753664
0 0.28125 0.3357771260997067 0.17529296875 0.1590909090909091