0 0.6044921875 0.6429618768328446 0.271484375 0.37976539589442815
0 0.32763671875 0.783724340175953 0.248046875 0.35043988269794724
0 0.109375 0.8856304985337243 0.203125 0.2287390029325513
0 0.1025390625 0.7126099706744868 0.1884765625 0.27712609970674484
0 0.05126953125 0.532258064516129 0.1025390625 0.2697947214076246
0 0.2568359375 0.36436950146627567 0.1318359375 0.2565982404692082
0 0.126953125 0.3980938416422287 0.1376953125 0.22434017595307917
0 0.10009765625 0.1590909090909091 0.2001953125 0.3035190615835777
0 0.474609375 0.14076246334310852 0.2734375 0.28152492668621704
0 0.71923828125 0.25733137829912023 0.26953125 0.48533724340175954
0 0.52392578125 0.33944281524926684 0.134765625 0.20821114369501467
0 0.541015625 0.9164222873900293 0.15234375 0.16715542521994134