0 0.1220703125 0.5073313782991202 0.244140625 0.41348973607038125
0 0.2119140625 0.23826979472140764 0.228515625 0.46774193548387094
0 0.34326171875 0.4010263929618768 0.208984375 0.3284457478005865
0 0.15185546875 0.8291788856304986 0.2958984375 0.3416422287390029
0 0.30517578125 0.842375366568915 0.1689453125 0.3152492668621701
0 0.44140625 0.8541055718475073 0.12890625 0.29178885630498536
0 0.5693359375 0.8841642228739003 0.15625 0.2316715542521994
0 0.458984375 0.6312316715542522 0.15625 0.187683284457478
0 0.544921875 0.3357771260997067 0.15234375 0.3064516129032258
0 0.6201171875 0.09530791788856305 0.248046875 0.1906158357771261
0 0.40380859375 0.11363636363636363 0.1591796875 0.22727272727272727
0 0.63671875 0.6517595307917888 0.1728515625 0.218475073313783
0 0.783203125 0.8555718475073314 0.2138671875 0.28005865102639294
0 0.927734375 0.8313782991202346 0.14453125 0.3020527859237537
0 0.86279296875 0.5432551319648093 0.2744140625 0.37976539589442815
0 0.7236328125 0.3277126099706745 0.189453125 0.32991202346041054
0 0.8828125 0.17082111436950145 0.23046875 0.3416422287390029