0 0.83154296875 0.34824046920821117 0.3369140625 0.4530791788856305
0 0.04638671875 0.6165689149560117 0.0927734375 0.3563049853372434
0 0.0205078125 0.9010263929618768 0.041015625 0.1744868035190616
0 0.05419921875 0.3277126099706745 0.10546875 0.20234604105571846
0 0.0859375 0.12756598240469208 0.166015625 0.25513196480938416
0 0.95654296875 0.9530791788856305 0.0771484375 0.093841642228739
0 0.79736328125 0.8702346041055719 0.2705078125 0.2595307917888563
0 0.91162109375 0.749266862170088 0.173828125 0.22434017595307917
0 0.59326171875 0.9398826979472141 0.2021484375 0.12023460410557185
0 0.724609375 0.6715542521994134 0.2109375 0.20821114369501467
0 0.92236328125 0.5696480938416423 0.154296875 0.16862170087976538
0 0.99169921875 0.3321114369501466 0.0166015625 0.28885630498533726
0 0.9716796875 0.0967741935483871 0.056640625 0.17008797653958943
0 0.8349609375 0.08431085043988269 0.232421875 0.15689149560117302