0 0.4189453125 0.16642228739002932 0.203125 0.2859237536656892
0 0.32373046875 0.3651026392961877 0.1484375 0.20381231671554254
0 0.28173828125 0.2280058651026393 0.115234375 0.16862170087976538
0 0.1875 0.12023460410557185 0.103515625 0.13196480938416422
0 0.2314453125 0.04252199413489736 0.095703125 0.08504398826979472
0 0.06982421875 0.14002932551319647 0.1337890625 0.28005865102639294
0 0.05615234375 0.3812316715542522 0.111328125 0.16715542521994134
0 0.03125 0.5652492668621701 0.0625 0.2595307917888563
0 0.13330078125 0.5645161290322581 0.10546875 0.1495601173020528
0 0.1455078125 0.4538123167155425 0.15234375 0.15689149560117302
0 0.4765625 0.40615835777126097 0.16796875 0.218475073313783
0 0.41064453125 0.5395894428152492 0.111328125 0.18035190615835778
0 0.33203125 0.7221407624633431 0.1171875 0.1495601173020528
0 0.3408203125 0.5909090909090909 0.1025390625 0.14076246334310852
0 0.4638671875 0.7074780058651027 0.1640625 0.22140762463343108
0 0.2685546875 0.4934017595307918 0.1474609375 0.1774193548387097
0 0.20849609375 0.6466275659824047 0.146484375 0.14516129032258066
0 0.19091796875 0.8541055718475073 0.197265625 0.28005865102639294
0 0.39111328125 0.8856304985337243 0.1806640625 0.22727272727272727
0 0.05078125 0.8636363636363636 0.1015625 0.2375366568914956