0 0.60400390625 0.6004398826979472 0.10302734375 0.1906158357771261
0 0.40625 0.8027859237536656 0.12841796875 0.16715542521994134
0 0.42333984375 0.5153958944281525 0.20751953125 0.2866568914956012
0 0.4345703125 0.966275659824047 0.08203125 0.06744868035190615
0 0.91455078125 0.4149560117302053 0.16455078125 0.2404692082111437
0 0.6435546875 0.4501466275659824 0.189453125 0.3775659824046921
0 0.130859375 0.9552785923753666 0.12890625 0.08944281524926687
0 0.05615234375 0.8563049853372434 0.1123046875 0.2873900293255132
0 0.27880859375 0.9508797653958945 0.1123046875 0.09824046920821114
0 0.1083984375 0.4002932551319648 0.216796875 0.31671554252199413
0 0.265625 0.5557184750733137 0.12744140625 0.2155425219941349
0 0.13818359375 0.5740469208211144 0.19482421875 0.2250733137829912
0 0.7177734375 0.9633431085043989 0.10009765625 0.07258064516129033
0 0.93701171875 0.9413489736070382 0.1259765625 0.11730205278592376
0 0.8251953125 0.9582111436950147 0.1357421875 0.08357771260997067
0 0.90771484375 0.7675953079178885 0.1845703125 0.22434017595307917