0 0.56591796875 0.6664222873900293 0.130859375 0.16129032258064516
0 0.7060546875 0.3687683284457478 0.115234375 0.19941348973607037
0 0.51220703125 0.38929618768328444 0.197265625 0.32111436950146627
0 0.81396484375 0.4142228739002933 0.041015625 0.12609970674486803
0 0.4638671875 0.7243401759530792 0.2587890625 0.2961876832844575
0 0.810546875 0.028592375366568914 0.0556640625 0.04252199413489736
0 0.806640625 0.1781524926686217 0.0625 0.17155425219941348
0 0.43798828125 0.03812316715542522 0.2158203125 0.07624633431085044
0 0.54150390625 0.1495601173020528 0.1474609375 0.19941348973607037
0 0.55517578125 0.05278592375366569 0.1533203125 0.10557184750733138
0 0.80712890625 0.8460410557184751 0.0458984375 0.15395894428152493
0 0.8017578125 0.9523460410557185 0.052734375 0.09530791788856305