0 0.216796875 0.041788856304985335 0.08984375 0.08357771260997067
0 0.658203125 0.0967741935483871 0.16796875 0.18914956011730205
0 0.55517578125 0.25146627565982405 0.1591796875 0.2903225806451613
0 0.76318359375 0.218475073313783 0.150390625 0.3563049853372434
0 0.64013671875 0.35117302052785926 0.1572265625 0.24193548387096775
0 0.2138671875 0.28152492668621704 0.091796875 0.24780058651026393
0 0.42431640625 0.11950146627565983 0.3525390625 0.23900293255131966
0 0.49072265625 0.18035190615835778 0.1259765625 0.26099706744868034
0 0.4287109375 0.43255131964809385 0.107421875 0.18328445747800587
0 0.34423828125 0.37316715542521994 0.0712890625 0.15102639296187684
0 0.2763671875 0.6114369501466276 0.2255859375 0.4046920821114369
0 0.197265625 0.531524926686217 0.064453125 0.22727272727272727