0 0.43212890625 0.35117302052785926 0.15234375 0.30791788856304986
0 0.25634765625 0.6957478005865103 0.1865234375 0.28885630498533726
0 0.2353515625 0.48607038123167157 0.1396484375 0.23020527859237536
0 0.30419921875 0.30131964809384165 0.1279296875 0.23460410557184752
0 0.2529296875 0.2434017595307918 0.1064453125 0.2316715542521994
0 0.19140625 0.15762463343108504 0.04296875 0.19501466275659823
0 0.20654296875 0.0469208211143695 0.0693359375 0.093841642228739
0 0.5693359375 0.16055718475073313 0.236328125 0.32111436950146627
0 0.48876953125 0.0373900293255132 0.0791015625 0.0747800586510264
0 0.265625 0.9288856304985337 0.111328125 0.13343108504398826
0 0.41064453125 0.9567448680351907 0.1513671875 0.08651026392961877
0 0.3701171875 0.8988269794721407 0.087890625 0.17888563049853373
0 0.3583984375 0.07551319648093842 0.154296875 0.15102639296187684
0 0.81201171875 0.050586510263929615 0.0537109375 0.08651026392961877
0 0.70361328125 0.05205278592375367 0.1572265625 0.09824046920821114