0 0.67333984375 0.49193548387096775 0.1171875 0.19648093841642228
0 0.4267578125 0.3936950146627566 0.13671875 0.25806451612903225
0 0.29931640625 0.3878299120234604 0.123046875 0.2756598240469208
0 0.0177021884765625 0.08106619208211144 0.1594824140625 0.273882362170088 0.1868558076171875 0.22962947067448683 0.0724489755859375 0.02838416275659824 0.0177021884765625 0.08106619208211144
0 0.0201014921875 0.16630118328445748 0.139421455078125 0.32013263049853374 0.170304236328125 0.28957709530791786 0.06291630859375 0.10835093695014664 0.0201014921875 0.16630118328445748
0 0 0.21721864076246333 0.0802454140625 0.3025363284457478 0.090289701171875 0.2800943328445748 0 0.1564701598240469 0 0.21721864076246333
0 0 0.1857605249266862 0.0876177626953125 0.29463893108504396 0.0930972509765625 0.27271881964809386 0 0.11462180938416422 0 0.1857605249266862
0 0.28271484375 0.17888563049853373 0.1220703125 0.15835777126099707
0 0.88525390625 0.4112903225806452 0.2294921875 0.3973607038123167
0 0.63525390625 0.2250733137829912 0.1943359375 0.2404692082111437
0 0.92138671875 0.09824046920821114 0.1572265625 0.19648093841642228
0 0.689453125 0.04325513196480939 0.125 0.08504398826979472
0 0.7900390625 0.22727272727272727 0.162109375 0.21994134897360704
0 0.59228515625 0.436950146627566 0.0654296875 0.1158357771260997
0 0.07767158203125 0 0.199256185546875 0.22198287829912025 0.2268630751953125 0.2022348064516129 0.1622939091796875 0 0.07767158203125 0
0 0 0 0 0.035123284457478005 0.0991205302734375 0.19064474780058652 0.1264939228515625 0.16535738123167157 0.051292091796875 0 0 0
0 0.5205078125 0.19501466275659823 0.1689453125 0.27419354838709675
0 0.50390625 0.47653958944281527 0.154296875 0.20821114369501467
0 0.38623046875 0.1429618768328446 0.080078125 0.13929618768328444