0 0.32568359375 0.05205278592375367 0.1826171875 0.10410557184750734
0 0.43603515625 0.17668621700879766 0.17578125 0.3181818181818182
0 0.22998046875 0.16055718475073313 0.1220703125 0.32111436950146627
0 0.34033203125 0.28005865102639294 0.1708984375 0.2653958944281525
0 0.79833984375 0.2280058651026393 0.0791015625 0.2697947214076246
0 0.5810546875 0.08577712609970674 0.384765625 0.17155425219941348
0 0.50732421875 0.1217008797653959 0.1376953125 0.2434017595307918
0 0.56982421875 0.3812316715542522 0.1171875 0.20087976539589442
0 0.66357421875 0.3218475073313783 0.078125 0.16422287390029325
0 0.72119140625 0.5850439882697948 0.2265625 0.44281524926686217
0 0.81005859375 0.5029325513196481 0.0478515625 0.24780058651026393