0 0.79345703125 0.30131964809384165 0.1826171875 0.21700879765395895
0 0.837890625 0.13196480938416422 0.11083984375 0.13049853372434017
0 0.685546875 0.5755131964809385 0.10888671875 0.23900293255131966
0 0.77587890625 0.874633431085044 0.0595703125 0.20234604105571846
0 0.90673828125 0.8812316715542522 0.17529296875 0.21994134897360704
0 0.87353515625 0.6202346041055719 0.16796875 0.24193548387096775
0 0.93115234375 0.42668621700879766 0.1376953125 0.21114369501466276
0 0.9443359375 0.21920821114369501 0.111328125 0.2719941348973607
0 0.71435546875 0.04472140762463343 0.2001953125 0.07697947214076246
0 0.923828125 0.04252199413489736 0.15234375 0.06744868035190615
0 0.38037109375 0.26099706744868034 0.23388671875 0.5219941348973607
0 0.2431640625 0.38269794721407624 0.16357421875 0.3262463343108504
0 0.33056640625 0.7521994134897361 0.1962890625 0.3460410557184751
0 0.53369140625 0.8277126099706745 0.13134765625 0.34457478005865105
0 0.37841796875 0.9413489736070382 0.1640625 0.11656891495601172
0 0.61376953125 0.18475073313782991 0.18505859375 0.2697947214076246
0 0.58154296875 0.46480938416422285 0.13525390625 0.28079178885630496
0 0.67041015625 0.8577712609970675 0.11572265625 0.2837243401759531