0 0.438803072265625 1 0.4684874560546875 0.6151125527859237 0.3896818720703125 0.6190573812316715 0.371885140625 1 0.438803072265625 1
0 0.533346822265625 1 0.559113876953125 0.6506165527859238 0.484248572265625 0.6348369677419355 0.4703306513671875 1 0.533346822265625 1
0 0.3804878466796875 0.7196520498533725 0.310876287109375 0.6308920483870968 0.2491451669921875 0.7216245542521994 0.3043090751953125 0.9898769721407624 0.3804878466796875 0.7196520498533725
0 0.9216195634765625 0.8873098900293256 0.9452612392578125 0.7433213841642229 0.7981574423828125 0.3547498826979472 0.7180383916015625 0.409978297653959 0.732486162109375 0.6289196348973607 0.890097330078125 0.9898769721407624 0.9216195634765625 0.8873098900293256
0 0.7744408828125 0 0.852007884765625 0.28768671114369504 1 0.4286648284457478 1 0 0.7744408828125 0
0 0.82705286328125 0.4218129648093842 0.7850231376953125 0.19300937683284458 0.6352925283203125 0.03718620234604106 0.5945763896484375 0.3961712170087976 0.7022772744140625 0.49479337976539595 0.82705286328125 0.4218129648093842
0 0.52294921875 0.2668621700879765 0.1455078125 0.41935483870967744
0 0.0791015625 0.5491202346041055 0.158203125 0.30058651026392963
0 0.30419921875 0.44501466275659823 0.1650390625 0.3343108504398827
0 1 0.5088435557184751 0.8769630263671875 0.2738796290322581 0.833619955078125 0.36855696480938416 1 0.6511900219941349 1 0.5088435557184751
0 1 0.6586233152492669 0.8874703974609375 0.41392321700879764 0.8349334208984375 0.4395649648093841 0.9531417978515625 0.8774476378299121 1 0.8766359516129032 1 0.6586233152492669
0 0.665631640625 1 0.6930833701171875 0.9721249721407625 0.662874482421875 0.591443219941349 0.5761883408203125 0.5993329677419356 0.5814420859375 0.7729080498533725 0.65668102734375 1 0.665631640625 1
0 0.52978515625 0.4780058651026393 0.119140625 0.20381231671554254
0 0.67041015625 0.5637829912023461 0.072265625 0.3284457478005865
0 0.423828125 0.45821114369501464 0.1796875 0.33724340175953077
0 0.0673828125 0.905425219941349 0.134765625 0.18914956011730205
0 0.14892578125 0.6788856304985337 0.138671875 0.2155425219941349
0 0.173828125 0.48533724340175954 0.126953125 0.20087976539589442
0 0.2138671875 0.8819648093841642 0.125 0.23607038123167157
0 0.72412109375 0.8203812316715543 0.07421875 0.3592375366568915