0 0.47802734375 0.047653958944281524 0.2705078125 0.09530791788856305
0 0.310546875 0.11143695014662756 0.287109375 0.22287390029325513
0 0.41162109375 0.24926686217008798 0.212890625 0.30498533724340177
0 0.70751953125 0.0872434017595308 0.2509765625 0.1744868035190616
0 0.716796875 0.18475073313782991 0.232421875 0.24633431085043989
0 0.72509765625 0.38929618768328444 0.21484375 0.187683284457478
0 0.74658203125 0.5799120234604106 0.171875 0.23020527859237536
0 0.56640625 0.4186217008797654 0.12109375 0.23020527859237536
0 0.37255859375 0.5520527859237536 0.19921875 0.21994134897360704
0 0.22119140625 0.6693548387096774 0.1083984375 0.3680351906158358
0 0.2314453125 0.3453079178885631 0.12890625 0.23313782991202345
0 0.5830078125 0.6832844574780058 0.142578125 0.25219941348973607
0 0.73095703125 0.8702346041055719 0.2021484375 0.2595307917888563
0 0.515625 0.9105571847507331 0.24609375 0.17888563049853373
0 0.36962890625 0.8189149560117303 0.2158203125 0.27712609970674484
0 0.2734375 0.9450146627565983 0.212890625 0.10997067448680352