0 0.43310546875 0.6129032258064516 0.193359375 0.2756598240469208
0 0.2275390625 0.4809384164222874 0.12109375 0.1627565982404692
0 0.21484375 0.3101173020527859 0.095703125 0.1627565982404692
0 0.23779296875 0.15689149560117302 0.140625 0.18181818181818182
0 0.3095703125 0.03519061583577713 0.2578125 0.07038123167155426
0 0.82421875 0.06085043988269795 0.017578125 0.1217008797653959
0 0.61279296875 0.11143695014662756 0.1943359375 0.22287390029325513
0 0.4736328125 0.29838709677419356 0.1787109375 0.24633431085043989
0 0.767578125 0.6165689149560117 0.130859375 0.29765395894428154
0 0.62744140625 0.7082111436950147 0.146484375 0.3225806451612903
0 0.79833984375 0.27126099706744866 0.0693359375 0.2155425219941349
0 0.6494140625 0.3453079178885631 0.0859375 0.1378299120234604