0 0.55517578125 0.9384164222873901 0.2216796875 0.12316715542521994
0 0.76416015625 0.9142228739002932 0.1376953125 0.17155425219941348
0 0.65673828125 0.8145161290322581 0.150390625 0.2565982404692082
0 0.541015625 0.6165689149560117 0.20703125 0.25219941348973607
0 0.4482421875 0.7360703812316716 0.138671875 0.2668621700879765
0 0.33642578125 0.08431085043988269 0.1611328125 0.16862170087976538
0 0.712890625 0.07697947214076246 0.19921875 0.15395894428152493
0 0.77197265625 0.20967741935483872 0.1220703125 0.22727272727272727
0 0.62744140625 0.33284457478005863 0.15234375 0.25806451612903225
0 0.74462890625 0.5865102639296188 0.17578125 0.21114369501466276
0 0.43115234375 0.3907624633431085 0.15234375 0.24780058651026393
0 0.474609375 0.14882697947214077 0.16015625 0.29765395894428154
0 0.296875 0.2859237536656892 0.138671875 0.24926686217008798
0 0.2060546875 0.09824046920821114 0.068359375 0.1348973607038123
0 0.7822265625 0.37976539589442815 0.1015625 0.16129032258064516
0 0.78857421875 0.7521994134897361 0.0888671875 0.093841642228739