0 0.29150390625 0.9706744868035191 0.1611328125 0.05865102639296188
0 0.26123046875 0.8804985337243402 0.1826171875 0.23900293255131966
0 0.34130859375 0.5087976539589443 0.189453125 0.2991202346041056
0 0.2685546875 0.05498533724340176 0.21484375 0.10410557184750734
0 0.38232421875 0.5608504398826979 0.087890625 0.1466275659824047
0 0.40771484375 0.3548387096774194 0.119140625 0.14809384164222875
0 0.5 0.5212609970674487 0.154296875 0.1656891495601173
0 0.5029296875 0.6151026392961877 0.14453125 0.13636363636363635
0 0.56005859375 0.8900293255131965 0.123046875 0.17595307917888564
0 0.759765625 0.9039589442815249 0.12890625 0.18181818181818182
0 0.7236328125 0.5608504398826979 0.126953125 0.1627565982404692
0 0.658203125 0.7448680351906158 0.0849609375 0.14809384164222875
0 0.77099609375 0.2529325513196481 0.109375 0.1348973607038123
0 0.806640625 0.4112903225806452 0.0517578125 0.12316715542521994
0 0.73046875 0.4178885630498534 0.0771484375 0.11143695014662756
0 0.60009765625 0.19281524926686217 0.2138671875 0.38563049853372433
0 0.80078125 0.017595307917888565 0.05078125 0.03519061583577713