0 0.0693359375 0.038856304985337244 0.08154296875 0.07771260997067449
0 0.59033203125 0.4347507331378299 0.1689453125 0.19501466275659823
0 0.04052734375 0.45161290322580644 0.0810546875 0.17302052785923755
0 0.18681796875 1 0.3378370791015625 0.8970847727272727 0.274731931640625 0.8068347917888564 0.145409587890625 0.9428003387096774 0.18681796875 1
0 0.248046875 0.7712609970674487 0.10498046875 0.13636363636363635
0 0.33447265625 0.8306451612903226 0.08251953125 0.10263929618768329
0 0.69384765625 0.9391495601173021 0.14013671875 0.1217008797653959
0 0.92333984375 0.9391495601173021 0.1533203125 0.1217008797653959
0 0.916015625 0.4530791788856305 0.16796875 0.26832844574780057
0 0.15966796875 0.6884164222873901 0.12060546875 0.08797653958944282
0 0.1376953125 0.6048387096774194 0.15673828125 0.11217008797653959
0 0.30859375 0.6004398826979472 0.10009765625 0.11217008797653959
0 0.1044921875 0.9391495601173021 0.1162109375 0.1217008797653959
0 0.1435546875 0.841642228739003 0.12548828125 0.13563049853372433
0 0.4453125 0.9193548387096774 0.216796875 0.16129032258064516
0 0.4951171875 0.8284457478005866 0.1044921875 0.14149560117302054
0 0.7890625 0.5410557184750733 0.21337890625 0.24120234604105573
0 0.60302734375 0.6832844574780058 0.1884765625 0.23020527859237536
0 0.7587890625 0.7521994134897361 0.1796875 0.19648093841642228
0 0.9169921875 0.7551319648093842 0.166015625 0.2470674486803519
0 0.40576171875 0.5725806451612904 0.1298828125 0.1840175953079179
0 0.7080078125 0.3416422287390029 0.17236328125 0.18841642228739003
0 0.05908203125 0.8541055718475073 0.1181640625 0.29178885630498536
0 0.4228515625 0.7646627565982405 0.07666015625 0.12976539589442815