0 0.91796875 0.07624633431085044 0.15625 0.15249266862170088
0 0.82958984375 0.2316715542521994 0.2587890625 0.4222873900293255
0 0.9423828125 0.4178885630498534 0.109375 0.4780058651026393
0 0.9306640625 0.8291788856304986 0.138671875 0.32111436950146627
0 0.58740234375 0.11510263929618768 0.2509765625 0.23020527859237536
0 0.3583984375 0.09970674486803519 0.205078125 0.19794721407624633
0 0.1884765625 0.13856304985337242 0.1259765625 0.26392961876832843
0 0.060546875 0.11730205278592376 0.12109375 0.21407624633431085
0 0.4287109375 0.3189149560117302 0.181640625 0.20381231671554254
0 0.26806640625 0.4604105571847507 0.263671875 0.38269794721407624
0 0.06787109375 0.4530791788856305 0.1357421875 0.3724340175953079
0 0.14404296875 0.8357771260997068 0.2841796875 0.3284457478005865