0 0.4794921875 0.16348973607038123 0.134765625 0.16788856304985336
0 0.318359375 0.6510263929618768 0.14599609375 0.21407624633431085
0 0.6044921875 0.5153958944281525 0.08984375 0.15249266862170088
0 0.57421875 0.7133431085043989 0.205078125 0.24266862170087977
0 0.525390625 0.533724340175953 0.099609375 0.14516129032258066
0 0.38671875 0.6143695014662757 0.11962890625 0.19868035190615835
0 0.44677734375 0.6304985337243402 0.0546875 0.09970674486803519
0 0.1845703125 0.6268328445747801 0.17041015625 0.23240469208211142
0 0.20703125 0.5285923753665689 0.1279296875 0.1781524926686217
0 0.0302734375 0.6312316715542522 0.060546875 0.15395894428152493
0 0.35791015625 0.09604105571847507 0.1298828125 0.19208211143695014
0 0.1435546875 0.11510263929618768 0.123046875 0.20967741935483872
0 0.06640625 0.2661290322580645 0.1328125 0.16862170087976538
0 0.029296875 0.09750733137829912 0.05859375 0.19501466275659823
0 0.2197265625 0.27346041055718473 0.1025390625 0.11290322580645161
0 0.79296875 0.6099706744868035 0.203125 0.19794721407624633
0 0.7734375 0.7932551319648093 0.150390625 0.12096774193548387
0 1 0.2716965982404692 0.8960769609375 0.28600145894428153 0.839610166015625 0.5057599530791789 0.8688396640625 0.5423323885630499 1 0.41615758064516134 1 0.2716965982404692
0 0.823777484375 0.5167316744868035 0.859096423828125 0.5295320733137829 0.91511977734375 0.2771824589442815 0.828460001953125 0.25858917741935483 0.823777484375 0.5167316744868035
0 0.794547986328125 0.514903082111437 0.83352061328125 0.5222175366568915 0.8286491044921875 0.2735251906158358 0.74622316015625 0.2914839149560117 0.794547986328125 0.514903082111437
0 0.93798828125 0.5953079178885631 0.1240234375 0.22360703812316715
0 0.91064453125 0.15249266862170088 0.1787109375 0.30425219941348974
0 0.7117311123046876 0 0.722692173828125 0.3247265337243402 0.788458544921875 0.33021239442815253 0.884672234375 0 0.7117311123046876 0
0 0.6728515625 0.041788856304985335 0.0654296875 0.08357771260997067