0 0.77099609375 0.8079178885630498 0.087890625 0.1906158357771261
0 0.70751953125 0.6048387096774194 0.1875 0.3035190615835777
0 0.62255859375 0.3680351906158358 0.1171875 0.2126099706744868
0 0.697265625 0.13929618768328444 0.232421875 0.2785923753665689
0 0.494140625 0.27785923753665687 0.08984375 0.15689149560117302
0 0.47314453125 0.0747800586510264 0.1435546875 0.1495601173020528
0 0.25537109375 0.03592375366568915 0.2412109375 0.0718475073313783
0 0.11376953125 0.11656891495601172 0.2275390625 0.23313782991202345
0 0.29833984375 0.30718475073313783 0.208984375 0.375366568914956
0 0.111328125 0.2873900293255132 0.2021484375 0.20821114369501467
0 0.15576171875 0.5 0.279296875 0.218475073313783
0 0.13330078125 0.7426686217008798 0.25 0.28005865102639294
0 0.1962890625 0.9010263929618768 0.3388671875 0.19648093841642228
0 0.4013671875 0.7082111436950147 0.2265625 0.4633431085043988
0 0.607421875 0.873900293255132 0.1904296875 0.24780058651026393
0 0.56103515625 0.6165689149560117 0.0595703125 0.21700879765395895
0 0.484375 0.41275659824046923 0.125 0.12316715542521994