0 0.28759765625 0.7998533724340176 0.1494140625 0.22727272727272727
0 0.59716796875 0.37023460410557185 0.14453125 0.2653958944281525
0 0.6416015625 0.5835777126099707 0.150390625 0.17155425219941348
0 0.67431640625 0.7016129032258065 0.130859375 0.1348973607038123
0 0.5166015625 0.8482404692082112 0.234375 0.3035190615835777
0 0.595608220703125 0.9975704457478005 0.7913584345703125 0.9924401862170088 0.6640612392578125 0.8181275513196481 0.595608220703125 0.9975704457478005
0 0.653765712890625 0.26585601173020523 0.8299720009765625 0.23449924926686216 0.8276899169921875 0.038196821114369506 0.6318420419921875 0.136878780058651 0.653765712890625 0.26585601173020523
0 0.6351609794921875 0 0.6603716025390625 0.05629878885630499 0.8276565478515625 0.035326403225806456 0.827245865234375 0 0.6351609794921875 0
0 0.65864662890625 0.46347973900293254 0.8317677177734375 0.38896492375366565 0.8300889091796875 0.24455555571847507 0.6399666005859375 0.3011150117302053 0.65864662890625 0.46347973900293254
0 0.6899780439453125 0.8252033445747801 0.8146913095703125 0.9918286744868035 0.8387688818359375 0.9911976436950147 0.8365059501953125 0.7965426656891497 0.69206497265625 0.782496275659824 0.6899780439453125 0.8252033445747801
0 0.6677465263671875 0.5795657448680352 0.8347994384765625 0.6497503753665689 0.8334463603515625 0.5333599516129032 0.6677465263671875 0.5795657448680352
0 0.75244140625 0.48167155425219943 0.162109375 0.11143695014662756
0 0.7626953125 0.7148093841642229 0.1474609375 0.1627565982404692
0 0.654296875 0.07551319648093842 0.1328125 0.15102639296187684