0 0.67333984375 0.8093841642228738 0.1474609375 0.21994134897360704
0 0.900390625 0.7243401759530792 0.19921875 0.2434017595307918
0 0.3935546875 0.3548387096774194 0.171875 0.2126099706744868
0 0.533203125 0.2895894428152493 0.1123046875 0.21994134897360704
0 0.609375 0.24120234604105573 0.087890625 0.1935483870967742
0 0.712890625 0.4714076246334311 0.2109375 0.34457478005865105
0 0.912109375 0.34017595307917886 0.17578125 0.4604105571847507
0 0.8740234375 0.5234604105571847 0.103515625 0.1348973607038123
0 0.8414148154296875 0 0.6856577578125 0.25628170527859234 0.8119899443359375 0.3648632272727273 0.972335376953125 0 0.8414148154296875 0
0 0.9873046875 0.027126099706744868 0.015625 0.054252199413489736
0 0 0.5065515410557184 0.000332759765625 0.5351751774193548 0.14901748046875 0.6060233724340176 0.2037339716796875 0.4567375601173021 0 0.3141856774193548 0 0.5065515410557184
0 0.05224609375 0.6055718475073314 0.1044921875 0.13196480938416422
0 0.3257838671875 0.27140279472140766 0.3047477978515625 0.0050410425219941345 0.1757306572265625 0.008422348973607038 0.2417388974609375 0.3035918812316716 0.3257838671875 0.27140279472140766
0 0.1892312626953125 0.26170624633431083 0.1751403447265625 0.008437819648093842 0.0198296103515625 0.012508233137829911 0.146775904296875 0.3045414970674487 0.1892312626953125 0.26170624633431083
0 0.454560421875 0.2642348005865103 0.404547404296875 0.0024254765395894428 0.3108957392578125 0.00487991642228739 0.3487593671875 0.2916619780058651 0.454560421875 0.2642348005865103
0 0.6717281455078125 0 0.6624398125 0.2151676319648094 0.6902687744140625 0.21823119208211145 0.819678080078125 0 0.6717281455078125 0
0 0.4991576015625 0 0.5302050234375 0.2508734017595308 0.576986751953125 0 0.4991576015625 0
0 0.466796875 0.12243401759530792 0.072265625 0.24486803519061584
0 0.61767578125 0.10997067448680352 0.1064453125 0.21994134897360704
0 0.1572265625 0.27052785923753664 0.1884765625 0.19648093841642228
0 0.03955078125 0.16788856304985336 0.0791015625 0.3152492668621701
0 0.0166015625 0.26759530791788855 0.033203125 0.12463343108504399