0 0.87158203125 0.7690615835777126 0.2568359375 0.4501466275659824
0 0.30126953125 0.6510263929618768 0.169921875 0.3533724340175953
0 0.55322265625 0.6304985337243402 0.3076171875 0.42668621700879766
0 0.76953125 0.5131964809384164 0.09765625 0.17302052785923755
0 0.90185546875 0.3709677419354839 0.1962890625 0.31085043988269795
0 0.68994140625 0.1906158357771261 0.158203125 0.20821114369501467
0 0.8291015625 0.06744868035190615 0.15625 0.1348973607038123
0 0.91064453125 0.1063049853372434 0.1669921875 0.2126099706744868
0 0.65966796875 0.03372434017595308 0.1220703125 0.06744868035190615
0 0.42236328125 0.29105571847507333 0.337890625 0.32111436950146627
0 0.5068359375 0.05718475073313783 0.1083984375 0.11143695014662756
0 0.408203125 0.16495601173020527 0.1142578125 0.19648093841642228
0 0.07666015625 0.5293255131964809 0.091796875 0.15542521994134897
0 0.3740234375 0.06598240469208211 0.095703125 0.11730205278592376
0 0.2197265625 0.0813782991202346 0.173828125 0.14222873900293256
0 0.05908203125 0.07624633431085044 0.1181640625 0.12023460410557185
0 0.16357421875 0.2749266862170088 0.16015625 0.22140762463343108
0 0.037109375 0.22653958944281524 0.07421875 0.13636363636363635
0 0.04296875 0.37023460410557185 0.0859375 0.1187683284457478
0 0.1767578125 0.5043988269794721 0.107421875 0.20527859237536658