0 0.67578125 0.45234604105571846 0.1123046875 0.187683284457478
0 0.44140625 0.3592375366568915 0.1298828125 0.24633431085043989
0 0.31982421875 0.3533724340175953 0.1171875 0.2624633431085044
0 0.2127496884765625 0.20290975366568917 0.103849751953125 0.011349445747800587 0.0517381650390625 0.06149613489736071 0.1866938955078125 0.24503295894428154 0.2127496884765625 0.20290975366568917
0 0.1969948154296875 0.25997237829912023 0.09477593359375 0.0874677917888563 0.0540219794921875 0.14262916275659823 0.167598556640625 0.28905741788856304 0.1969948154296875 0.25997237829912023
0 0 0.1540025337243402 0.1112709150390625 0.2723079428152493 0.1208317275390625 0.25094597653958944 0 0.08550226686217008 0 0.1540025337243402
0 0 0.1177978826979472 0.118288400390625 0.26479061143695015 0.12350413671875 0.24392541202346044 0.016608552734375 0.06239447067448681 0 0.10010172287390029 0 0.1177978826979472
0 0.3037109375 0.15469208211143695 0.1162109375 0.15102639296187684
0 0.88232421875 0.37609970674486803 0.228515625 0.3782991202346041
0 0.63916015625 0.19868035190615835 0.185546875 0.2287390029325513
0 0.91845703125 0.08577712609970674 0.1630859375 0.17155425219941348
0 0.69091796875 0.032991202346041054 0.119140625 0.06598240469208211
0 0.78662109375 0.20087976539589442 0.154296875 0.20967741935483872
0 0.5986328125 0.4002932551319648 0.0625 0.11143695014662756
0 0.11740297265625 0 0.2245531826171875 0.19563115542521994 0.2508312333984375 0.17683346774193548 0.194372693359375 0 0.11740297265625 0
0 0.0235662470703125 0 0.1292374892578125 0.16580118475073313 0.155293283203125 0.14173078152492669 0.09083705078125 0 0.0235662470703125 0
0 0.5302734375 0.17008797653958943 0.1611328125 0.26099706744868034
0 0.51416015625 0.43841642228739003 0.146484375 0.19794721407624633
0 0.40283203125 0.12023460410557185 0.0771484375 0.13196480938416422