0 0.80712890625 0.28079178885630496 0.1904296875 0.22727272727272727
0 0.85107421875 0.10557184750733138 0.115234375 0.1378299120234604
0 0.69970703125 0.5652492668621701 0.1142578125 0.24926686217008798
0 0.7958984375 0.8702346041055719 0.0625 0.20967741935483872
0 0.91943359375 0.8731671554252199 0.1611328125 0.23020527859237536
0 0.8935546875 0.6063049853372434 0.1748046875 0.25219941348973607
0 0.93896484375 0.40615835777126097 0.1220703125 0.21994134897360704
0 0.9501953125 0.19281524926686217 0.095703125 0.28152492668621704
0 0.72314453125 0.030791788856304986 0.2060546875 0.06158357771260997
0 0.927734375 0.024193548387096774 0.134765625 0.04838709677419355
0 0.3828125 0.26099706744868034 0.24609375 0.5219941348973607
0 0.2431640625 0.37976539589442815 0.171875 0.3387096774193548
0 0.33740234375 0.7565982404692082 0.205078125 0.36070381231671556
0 0.54736328125 0.8247800586510264 0.138671875 0.3489736070381232
0 0.388671875 0.9428152492668622 0.169921875 0.11436950146627566
0 0.62158203125 0.16715542521994134 0.1923828125 0.28152492668621704
0 0.591796875 0.45454545454545453 0.1416015625 0.2903225806451613
0 0.68701171875 0.8519061583577713 0.12109375 0.28885630498533726