0 0.51708984375 0.7910557184750733 0.1162109375 0.25513196480938416
0 0.4443359375 0.8621700879765396 0.07421875 0.1935483870967742
0 0.22119140625 0.6972140762463344 0.142578125 0.19941348973607037
0 0.24365234375 0.38049853372434017 0.2109375 0.27419354838709675
0 0.2978515625 0.5718475073313783 0.0908203125 0.12903225806451613
0 0.36328125 0.2925219941348974 0.107421875 0.14076246334310852
0 0.10595703125 0.20527859237536658 0.189453125 0.18181818181818182
0 0.40576171875 0.08211143695014662 0.2177734375 0.16422287390029325
0 0.1171875 0.5139296187683284 0.2099609375 0.3020527859237537
0 0.25048828125 0.11290322580645161 0.1416015625 0.2155425219941349
0 0.669921875 0.08797653958944282 0.142578125 0.17595307917888564
0 0.84326171875 0.18988269794721407 0.26953125 0.3548387096774194
0 0.81884765625 0.05571847507331378 0.1552734375 0.11143695014662756
0 0.72607421875 0.7030791788856305 0.1630859375 0.26099706744868034
0 0.6376953125 0.5197947214076246 0.18359375 0.3284457478005865
0 0.52294921875 0.32991202346041054 0.2275390625 0.24926686217008798
0 0.4462890625 0.5630498533724341 0.1552734375 0.2903225806451613
0 0.27099609375 0.8958944281524927 0.2099609375 0.20821114369501467
0 0.08251953125 0.8350439882697948 0.1611328125 0.32991202346041054
0 0.08544921875 0.053519061583577714 0.1533203125 0.08944281524926687