0 0.4404296875 0.1532258064516129 0.1171875 0.2697947214076246
0 0.3564453125 0.2903225806451613 0.1455078125 0.27419354838709675
0 0.46240234375 0.4897360703812317 0.228515625 0.44868035190615835
0 0.31689453125 0.873900293255132 0.2294921875 0.25219941348973607
0 0.5166015625 0.9303519061583577 0.251953125 0.13929618768328444
0 0.49560546875 0.8387096774193549 0.1865234375 0.1656891495601173
0 0.7880859375 0.7932551319648093 0.158203125 0.2565982404692082
0 0.77001953125 0.2763929618768328 0.162109375 0.16862170087976538
0 0.9453125 0.07844574780058651 0.0625 0.15689149560117302
0 0.826171875 0.11436950146627566 0.1513671875 0.1774193548387097
0 0.630859375 0.13929618768328444 0.244140625 0.2668621700879765
0 0.92333984375 0.43841642228739003 0.1533203125 0.22287390029325513
0 0.93408203125 0.7565982404692082 0.1318359375 0.15542521994134897
0 0.97998046875 0.6634897360703812 0.0400390625 0.18914956011730205
0 0.91455078125 0.9215542521994134 0.1708984375 0.13636363636363635
0 0.9521484375 0.23460410557184752 0.091796875 0.1744868035190616
0 0.74267578125 0.5681818181818182 0.0966796875 0.19941348973607037