0 0.96044921875 0.09530791788856305 0.0791015625 0.1906158357771261
0 0.9091796875 0.3724340175953079 0.181640625 0.28885630498533726
0 0.89404296875 0.6612903225806451 0.2119140625 0.2697947214076246
0 0.9189453125 0.8826979472140762 0.162109375 0.23460410557184752
0 0.76904296875 0.8841642228739003 0.162109375 0.2316715542521994
0 0.4560546875 0.6664222873900293 0.2421875 0.5190615835777126
0 0.4443359375 0.25513196480938416 0.15234375 0.30498533724340177
0 0.580078125 0.08211143695014662 0.1689453125 0.16422287390029325
0 0.6240234375 0.3262463343108504 0.17578125 0.3255131964809384
0 0.83544921875 0.13269794721407624 0.1279296875 0.2653958944281525
0 0.630859375 0.6759530791788856 0.1162109375 0.32697947214076245