0 0.39501953125 0.7052785923753666 0.16796875 0.25513196480938416
0 0.44091796875 0.9186217008797654 0.26171875 0.1627565982404692
0 0.62890625 0.9252199413489736 0.125 0.1495601173020528
0 0.8154296875 0.8262463343108505 0.2412109375 0.34750733137829914
0 0.95947265625 0.7800586510263929 0.072265625 0.4398826979472141
0 0.888671875 0.4912023460410557 0.1875 0.22580645161290322
0 0.501953125 0.4838709677419355 0.2294921875 0.25513196480938416
0 0.279296875 0.33064516129032256 0.3095703125 0.6290322580645161
0 0.060546875 0.21920821114369501 0.12109375 0.4252199413489736
0 0.08837890625 0.4772727272727273 0.1767578125 0.28152492668621704
0 0.1044921875 0.7001466275659824 0.208984375 0.2155425219941349
0 0.1181640625 0.8790322580645161 0.236328125 0.24193548387096775
0 0.26806640625 0.8563049853372434 0.078125 0.2844574780058651
0 0.66259765625 0.500733137829912 0.189453125 0.4897360703812317