0 0.23388671875 0.093841642228739 0.1337890625 0.187683284457478
0 0.23486328125 0.2287390029325513 0.1357421875 0.18035190615835778
0 0.21337890625 0.4142228739002933 0.091796875 0.2316715542521994
0 0.2265625 0.5835777126099707 0.119140625 0.1627565982404692
0 0.2041015625 0.7331378299120235 0.07421875 0.14222873900293256
0 0.22021484375 0.8357771260997068 0.0908203125 0.1436950146627566
0 0.18212890625 0.9010263929618768 0.0302734375 0.12903225806451613
0 0.34033203125 0.054252199413489736 0.0986328125 0.10850439882697947
0 0.3642578125 0.2558651026392962 0.115234375 0.20527859237536658
0 0.36962890625 0.4501466275659824 0.126953125 0.1935483870967742
0 0.35546875 0.6107038123167156 0.09375 0.12316715542521994
0 0.310546875 0.7324046920821115 0.1240234375 0.14076246334310852
0 0.32470703125 0.8629032258064516 0.115234375 0.08797653958944282
0 0.3603515625 0.9648093841642229 0.119140625 0.07038123167155426
0 0.5458984375 0.9369501466275659 0.22265625 0.12609970674486803
0 0.52783203125 0.7697947214076246 0.255859375 0.2375366568914956
0 0.5126953125 0.4963343108504399 0.0947265625 0.10557184750733138
0 0.74267578125 0.4303519061583578 0.07421875 0.10117302052785923
0 0.67236328125 0.47947214076246336 0.0849609375 0.12903225806451613
0 0.6015625 0.5080645161290323 0.0595703125 0.10557184750733138
0 0.736328125 0.6671554252199413 0.0625 0.10263929618768329
0 0.669921875 0.6458944281524927 0.052734375 0.06744868035190615
0 0.556640625 0.08577712609970674 0.09375 0.13929618768328444
0 0.5625 0.31378299120234604 0.09765625 0.19941348973607037
0 0.47802734375 0.3189149560117302 0.0712890625 0.15835777126099707
0 0.6484375 0.3387096774193548 0.056640625 0.10850439882697947
0 0.78564453125 0.22067448680351906 0.0947265625 0.1348973607038123
0 0.7216796875 0.966275659824047 0.072265625 0.06744868035190615
0 0.80224609375 0.9340175953079178 0.0615234375 0.11436950146627566
0 0.67822265625 0.17668621700879766 0.1015625 0.18621700879765396