0 0.39599609375 0.3914956011730205 0.1064453125 0.19648093841642228
0 0.59765625 0.19281524926686217 0.130859375 0.17155425219941348
0 0.5771484375 0.4831378299120235 0.2119140625 0.2961876832844575
0 0.5712890625 0.030791788856304986 0.0830078125 0.060117302052785926
0 0.08203125 0.5711143695014663 0.1640625 0.24780058651026393
0 0.35400390625 0.5432551319648093 0.1962890625 0.3870967741935484
0 0.87841796875 0.050586510263929615 0.1318359375 0.08504398826979472
0 0.94677734375 0.15249266862170088 0.1064453125 0.2844574780058651
0 0.72802734375 0.050586510263929615 0.1142578125 0.09237536656891496
0 0.89111328125 0.6070381231671554 0.2177734375 0.3255131964809384
0 0.7373046875 0.4464809384164223 0.1318359375 0.22140762463343108
0 0.8662109375 0.4310850439882698 0.2001953125 0.23460410557184752
0 0.28515625 0.030058651026392963 0.1015625 0.060117302052785926
0 0.06640625 0.04912023460410557 0.123046875 0.09824046920821114
0 0.17626953125 0.0344574780058651 0.1376953125 0.0689149560117302
0 0.09375 0.21480938416422288 0.18359375 0.23020527859237536