0 0.0849609375 0.7844574780058651 0.169921875 0.15762463343108504
0 0.052734375 0.4706744868035191 0.10498046875 0.17668621700879766
0 0.0830078125 0.1810850439882698 0.1259765625 0.2001466275659824
0 0.44775390625 0.5513196480938416 0.06591796875 0.1532258064516129
0 0.59375 0.46920821114369504 0.06396484375 0.1627565982404692
0 0.1953125 0.4156891495601173 0.19189453125 0.2368035190615836
0 0.26708984375 0.6810850439882697 0.1875 0.28519061583577715
0 0.22119140625 0.21994134897360704 0.13134765625 0.15249266862170088
0 0.2275390625 0.06085043988269795 0.11328125 0.1217008797653959
0 0.4501953125 0.08357771260997067 0.1162109375 0.14809384164222875
0 0.34619140625 0.37390029325513197 0.0859375 0.156158357771261
0 0.8515625 0.7148093841642229 0.11328125 0.3467741935483871