0 0.16650390625 0.2903225806451613 0.197265625 0.23460410557184752
0 0.1181640625 0.10777126099706745 0.119140625 0.14076246334310852
0 0.28271484375 0.5865102639296188 0.1171875 0.25806451612903225
0 0.185546875 0.8995601173020528 0.064453125 0.20087976539589442
0 0.0693359375 0.8980938416422287 0.138671875 0.20381231671554254
0 0.08544921875 0.6341642228739003 0.1708984375 0.2595307917888563
0 0.0458984375 0.42595307917888564 0.091796875 0.2287390029325513
0 0.0322265625 0.20087976539589442 0.064453125 0.2932551319648094
0 0.25146484375 0.02785923753665689 0.2158203125 0.05571847507331378
0 0.0537109375 0.024193548387096774 0.107421875 0.0469208211143695
0 0.6123046875 0.26392961876832843 0.251953125 0.5278592375366569
0 0.76025390625 0.3782991202346041 0.17578125 0.3519061583577713
0 0.66552734375 0.7771260997067448 0.2109375 0.37390029325513197
0 0.4462890625 0.8365102639296188 0.1416015625 0.32697947214076245
0 0.61376953125 0.9589442815249267 0.177734375 0.08211143695014662
0 0.3603515625 0.16495601173020527 0.19921875 0.2903225806451613
0 0.39501953125 0.4670087976539589 0.146484375 0.3020527859237537
0 0.29931640625 0.8687683284457478 0.125 0.26099706744868034