0 0.47607421875 0.3218475073313783 0.10546875 0.24926686217008798
0 0.47021484375 0.501466275659824 0.1162109375 0.12023460410557185
0 0.54150390625 0.7096774193548387 0.14453125 0.17595307917888564
0 0.64599609375 0.39589442815249265 0.2294921875 0.3020527859237537
0 0.7626953125 0.6524926686217009 0.1396484375 0.23020527859237536
0 0.708984375 0.8189149560117303 0.1728515625 0.23020527859237536
0 0.78857421875 0.9618768328445748 0.0791015625 0.07624633431085044
0 0.3515625 0.9332844574780058 0.1181640625 0.12903225806451613
0 0.26953125 0.8511730205278593 0.21484375 0.21114369501466276
0 0.28076171875 0.24926686217008798 0.2255859375 0.3313782991202346
0 0.31201171875 0.06671554252199413 0.2822265625 0.13343108504398826
0 0.59814453125 0.06085043988269795 0.2841796875 0.1217008797653959
0 0.28662109375 0.6151026392961877 0.24609375 0.3225806451612903
0 0.4619140625 0.906891495601173 0.095703125 0.18621700879765396