0 0.23486328125 0.7353372434017595 0.1572265625 0.2404692082111437
0 0.470703125 0.6744868035190615 0.16015625 0.29178885630498536
0 0.7626953125 0.7844574780058651 0.330078125 0.42668621700879766
0 0.94189453125 0.8607038123167156 0.1162109375 0.25806451612903225
0 0.97705078125 0.6063049853372434 0.0458984375 0.1656891495601173
0 0.8740234375 0.3489736070381232 0.251953125 0.41642228739002934
0 0.62255859375 0.38563049853372433 0.14453125 0.34310850439882695
0 0.4267578125 0.26832844574780057 0.4140625 0.5366568914956011
0 0.146484375 0.30498533724340177 0.236328125 0.5967741935483871
0 0.0771484375 0.08870967741935484 0.154296875 0.1598240469208211
0 0.8212890625 0.24486803519061584 0.357421875 0.4897360703812317