0 0.23828125 0.43914956011730205 0.1513671875 0.22580645161290322
0 0.46240234375 0.5087976539589443 0.1669921875 0.2829912023460411
0 0.046875 0.8621700879765396 0.087890625 0.15689149560117302
0 0.04443359375 0.9655425219941349 0.0791015625 0.0689149560117302
0 0.225122681640625 1 0.326309947265625 0.6251937595307918 0.17639234765625 0.6136069310850439 0.06547237890625 1 0.225122681640625 1
0 0.4580078125 0.8101173020527859 0.328125 0.37976539589442815
0 0.89501953125 0.3416422287390029 0.2099609375 0.3255131964809384
0 0.708984375 0.40615835777126097 0.27734375 0.3885630498533724
0 1 0.517768224340176 0.962271275390625 0.4611256451612903 0.9003275849609375 0.5752390923753665 1 0.6545797243401759 1 0.517768224340176
0 0.95263671875 0.8189149560117303 0.0947265625 0.3387096774193548
0 0.728515625 0.751466275659824 0.2451171875 0.24780058651026393
0 0.8427734375 0.8804985337243402 0.23828125 0.22727272727272727
0 0.69873046875 0.9530791788856305 0.0888671875 0.08651026392961877