0 0.64892578125 0.2602639296187683 0.208984375 0.34017595307917886
0 0.4580078125 0.17155425219941348 0.13671875 0.34310850439882695
0 0.68115234375 0.5725806451612904 0.185546875 0.22287390029325513
0 0.72998046875 0.8614369501466276 0.3115234375 0.2756598240469208
0 0.94970703125 0.8973607038123167 0.099609375 0.20527859237536658
0 0 0.36544683724340177 0.006610244140625 0.3689760659824047 0.0978593681640625 0.2807699941348974 0.042497119140625 0.12545764076246335 0 0.09692113196480938 0 0.36544683724340177
0 0.5458984375 0.7785923753665689 0.2890625 0.2785923753665689
0 0.2451171875 0.6759530791788856 0.142578125 0.20234604105571846
0 0.83544921875 0.16202346041055718 0.1982421875 0.32111436950146627
0 0.953125 0.7118768328445748 0.09375 0.19208211143695014
0 0.9208984375 0.4640762463343108 0.158203125 0.36363636363636365
0 0.81494140625 0.01466275659824047 0.1328125 0.02932551319648094
0 0.9619140625 0.11143695014662756 0.076171875 0.22287390029325513
0 0.62841796875 0.05498533724340176 0.17578125 0.10997067448680352
0 0.125 0.13049853372434017 0.162109375 0.2404692082111437
0 0.30712890625 0.062316715542521994 0.1708984375 0.12463343108504399
0 0.29638671875 0.24780058651026393 0.205078125 0.23313782991202345
0 0.0947265625 0.4662756598240469 0.189453125 0.31085043988269795
0 0.32763671875 0.5241935483870968 0.2509765625 0.30791788856304986
0 0.35986328125 0.8218475073313783 0.228515625 0.2829912023460411
0 0.080078125 0.6151026392961877 0.16015625 0.2859237536656892