0 0.97802734375 0.7947214076246334 0.0419921875 0.41055718475073316
0 0.8798828125 0.9618768328445748 0.150390625 0.07624633431085044
0 0.68505859375 0.8152492668621701 0.2275390625 0.36950146627565983
0 0.4951171875 0.7961876832844574 0.146484375 0.40762463343108507
0 0.33056640625 0.719208211143695 0.2998046875 0.501466275659824
0 0.4736328125 0.44501466275659823 0.2373046875 0.23460410557184752
0 0.34228515625 0.9611436950146628 0.1982421875 0.0747800586510264
0 0.13720703125 0.8958944281524927 0.2744140625 0.19648093841642228
0 0.0771484375 0.6495601173020528 0.154296875 0.26392961876832843
0 0.22265625 0.47214076246334313 0.2626953125 0.39589442815249265
0 0.22509765625 0.18328445747800587 0.4443359375 0.36656891495601174
0 0.89599609375 0.5967741935483871 0.2080078125 0.44281524926686217