0 0.0703125 0.23973607038123168 0.12548828125 0.4670087976539589
0 0.20263671875 0.08504398826979472 0.1337890625 0.17008797653958943
0 0.37841796875 0.21920821114369501 0.2001953125 0.4156891495601173
0 0.5478515625 0.24266862170087977 0.12646484375 0.4303519061583578
0 0.6962890625 0.34237536656891493 0.2626953125 0.44208211143695014
0 0.57080078125 0.5909090909090909 0.208984375 0.20454545454545456
0 0.68359375 0.07844574780058651 0.17578125 0.15689149560117302
0 0.873046875 0.13269794721407624 0.25390625 0.26466275659824046
0 0.927734375 0.39882697947214074 0.14453125 0.23240469208211142
0 0.79541015625 0.5608504398826979 0.23095703125 0.34750733137829914
0 0.7998046875 0.8306451612903226 0.400390625 0.3387096774193548
0 0.15576171875 0.46480938416422285 0.2529296875 0.3907624633431085
0 0.05224609375 0.7771260997067448 0.07763671875 0.44574780058651026