0 0.982421875 0.3526392961876833 0.03515625 0.2316715542521994
0 0.93505859375 0.12976539589442815 0.1298828125 0.20087976539589442
0 0.83642578125 0.024193548387096774 0.06982421875 0.04838709677419355
0 0.734375 0.013929618768328446 0.05078125 0.02785923753665689
0 0.14208984375 0.4809384164222874 0.07080078125 0.12096774193548387
0 0.0478515625 0.4897360703812317 0.095703125 0.17888563049853373
0 0.08984375 0.33724340175953077 0.1083984375 0.16202346041055718
0 0.02294921875 0.34750733137829914 0.0458984375 0.09530791788856305
0 0.11767578125 0.1378299120234604 0.06787109375 0.0967741935483871
0 0.1240234375 0.218475073313783 0.06640625 0.08870967741935484
0 0.04443359375 0.2155425219941349 0.0888671875 0.14516129032258066
0 0.03466796875 0.06964809384164222 0.0693359375 0.13929618768328444
0 0.04296875 0.9728739002932552 0.08203125 0.054252199413489736
0 0.02880859375 0.7917888563049853 0.0576171875 0.18988269794721407
0 0.01025390625 0.6693548387096774 0.02001953125 0.050586510263929615
0 0.05224609375 0.8973607038123167 0.0498046875 0.07038123167155426
0 0.1708984375 0.8614369501466276 0.05615234375 0.08944281524926687
0 0.2216796875 0.6796187683284457 0.06298828125 0.11436950146627566
0 0.34814453125 0.5073313782991202 0.0908203125 0.1217008797653959
0 0.13525390625 0.6370967741935484 0.11181640625 0.15542521994134897
0 0.109375 0.7646627565982405 0.0830078125 0.10850439882697947
0 0.169785314453125 0.9862535806451613 0.1555546552734375 0.9152609090909091 0.1105674658203125 0.9187071656891495 0.0586944384765625 0.9407631231671555 0.082106146484375 0.9938353343108505 0.1284705361328125 0.9986600689149561 0.169785314453125 0.9862535806451613
0 0.41015625 0.3878299120234604 0.04345703125 0.12023460410557185
0 0.45751953125 0.3453079178885631 0.0625 0.12609970674486803
0 0.48046875 0.5799120234604106 0.05712890625 0.10263929618768329
0 0.3271484375 0.655425219941349 0.07177734375 0.13563049853372433
0 0.39794921875 0.6722873900293255 0.06005859375 0.11730205278592376
0 0.3095703125 0.905425219941349 0.1298828125 0.13563049853372433
0 0.23779296875 0.9618768328445748 0.07275390625 0.07551319648093842
0 0.57861328125 0.9156891495601173 0.1767578125 0.16862170087976538
0 0.44921875 0.9472140762463344 0.09423828125 0.10483870967741936
0 0.34130859375 0.7778592375366569 0.162109375 0.12463343108504399
0 0.5234375 0.7866568914956011 0.09912109375 0.12390029325513197
0 0.26953125 0.5029325513196481 0.109375 0.15249266862170088
0 0.1845703125 0.34237536656891493 0.0908203125 0.09897360703812316
0 0.556640625 0.10703812316715543 0.1865234375 0.21334310850439883
0 0.8359375 0.3658357771260997 0.00244140625 0.013196480938416423
0 0.326171875 0.3724340175953079 0.1025390625 0.1282991202346041
0 0.1591796875 0.04252199413489736 0.09912109375 0.08431085043988269
0 0.2099609375 0.2118768328445748 0.11279296875 0.1627565982404692
0 0.28369140625 0.18255131964809385 0.14306640625 0.21041055718475074