0 0.1875 0.12390029325513197 0.2490234375 0.23460410557184752
0 0.3359375 0.12023460410557185 0.1171875 0.23460410557184752
0 0.453125 0.08651026392961877 0.1484375 0.17302052785923755
0 0.5615234375 0.10410557184750734 0.10546875 0.20821114369501467
0 0.65625 0.07038123167155426 0.091796875 0.14076246334310852
0 0.7216796875 0.10850439882697947 0.0927734375 0.13196480938416422
0 0.76123046875 0.03812316715542522 0.0830078125 0.07624633431085044
0 0.87451171875 0.1063049853372434 0.1044921875 0.2126099706744868
0 0.9619140625 0.10117302052785923 0.0703125 0.20234604105571846
0 0.03125 0.1840175953079179 0.0615234375 0.30058651026392963
0 0.130859375 0.34310850439882695 0.103515625 0.1906158357771261
0 0.20703125 0.2932551319648094 0.11328125 0.1436950146627566
0 0.35595703125 0.32404692082111436 0.1328125 0.16862170087976538
0 0.4794921875 0.3291788856304985 0.125 0.18475073313782991
0 0.58056640625 0.30498533724340177 0.080078125 0.1348973607038123
0 0.6572265625 0.23900293255131966 0.091796875 0.18035190615835778
0 0.74072265625 0.2565982404692082 0.0576171875 0.1656891495601173
0 0.93359375 0.40175953079178883 0.1328125 0.3225806451612903
0 0.81494140625 0.30718475073313783 0.064453125 0.17302052785923755
0 0.82373046875 0.5711143695014663 0.1484375 0.32404692082111436
0 0.6845703125 0.5491202346041055 0.1552734375 0.3709677419354839
0 0.51123046875 0.532258064516129 0.068359375 0.13636363636363635
0 0.47314453125 0.8621700879765396 0.0654296875 0.10850439882697947
0 0.5029296875 0.7609970674486803 0.0830078125 0.12316715542521994
0 0.52001953125 0.6590909090909091 0.0673828125 0.08651026392961877
0 0.623046875 0.8497067448680352 0.06640625 0.08944281524926687
0 0.6083984375 0.7543988269794721 0.0439453125 0.07771260997067449
0 0.8837890625 0.9266862170087976 0.1005859375 0.12903225806451613
0 0.96728515625 0.8394428152492669 0.0654296875 0.2653958944281525
0 0.94921875 0.593108504398827 0.1015625 0.23313782991202345
0 0.2509765625 0.6019061583577713 0.08984375 0.1378299120234604
0 0.396484375 0.6070381231671554 0.12890625 0.14222873900293256
0 0.39794921875 0.48533724340175954 0.1005859375 0.10557184750733138
0 0.14501953125 0.7859237536656891 0.1787109375 0.23313782991202345
0 0.10546875 0.5469208211143695 0.099609375 0.17008797653958943
0 0.41259765625 0.7287390029325513 0.0703125 0.08064516129032258
0 0.33984375 0.9288856304985337 0.087890625 0.14222873900293256
0 0.85205078125 0.8225806451612904 0.1220703125 0.10557184750733138
0 0.79345703125 0.9435483870967742 0.0732421875 0.09970674486803519
0 0.310546875 0.7749266862170088 0.1201171875 0.1466275659824047
0 0.1376953125 0.9655425219941349 0.1640625 0.0689149560117302
0 0.02783203125 0.499266862170088 0.0478515625 0.20087976539589442
0 0.0361328125 0.7478005865102639 0.0546875 0.19208211143695014