0 0.8330078125 0.5887576495601173 0.5737979296875 0.5436888504398827 0.576456693359375 0.6634286994134897 0.8330078125 0.6904486612903226 0.8330078125 0.5887576495601173
0 0.8330078125 0.44510621847507326 0.59772716796875 0.4059880234604105 0.5870919306640625 0.5197408812316715 0.8330078125 0.5408711143695014 0.8330078125 0.44510621847507326
0 0.644256201171875 0.6773984105571847 0.5844331064453125 0.7831685498533725 0.6455856435546875 0.8769648856304986 0.8263843095703125 0.793146991202346 0.644256201171875 0.6773984105571847
0 0.44843896484375 0 0.3983168525390625 0.0427772082111437 0.4355400908203125 0.16451278299120234 0.583103724609375 0.14256035483870969 0.727926716796875 0 0.44843896484375 0
0 0.4407939365234375 0 0.28930583984375 0.06273391055718475 0.184283033203125 0.29023962463343106 0.426234296875 0.3521050923753666 0.492704361328125 0.1884607521994135 0.44380901953125 0 0.4407939365234375 0
0 0.3388671875 0.4604105571847507 0.283203125 0.22140762463343108
0 0.45947265625 0.7932551319648093 0.2255859375 0.25219941348973607
0 0.5578451044921875 0.24833067741935486 0.5631626923828125 0.3800445117302053 0.6801500576171875 0.3720617947214076 0.8330078125 0.25789007184750734 0.8330078125 0.24369891055718473 0.8144196904296875 0.20243028005865102 0.5578451044921875 0.24833067741935486
0 0.4814453125 0.4508797653958944 0.13671875 0.18181818181818182
0 0.53955078125 0.2368035190615836 0.220703125 0.11143695014662756
0 0.46826171875 0.6121700879765396 0.2275390625 0.2727272727272727
0 0.61669921875 0.9618768328445748 0.1455078125 0.07624633431085044
0 0.486328125 0.9472140762463344 0.134765625 0.10557184750733138
0 0.75341796875 0.9171554252199413 0.1591796875 0.1656891495601173
0 0.7119140625 0.15542521994134897 0.2421875 0.11290322580645161