0 0.5556640625 0.4039589442815249 0.16064453125 0.2529325513196481
0 0.47900390625 0.13196480938416422 0.0947265625 0.16495601173020527
0 0.3798828125 0.09090909090909091 0.09423828125 0.18181818181818182
0 0.291015625 0.12096774193548387 0.10595703125 0.2404692082111437
0 0.08935546875 0.5249266862170088 0.13427734375 0.2697947214076246
0 0.04736328125 0.3057184750733138 0.0869140625 0.1942815249266862
0 0.05224609375 0.12976539589442815 0.1005859375 0.21407624633431085
0 0.17578125 0.2434017595307918 0.13134765625 0.33724340175953077
0 0.06591796875 0.7690615835777126 0.13134765625 0.21114369501466276
0 0.0849609375 0.9237536656891495 0.15478515625 0.15249266862170088
0 0.2197265625 0.9516129032258065 0.10205078125 0.09237536656891496
0 0.2578125 0.6400293255131965 0.142578125 0.25439882697947214
0 0.373046875 0.4574780058651026 0.142578125 0.23387096774193547
0 0.55859375 0.8782991202346041 0.1728515625 0.24266862170087977
0 0.611328125 0.658357771260997 0.1875 0.19134897360703812
0 0.357421875 0.9178885630498533 0.125 0.16422287390029325
0 0.966796875 0.04838709677419355 0.06640625 0.08504398826979472
0 0.400390625 0.6869501466275659 0.080078125 0.11217008797653959