0 0.76220703125 0.4963343108504399 0.12109375 0.218475073313783
0 0.412109375 0.23533724340175954 0.154296875 0.23607038123167157
0 0.50927734375 0.6994134897360704 0.109375 0.14516129032258066
0 0.36767578125 0.6495601173020528 0.173828125 0.3313782991202346
0 0.49609375 0.5711143695014663 0.103515625 0.16129032258064516
0 0.4384765625 0.3460410557184751 0.142578125 0.1935483870967742
0 0.4267578125 0.4435483870967742 0.072265625 0.08797653958944282
0 0.42919921875 0.07771260997067449 0.1669921875 0.15542521994134897
0 0.50048828125 0.07917888563049853 0.1279296875 0.15835777126099707
0 0.787109375 0.2991202346041056 0.091796875 0.21114369501466276
0 0.77734375 0.025659824046920823 0.111328125 0.051319648093841645
0 0.68310546875 0.07917888563049853 0.0810546875 0.15835777126099707
0 0.44140625 0.9193548387096774 0.142578125 0.16129032258064516
0 0.31005859375 0.9252199413489736 0.0869140625 0.1495601173020528
0 0.6774075263671875 1 0.6704753203125 0.9282857478005865 0.5233762138671875 1 0.6774075263671875 1
0 0.8330078125 1 0.8330078125 0.8760007390029325 0.6465938603515625 0.8901834354838709 0.64265282421875 0.9966749706744868 0.647715806640625 1 0.8330078125 1
0 0.82666015625 0.8093841642228738 0.0126953125 0.10557184750733138