0 0.23828125 0.09897360703812316 0.142578125 0.19794721407624633
0 0.7919921875 0.06158357771260997 0.080078125 0.12316715542521994
0 0.74169921875 0.5087976539589443 0.1826171875 0.30498533724340177
0 0.34716796875 0.2565982404692082 0.1796875 0.32111436950146627
0 0.51904296875 0.1378299120234604 0.1630859375 0.2756598240469208
0 0.373046875 0.03372434017595308 0.14453125 0.06744868035190615
0 0.3056640625 0.4244868035190616 0.2001953125 0.2903225806451613
0 0.638671875 0.28152492668621704 0.1494140625 0.22287390029325513
0 0.49267578125 0.3848973607038123 0.185546875 0.26832844574780057
0 0.57568359375 0.5615835777126099 0.1767578125 0.3489736070381232
0 0.7666015625 0.26099706744868034 0.1328125 0.24926686217008798