0 0.27880859375 0.11803519061583578 0.0810546875 0.23607038123167157
0 0.42236328125 0.6099706744868035 0.154296875 0.2859237536656892
0 0.2724609375 0.7631964809384164 0.197265625 0.1774193548387097
0 0.2158203125 0.5476539589442815 0.09765625 0.4046920821114369
0 0.77734375 0.3790322580645161 0.111328125 0.2595307917888563
0 0.587890625 0.5491202346041055 0.16015625 0.31671554252199413
0 0.66015625 0.4464809384164223 0.103515625 0.17155425219941348
0 0.49755859375 0.2118768328445748 0.08984375 0.1627565982404692
0 0.40869140625 0.27785923753665687 0.140625 0.1627565982404692
0 0.25244140625 0.2668621700879765 0.169921875 0.1656891495601173
0 0.61083984375 0.16055718475073313 0.1103515625 0.2756598240469208