0 0.337890625 0.5901759530791789 0.1884765625 0.250733137829912
0 0.525390625 0.4941348973607038 0.138671875 0.26099706744868034
0 0.619140625 0.28225806451612906 0.1845703125 0.27419354838709675
0 0.927734375 0.16129032258064516 0.14453125 0.21407624633431085
0 0.68896484375 0.5153958944281525 0.19140625 0.25219941348973607
0 0.8408203125 0.7543988269794721 0.267578125 0.34750733137829914
0 0.89501953125 0.9736070381231672 0.1904296875 0.05278592375366569
0 0.666015625 0.8299120234604106 0.248046875 0.34017595307917886
0 0.4130859375 0.9340175953079178 0.3203125 0.13196480938416422
0 0.458984375 0.7983870967741935 0.1572265625 0.2536656891495601
0 0.224609375 0.8907624633431085 0.2734375 0.20967741935483872
0 0.1201171875 0.7155425219941349 0.240234375 0.5249266862170088
0 0.2333984375 0.4120234604105572 0.2041015625 0.39589442815249265
0 0.44140625 0.23387096774193547 0.212890625 0.46774193548387094
0 0.17431640625 0.21407624633431085 0.2119140625 0.4281524926686217
0 0.89892578125 0.4310850439882698 0.2021484375 0.26099706744868034
0 0.78515625 0.14002932551319647 0.1142578125 0.24926686217008798