0 0.03173828125 0.6319648093841642 0.0634765625 0.2126099706744868
0 0.9658203125 0.9398826979472141 0.068359375 0.12023460410557185
0 0.5283203125 0.33944281524926684 0.076171875 0.08211143695014662
0 0.0224609375 0.09017595307917889 0.044921875 0.17888563049853373
0 0.25634765625 0.11950146627565983 0.111328125 0.1466275659824047
0 0.2900390625 0.04105571847507331 0.0888671875 0.08211143695014662
0 0.1611328125 0.1744868035190616 0.19921875 0.18035190615835778
0 0.18359375 0.039589442815249266 0.08984375 0.07917888563049853
0 0.08447265625 0.04398826979472141 0.1064453125 0.08797653958944282
0 0.236328125 0.3460410557184751 0.11328125 0.1656891495601173
0 0.73876953125 0.06964809384164222 0.087890625 0.13929618768328444
0 0.8017578125 0.10410557184750734 0.0966796875 0.1378299120234604
0 0.48876953125 0.056451612903225805 0.0869140625 0.11290322580645161
0 0.3740234375 0.24853372434017595 0.17578125 0.25219941348973607
0 0.369140625 0.08504398826979472 0.11328125 0.14076246334310852
0 0.08349609375 0.3526392961876833 0.1669921875 0.35043988269794724
0 0.1513671875 0.5124633431085044 0.150390625 0.1348973607038123
0 0.052734375 0.45527859237536655 0.10546875 0.18475073313782991