0 0.71484375 0.8819648093841642 0.080078125 0.23607038123167157
0 0.57275390625 0.3951612903225806 0.15234375 0.2829912023460411
0 0.72119140625 0.24413489736070382 0.1953125 0.17595307917888564
0 0.78076171875 0.4567448680351906 0.1044921875 0.4002932551319648
0 0.22216796875 0.6231671554252199 0.1103515625 0.25806451612903225
0 0.4091796875 0.45527859237536655 0.1591796875 0.31378299120234604
0 0.337890625 0.5564516129032258 0.1025390625 0.17008797653958943
0 0.49853515625 0.7888563049853372 0.087890625 0.16129032258064516
0 0.58642578125 0.7236070381231672 0.138671875 0.16129032258064516
0 0.74462890625 0.7346041055718475 0.17578125 0.16422287390029325
0 0.38623046875 0.8394428152492669 0.109375 0.2727272727272727