0 0.80859375 0.0747800586510264 0.158203125 0.1378299120234604
0 0.9853515625 0.09164222873900293 0.029296875 0.10117302052785923
0 0.9384765625 0.2690615835777126 0.123046875 0.38563049853372433
0 0.837890625 0.6033724340175953 0.248046875 0.3181818181818182
0 0.25439453125 0.5975073313782991 0.2099609375 0.2873900293255132
0 0.08349609375 0.5219941348973607 0.1669921875 0.30791788856304986
0 0.93603515625 0.8673020527859238 0.1220703125 0.2653958944281525
0 0.76220703125 0.8848973607038123 0.1513671875 0.23020527859237536
0 0.115234375 0.7998533724340176 0.15625 0.18035190615835778
0 0.510076271484375 0.7126491832844575 0.5774895908203125 0.96757315542522 0.624506748046875 0.9209646583577712 0.552173189453125 0.705005348973607 0.510076271484375 0.7126491832844575
0 0.4423828125 0.7609970674486803 0.06640625 0.17595307917888564
0 0.38134765625 0.8174486803519062 0.0751953125 0.2287390029325513
0 0.23583984375 0.8482404692082112 0.11328125 0.16422287390029325
0 0.3193359375 0.9032258064516129 0.1025390625 0.14076246334310852
0 0.48583984375 0.906891495601173 0.076171875 0.15689149560117302