0 0.0625 0.07624633431085044 0.12109375 0.15249266862170088
0 0.21142578125 0.024926686217008796 0.1298828125 0.04912023460410557
0 0.060546875 0.6011730205278593 0.12109375 0.3350439882697947
0 0.30224609375 0.7463343108504399 0.099609375 0.13196480938416422
0 0.1376953125 0.9494134897360704 0.095703125 0.10117302052785923
0 0.177734375 0.8460410557184751 0.138671875 0.11217008797653959
0 0.24462890625 0.9222873900293255 0.126953125 0.15542521994134897
0 0.3447265625 0.966275659824047 0.07080078125 0.06744868035190615
0 0.3671875 0.8724340175953079 0.07568359375 0.093841642228739
0 0.4365234375 0.8717008797653959 0.07958984375 0.22360703812316715
0 0.54248046875 0.593108504398827 0.1630859375 0.29765395894428154
0 0.8125 0.5725806451612904 0.37451171875 0.34824046920821117
0 0.94775390625 0.3284457478005865 0.10400390625 0.1348973607038123
0 0.849609375 0.8922287390029325 0.29150390625 0.2155425219941349
0 0.6015625 0.8782991202346041 0.197265625 0.24266862170087977
0 0.05712890625 0.9032258064516129 0.11376953125 0.1935483870967742