0 0.7861328125 0.9890029325513197 0.068359375 0.021994134897360705
0 0.6611328125 0.9728739002932552 0.150390625 0.054252199413489736
0 0.4638671875 0.9706744868035191 0.107421875 0.05865102639296188
0 0.55712890625 0.9912023460410557 0.0517578125 0.017595307917888565
0 0.92138671875 0.14589442815249268 0.1572265625 0.27419354838709675
0 0.7900390625 0.11950146627565983 0.19921875 0.2287390029325513
0 0.20849609375 0.12243401759530792 0.2060546875 0.24486803519061584
0 0.09423828125 0.08284457478005865 0.1533203125 0.1656891495601173
0 0.037109375 0.717008797653959 0.07421875 0.2991202346041056
0 0.19775390625 0.6151026392961877 0.1416015625 0.1906158357771261
0 0.1796875 0.7463343108504399 0.1376953125 0.20967741935483872
0 0.09326171875 0.9413489736070382 0.1865234375 0.09970674486803519
0 0.26513671875 0.9142228739002932 0.2138671875 0.1656891495601173
0 0.04296875 0.33357771260997066 0.0849609375 0.26832844574780057
0 0.02001953125 0.5021994134897361 0.0400390625 0.1627565982404692