0 0.34033203125 0.40689149560117305 0.1826171875 0.24266862170087977
0 0.52392578125 0.5058651026392962 0.1337890625 0.25439882697947214
0 0.6142578125 0.717741935483871 0.1787109375 0.2661290322580645
0 0.92333984375 0.843841642228739 0.1533203125 0.20674486803519063
0 0.68505859375 0.4897360703812317 0.185546875 0.2434017595307918
0 0.837890625 0.25806451612903225 0.26025390625 0.3343108504398827
0 0.89404296875 0.03372434017595308 0.18603515625 0.06744868035190615
0 0.66650390625 0.17521994134897362 0.23974609375 0.3379765395894428
0 0.4189453125 0.0689149560117302 0.314453125 0.125366568914956
0 0.4619140625 0.2060117302052786 0.15234375 0.24560117302052786
0 0.232421875 0.10703812316715543 0.2666015625 0.20161290322580644
0 0.12451171875 0.27785923753665687 0.2373046875 0.5102639296187683
0 0.2353515625 0.5791788856304986 0.1962890625 0.3848973607038123
0 0.43896484375 0.7661290322580645 0.20458984375 0.46774193548387094
0 0.17578125 0.7734604105571847 0.20458984375 0.41715542521994137
0 0.896484375 0.5784457478005866 0.20703125 0.250733137829912
0 0.775390625 0.8614369501466276 0.1103515625 0.24193548387096775