0 0.6142578125 0.45234604105571846 0.162109375 0.15249266862170088
0 0.49609375 0.4464809384164223 0.078125 0.17008797653958943
0 0.35986328125 0.5564516129032258 0.11328125 0.21114369501466276
0 0.568359375 0.7060117302052786 0.1953125 0.33724340175953077
0 0.4013671875 0.8870967741935484 0.1494140625 0.20674486803519063
0 0.291015625 0.8071847507331378 0.1484375 0.25219941348973607
0 0.11767578125 0.9347507331378299 0.2099609375 0.12903225806451613
0 0.0595703125 0.5850439882697948 0.119140625 0.1935483870967742
0 0.06494140625 0.844574780058651 0.1298828125 0.3093841642228739
0 0.181640625 0.2785923753665689 0.1376953125 0.17302052785923755
0 0.26220703125 0.156158357771261 0.1357421875 0.312316715542522
0 0.099609375 0.08870967741935484 0.173828125 0.1774193548387097
0 0.06982421875 0.23826979472140764 0.1396484375 0.3035190615835777
0 0.03759765625 0.42008797653958946 0.0751953125 0.12463343108504399
0 0.65869140625 0.1627565982404692 0.2138671875 0.3255131964809384
0 0.869140625 0.2060117302052786 0.26171875 0.4120234604105572
0 0.875 0.6304985337243402 0.25 0.4208211143695015
0 0.41748046875 0.1774193548387097 0.2080078125 0.3548387096774194
0 0.20849609375 0.44208211143695014 0.16015625 0.14076246334310852