0 0.55029296875 0.6994134897360704 0.1484375 0.21114369501466276
0 0.71630859375 0.5989736070381232 0.2392578125 0.35777126099706746
0 0.77392578125 0.4633431085043988 0.119140625 0.19941348973607037
0 0.794921875 0.18841642228739003 0.0712890625 0.27126099706744866
0 0.502906123046875 1 0.5692754755859375 0.9982605791788857 0.5578150029296876 0.9292170894428152 0.499203318359375 0.7848062785923754 0.4575164326171875 0.6628865307917888 0.3696419248046875 0.7485878284457478 0.4221365263671875 0.9640473035190616 0.4328102822265625 1 0.502906123046875 1
0 0.775390625 0.9538123167155426 0.126953125 0.08064516129032258
0 0.630859375 0.7602639296187683 0.1552734375 0.2844574780058651
0 0.23876953125 0.9142228739002932 0.1357421875 0.17155425219941348
0 0.5087890625 0.06818181818181818 0.232421875 0.13636363636363635
0 0.216796875 0.10263929618768329 0.111328125 0.1935483870967742
0 0.4033203125 0.11290322580645161 0.1396484375 0.21114369501466276
0 0.72412109375 0.06671554252199413 0.2099609375 0.13343108504398826
0 0.701171875 0.27712609970674484 0.19921875 0.3093841642228739
0 0.591796875 0.2155425219941349 0.1572265625 0.2624633431085044
0 0.197265625 0.5153958944281525 0.0634765625 0.2961876832844575
0 0.24951171875 0.2668621700879765 0.173828125 0.3313782991202346
0 0.265625 0.6752199413489736 0.1962890625 0.28005865102639294
0 0.49853515625 0.4413489736070381 0.1611328125 0.3914956011730205
0 0.34521484375 0.38049853372434017 0.177734375 0.312316715542522
0 0.3740234375 0.6041055718475073 0.16015625 0.2595307917888563