0 0.740234375 0.20087976539589442 0.083984375 0.1810850439882698
0 0.6796875 0.3944281524926686 0.1787109375 0.28885630498533726
0 0.59912109375 0.6202346041055719 0.11181640625 0.20234604105571846
0 0.67041015625 0.8526392961876833 0.22119140625 0.29472140762463345
0 0.4765625 0.7060117302052786 0.0859375 0.1495601173020528
0 0.45654296875 0.9142228739002932 0.13720703125 0.17155425219941348
0 0.2490234375 0.9508797653958945 0.23046875 0.09750733137829912
0 0.111328125 0.874633431085044 0.22265625 0.250733137829912
0 0.28955078125 0.6781524926686217 0.19873046875 0.35777126099706746
0 0.111328125 0.6972140762463344 0.19287109375 0.19794721407624633
0 0.15380859375 0.4941348973607038 0.26611328125 0.2089442815249267
0 0.13232421875 0.2631964809384164 0.23876953125 0.26759530791788855
0 0.19287109375 0.10703812316715543 0.32275390625 0.1972140762463343
0 0.3876953125 0.2961876832844575 0.2158203125 0.44281524926686217
0 0.58447265625 0.1378299120234604 0.181640625 0.2368035190615836
0 0.54052734375 0.38343108504398826 0.056640625 0.20674486803519063
0 0.46728515625 0.5769794721407625 0.11865234375 0.11730205278592376