0 0.97119140625 0.11217008797653959 0.0576171875 0.20087976539589442
0 0.96044921875 0.8130498533724341 0.07421875 0.18621700879765396
0 0.82421875 0.8079178885630498 0.1875 0.3841642228739003
0 0.2568359375 0.8137829912023461 0.2109375 0.3255131964809384
0 0.07373046875 0.7734604105571847 0.1474609375 0.3709677419354839
0 0.8212890625 0.24486803519061584 0.1416015625 0.19648093841642228
0 0.875 0.09897360703812316 0.162109375 0.18328445747800587
0 0.67431640625 0.07038123167155426 0.2451171875 0.1378299120234604
0 0.9296875 0.9303519061583577 0.1328125 0.13929618768328444
0 0.12353515625 0.9604105571847508 0.1142578125 0.06304985337243402
0 0.95458984375 0.5058651026392962 0.0908203125 0.3489736070381232