0 0.47607421875 0.7888563049853372 0.26220703125 0.3870967741935484
0 0.4453125 0.5637829912023461 0.19287109375 0.250733137829912
0 0.435546875 0.24486803519061584 0.22998046875 0.32991202346041054
0 0.60888671875 0.3614369501466276 0.1064453125 0.17888563049853373
0 0.607421875 0.20161290322580644 0.09130859375 0.15249266862170088
0 0.52197265625 0.06085043988269795 0.115234375 0.1217008797653959
0 0.36181640625 0.10703812316715543 0.19580078125 0.20161290322580644
0 0.767578125 0.6847507331378299 0.2802734375 0.3585043988269795
0 0.7490234375 0.9112903225806451 0.21044921875 0.17668621700879766
0 0.81982421875 0.3321114369501466 0.2607421875 0.2844574780058651
0 0.63232421875 0.06378299120234604 0.1142578125 0.12683284457478006
0 0.76123046875 0.08797653958944282 0.1767578125 0.17595307917888564
0 0.9111328125 0.09090909090909091 0.177734375 0.18181818181818182
0 0.93701171875 0.8291788856304986 0.1259765625 0.3416422287390029
0 0.93798828125 0.5681818181818182 0.1240234375 0.17082111436950145
0 0.96044921875 0.33357771260997066 0.0791015625 0.29472140762463345