0 0.533203125 0.5960410557184751 0.265625 0.3592375366568915
0 0.28173828125 0.5777126099706745 0.2314453125 0.3519061583577713
0 0.68310546875 0.7353372434017595 0.1943359375 0.2829912023460411
0 0.79443359375 0.8607038123167156 0.0888671875 0.2668621700879765
0 0.79052734375 0.6004398826979472 0.08984375 0.2595307917888563
0 0.74072265625 0.4252199413489736 0.1845703125 0.23020527859237536
0 0.7421875 0.23387096774193547 0.177734375 0.14516129032258066
0 0.57421875 0.31744868035190615 0.1240234375 0.1906158357771261
0 0.4423828125 0.31085043988269795 0.134765625 0.17888563049853373
0 0.26513671875 0.18988269794721407 0.20703125 0.37390029325513197
0 0.4677734375 0.10337243401759531 0.212890625 0.20674486803519063
0 0.6962890625 0.0813782991202346 0.265625 0.1627565982404692