0 0.5654296875 0.26832844574780057 0.271484375 0.22140762463343108
0 0.4013671875 0.30791788856304986 0.2060546875 0.10850439882697947
0 0.56884765625 0.5117302052785924 0.18359375 0.21994134897360704
0 0.5114708681640625 0 0.7143037021484375 0.21338040762463345 0.7729004462890625 0.12035556451612903 0.6635382470703125 0 0.5114708681640625 0
0 0.7939453125 0.04618768328445748 0.068359375 0.09237536656891496
0 0.4873046875 0.7961876832844574 0.24609375 0.22580645161290322
0 0.34619140625 0.9523460410557185 0.1552734375 0.09530791788856305
0 0.1623996005859375 0.10931398240469209 0.487240490234375 0.25293955571847504 0.5155732412109375 0.12336545307917889 0.3384178564453125 0.004158611436950147 0.1612311181640625 0.008802356304985336 0.1623996005859375 0.10931398240469209
0 0.4970938935546875 0 0.406030287109375 0.0023866129032258064 0.496907787109375 0.12198746041055718 0.5785497177734376 0.08623954105571847 0.5177306337890625 0 0.4970938935546875 0
0 0.2666015625 0.2837243401759531 0.205078125 0.16422287390029325
0 0.28125 0.6466275659824047 0.2265625 0.11730205278592376
0 0.2880859375 0.5461876832844574 0.2412109375 0.09970674486803519
0 0.28857421875 0.4303519061583578 0.2451171875 0.0967741935483871
0 0.2646484375 0.7983870967741935 0.1904296875 0.187683284457478
0 0.44189453125 0.4912023460410557 0.140625 0.20381231671554254