0 0.52685546875 0.40762463343108507 0.2587890625 0.34750733137829914
0 0.27880859375 0.4318181818181818 0.2236328125 0.34310850439882695
0 0.67333984375 0.2661290322580645 0.189453125 0.2756598240469208
0 0.78662109375 0.13416422287390029 0.0927734375 0.26832844574780057
0 0.78564453125 0.3966275659824047 0.0947265625 0.2536656891495601
0 0.73876953125 0.5703812316715543 0.1884765625 0.22434017595307917
0 0.74169921875 0.7609970674486803 0.1826171875 0.13929618768328444
0 0.57080078125 0.6818181818181818 0.12109375 0.18475073313782991
0 0.4404296875 0.6920821114369502 0.1328125 0.1744868035190616
0 0.2666015625 0.8159824046920822 0.19921875 0.3680351906158358
0 0.4677734375 0.8988269794721407 0.208984375 0.20234604105571846
0 0.697265625 0.9171554252199413 0.265625 0.1656891495601173