0 0.04248046875 0.6304985337243402 0.0849609375 0.26832844574780057
0 0.052734375 0.38563049853372433 0.10546875 0.30498533724340177
0 0.10400390625 0.10777126099706745 0.2080078125 0.2155425219941349
0 0.0498046875 0.1693548387096774 0.099609375 0.1348973607038123
0 0.599609375 0.8409090909090909 0.173828125 0.3181818181818182
0 0.654296875 0.592375366568915 0.228515625 0.30498533724340177
0 0.7998046875 0.09824046920821114 0.21484375 0.19648093841642228
0 0.91943359375 0.9032258064516129 0.1591796875 0.1935483870967742
0 0.77197265625 0.8973607038123167 0.173828125 0.20527859237536658
0 0.94287109375 0.09604105571847507 0.1142578125 0.19208211143695014
0 0.87646484375 0.6341642228739003 0.24609375 0.3548387096774194
0 0.89892578125 0.3262463343108504 0.2021484375 0.2932551319648094
0 0.771484375 0.3027859237536657 0.095703125 0.13196480938416422