0 0.31884765625 0.26466275659824046 0.123046875 0.3196480938416422
0 0.20703125 0.3548387096774194 0.072265625 0.25513196480938416
0 0.10546875 0.5043988269794721 0.0859375 0.19648093841642228
0 0.03564453125 0.375366568914956 0.0712890625 0.26099706744868034
0 0.0869140625 0.19281524926686217 0.173828125 0.3812316715542522
0 0.66015625 0.12390029325513197 0.1923828125 0.23020527859237536
0 0.5146484375 0.15395894428152493 0.0859375 0.2844574780058651
0 0.42236328125 0.16055718475073313 0.072265625 0.2756598240469208
0 0.27685546875 0.09237536656891496 0.169921875 0.17888563049853373
0 0.84375 0.10043988269794721 0.158203125 0.1935483870967742
0 0.92236328125 0.2001466275659824 0.1328125 0.23020527859237536
0 0.9619140625 0.05865102639296188 0.068359375 0.10557184750733138
0 0.9521484375 0.6671554252199413 0.080078125 0.6656891495601173
0 0.8154296875 0.47653958944281527 0.1640625 0.3489736070381232
0 0.6748046875 0.656891495601173 0.15625 0.27712609970674484
0 0.55517578125 0.8313782991202346 0.18359375 0.3196480938416422
0 0.77587890625 0.8167155425219942 0.2421875 0.36656891495601174