0 0.33251953125 0.30498533724340177 0.19140625 0.312316715542522
0 0.5078125 0.19208211143695014 0.1259765625 0.3790322580645161
0 0.30322265625 0.591642228739003 0.16943359375 0.20527859237536658
0 0.25830078125 0.8651026392961877 0.28564453125 0.2697947214076246
0 0.05126953125 0.8973607038123167 0.1025390625 0.20527859237536658
0 1 0.10712076246334311 0.888325921875 0.182094142228739 0.8375974287109375 0.32437865102639296 0.921209107421875 0.40518585923753664 1 0.36312756158357773 1 0.10712076246334311
0 0.42724609375 0.780791788856305 0.2646484375 0.25439882697947214
0 0.70263671875 0.6862170087976539 0.130859375 0.18621700879765396
0 0.162109375 0.2155425219941349 0.181640625 0.2939882697947214
0 0.04833984375 0.719208211143695 0.0966796875 0.17595307917888564
0 0.078125 0.49266862170087977 0.15576171875 0.3321114369501466
0 0.1806640625 0.0469208211143695 0.1220703125 0.093841642228739
0 0.04052734375 0.15689149560117302 0.0810546875 0.22947214076246333
0 0.3515625 0.08431085043988269 0.1611328125 0.16788856304985336
0 0.8125 0.18621700879765396 0.1484375 0.22067448680351906
0 0.64599609375 0.09090909090909091 0.15625 0.18181818181818182
0 0.93505859375 0.06085043988269795 0.12939453125 0.1217008797653959
0 0.65576171875 0.29472140762463345 0.18798828125 0.21334310850439883
0 0.8525390625 0.49486803519061584 0.19677734375 0.2844574780058651
0 0.62744140625 0.5476539589442815 0.22998046875 0.28225806451612906
0 0.59765625 0.8196480938416423 0.2099609375 0.2587976539589443
0 0.88232421875 0.6319648093841642 0.20263671875 0.2624633431085044