0 0.47509765625 0.29178885630498536 0.1220703125 0.22287390029325513
0 0.80712890625 0.13636363636363635 0.0625 0.20087976539589442
0 0.6865234375 0.37609970674486803 0.1826171875 0.2404692082111437
0 0.4189453125 0.5696480938416423 0.1923828125 0.2932551319648094
0 0.57373046875 0.7280058651026393 0.2060546875 0.436950146627566
0 0.72412109375 0.7756598240469208 0.2158203125 0.4237536656891496
0 0.40771484375 0.8145161290322581 0.12109375 0.2375366568914956
0 0.3900817265625 0.7593233049853372 0.3773835439453125 0.6869255909090909 0.2532360625 0.7779106480938417 0.261555361328125 0.8424642463343108 0.3900817265625 0.7593233049853372
0 0.35875391015625 0.7012200029325513 0.335303095703125 0.6008232067448681 0.3325782001953125 0.6058733196480939 0.179791279296875 0.7427250630498534 0.2121349033203125 0.8193333973607039 0.35875391015625 0.7012200029325513
0 0.64111328125 0.9472140762463344 0.1435546875 0.10557184750733138
0 0.1953125 0.966275659824047 0.068359375 0.05278592375366569
0 0.3212890625 0.8533724340175953 0.087890625 0.13929618768328444
0 0.22314453125 0.6121700879765396 0.1171875 0.20381231671554254
0 0.45849609375 0.9596774193548387 0.1298828125 0.08064516129032258