0 0.26904296875 0.20087976539589442 0.28564453125 0.3914956011730205
0 0.337890625 0.5755131964809385 0.21533203125 0.3379765395894428
0 0.42822265625 0.843841642228739 0.2490234375 0.312316715542522
0 0.537109375 0.5630498533724341 0.166015625 0.250733137829912
0 0.626953125 0.7543988269794721 0.115234375 0.18255131964809385
0 0.61767578125 0.9164222873900293 0.1357421875 0.16715542521994134
0 0.5263671875 0.23093841642228738 0.1962890625 0.39882697947214074
0 0.63427734375 0.07038123167155426 0.1201171875 0.14002932551319647
0 0.82373046875 0.16788856304985336 0.3525390625 0.312316715542522
0 0.82177734375 0.44281524926686217 0.1708984375 0.22727272727272727
0 0.697265625 0.37316715542521994 0.12646484375 0.36730205278592376
0 0.841796875 0.7316715542521994 0.31640625 0.5300586510263929
0 0.9365234375 0.3687683284457478 0.126953125 0.21407624633431085