0 0.52197265625 0.14809384164222875 0.1396484375 0.1744868035190616
0 0.69189453125 0.6414956011730205 0.1513671875 0.22434017595307917
0 0.39794921875 0.5109970674486803 0.09375 0.15835777126099707
0 0.431640625 0.7111436950146628 0.2119140625 0.2536656891495601
0 0.4794921875 0.5278592375366569 0.103515625 0.15102639296187684
0 0.6220703125 0.6063049853372434 0.1240234375 0.20527859237536658
0 0.560546875 0.624633431085044 0.056640625 0.10410557184750734
0 0.82861328125 0.6136363636363636 0.1767578125 0.24193548387096775
0 0.80419921875 0.5131964809384164 0.1328125 0.18475073313782991
0 0.9765625 0.6136363636363636 0.046875 0.15689149560117302
0 0.64453125 0.08797653958944282 0.134765625 0.17595307917888564
0 0.86376953125 0.09897360703812316 0.1279296875 0.19794721407624633
0 0.9365234375 0.24193548387096775 0.123046875 0.1744868035190616
0 0.97265625 0.08431085043988269 0.046875 0.16862170087976538
0 0.7880859375 0.2536656891495601 0.10546875 0.11730205278592376
0 0.20751953125 0.6121700879765396 0.208984375 0.20821114369501467
0 0.22900390625 0.7991202346041055 0.154296875 0.12756598240469208
0 0 0.4262390513196481 0.1287750263671875 0.5453888900293254 0.1581768408203125 0.5072829633431085 0.0979316552734375 0.2845190982404692 0 0.27362549853372437 0 0.4262390513196481
0 0.1385684755859375 0.5320648841642228 0.1744680634765625 0.5180565997067449 0.1666257666015625 0.25473463343108504 0.0783892587890625 0.27602830205278595 0.1385684755859375 0.5320648841642228
0 0.1645879482421875 0.5239158387096774 0.2042820888671875 0.5154084882697947 0.250958474609375 0.2861053651026393 0.1666099453125 0.26998263343108503 0.1645879482421875 0.5239158387096774
0 0.0615234375 0.6011730205278593 0.123046875 0.2316715542521994
0 0.08740234375 0.15762463343108504 0.1748046875 0.29765395894428154
0 0.2753718916015625 0.3194016129032258 0.282311326171875 0.005629063049853372 0.1116056259765625 0.010102950146627565 0.2083066103515625 0.326759573313783 0.2753718916015625 0.3194016129032258
0 0.32275390625 0.03812316715542522 0.0673828125 0.0689149560117302