0 0.41162109375 0.49853372434017595 0.2822265625 0.2536656891495601
0 0.51708984375 0.7272727272727273 0.1904296875 0.22434017595307917
0 0.7216796875 0.7573313782991202 0.2001953125 0.2653958944281525
0 0.5986328125 0.9516129032258065 0.2109375 0.0967741935483871
0 0.2431640625 0.9142228739002932 0.1640625 0.1627565982404692
0 0.42236328125 0.9193548387096774 0.1748046875 0.16129032258064516
0 0.2841796875 0.7199413489736071 0.240234375 0.20527859237536658
0 0.2216796875 0.46994134897360706 0.1123046875 0.30058651026392963
0 0.25927734375 0.1906158357771261 0.1806640625 0.2653958944281525
0 0.25048828125 0.032991202346041054 0.1572265625 0.06598240469208211
0 0.5703125 0.1590909090909091 0.40234375 0.3181818181818182
0 0.6953125 0.4560117302052786 0.279296875 0.3064516129032258