0 0.89892578125 0.19134897360703812 0.201171875 0.3724340175953079
0 0.669921875 0.19501466275659823 0.16015625 0.3357771260997067
0 0.51318359375 0.19134897360703812 0.12109375 0.31085043988269795
0 0.34912109375 0.11656891495601172 0.166015625 0.20674486803519063
0 0.20947265625 0.13049853372434017 0.1337890625 0.22727272727272727
0 0.06396484375 0.16129032258064516 0.126953125 0.2565982404692082
0 0.69677734375 0.4560117302052786 0.173828125 0.20234604105571846
0 0.89697265625 0.49193548387096775 0.2060546875 0.2287390029325513
0 0.87109375 0.8137829912023461 0.2578125 0.3724340175953079
0 0.58349609375 0.8497067448680352 0.28125 0.2991202346041056
0 0.33740234375 0.8137829912023461 0.171875 0.2932551319648094
0 0.08203125 0.8504398826979472 0.1640625 0.25513196480938416
0 0.1142578125 0.43328445747800587 0.20703125 0.26099706744868034
0 0.31591796875 0.4208211143695015 0.1787109375 0.30791788856304986