0 0.47119140625 0.5696480938416423 0.17578125 0.187683284457478
0 0.4755859375 0.7778592375366569 0.0869140625 0.1495601173020528
0 0.37255859375 0.719208211143695 0.13671875 0.21700879765395895
0 0.62353515625 0.9560117302052786 0.12109375 0.08797653958944282
0 0.50732421875 0.9274193548387096 0.1357421875 0.14516129032258066
0 0.33544921875 0.9244868035190615 0.1982421875 0.15102639296187684
0 0.14501953125 0.7771260997067448 0.19921875 0.2595307917888563
0 0.115234375 0.9296187683284457 0.23046875 0.1378299120234604
0 0.0830078125 0.5850439882697948 0.166015625 0.2316715542521994
0 0.08984375 0.40762463343108507 0.1796875 0.28152492668621704
0 0.0810546875 0.13709677419354838 0.162109375 0.2727272727272727
0 0.2333984375 0.13563049853372433 0.19921875 0.27126099706744866
0 0.349609375 0.07844574780058651 0.1171875 0.15689149560117302
0 0.48876953125 0.07917888563049853 0.1552734375 0.15835777126099707
0 0.6015625 0.1590909090909091 0.1640625 0.3181818181818182
0 0.85107421875 0.0747800586510264 0.2978515625 0.1495601173020528
0 0.9423828125 0.2932551319648094 0.115234375 0.23607038123167157
0 0.35302734375 0.41715542521994137 0.298828125 0.21407624633431085