0 0.482421875 0.4508797653958944 0.201171875 0.23313782991202345
0 0.20849609375 0.7521994134897361 0.0830078125 0.21407624633431085
0 0.533203125 0.1935483870967742 0.10546875 0.13196480938416422
0 0.7646484375 0.3585043988269795 0.13671875 0.18475073313782991
0 0.671875 0.13636363636363635 0.212890625 0.24926686217008798
0 0.6875 0.9142228739002932 0.19921875 0.17155425219941348
0 0.2529296875 0.9428152492668622 0.09765625 0.11436950146627566
0 0.25390625 0.5997067448680352 0.119140625 0.17888563049853373
0 0.38427734375 0.7609970674486803 0.1279296875 0.25513196480938416
0 0.53662109375 0.7140762463343109 0.1728515625 0.22434017595307917
0 0.451171875 0.9215542521994134 0.15234375 0.15689149560117302
0 0.75244140625 0.6788856304985337 0.1611328125 0.2961876832844575
0 0.615234375 0.39296187683284456 0.087890625 0.23020527859237536
0 0.794921875 0.0967741935483871 0.07421875 0.1935483870967742
0 0.39599609375 0.24633431085043989 0.130859375 0.2785923753665689
0 0.32470703125 0.5249266862170088 0.080078125 0.1466275659824047
0 0.22119140625 0.3841642228739003 0.107421875 0.2727272727272727
0 0.20654296875 0.14516129032258066 0.0791015625 0.2434017595307918
0 0.30859375 0.156158357771261 0.134765625 0.312316715542522