0 0.2060546875 0.6121700879765396 0.3623046875 0.4662756598240469
0 0.9873046875 0.6129032258064516 0.025390625 0.20967741935483872
0 0.9560546875 0.8460410557184751 0.087890625 0.30791788856304986
0 0.2412109375 0.09824046920821114 0.28125 0.19648093841642228
0 0.1064453125 0.1935483870967742 0.212890625 0.2316715542521994
0 0.455078125 0.021994134897360705 0.2109375 0.04398826979472141
0 0.32080078125 0.2697947214076246 0.2197265625 0.2126099706744868
0 0.09716796875 0.3819648093841642 0.1943359375 0.17302052785923755
0 0.02587890625 0.6334310850439883 0.0517578125 0.3035190615835777
0 0.048828125 0.8958944281524927 0.09765625 0.20821114369501467
0 0.21240234375 0.905425219941349 0.2421875 0.18914956011730205