0 0.716796875 0.6312316715542522 0.201171875 0.26832844574780057
0 0.513671875 0.5219941348973607 0.1474609375 0.28152492668621704
0 0.4140625 0.28812316715542524 0.197265625 0.2932551319648094
0 0.07861328125 0.14882697947214077 0.1572265625 0.2287390029325513
0 0.33544921875 0.5395894428152492 0.205078125 0.2697947214076246
0 0.1669921875 0.7954545454545454 0.287109375 0.36950146627565983
0 0.35595703125 0.8504398826979472 0.2646484375 0.2991202346041056
0 0.6298828125 0.967741935483871 0.34765625 0.06451612903225806
0 0.58203125 0.8533724340175953 0.16796875 0.27126099706744866
0 0.83642578125 0.9259530791788856 0.2939453125 0.14809384164222875
0 0.912109375 0.7463343108504399 0.17578125 0.5073313782991202
0 0.83251953125 0.4406158357771261 0.216796875 0.4252199413489736
0 0.60791015625 0.24633431085043989 0.2255859375 0.49266862170087977
0 0.89306640625 0.2287390029325513 0.2138671875 0.4574780058651026
0 0.10791015625 0.44208211143695014 0.2158203125 0.27712609970674484
0 0.23583984375 0.1312316715542522 0.12109375 0.2624633431085044