0 0.28564453125 0.08357771260997067 0.1669921875 0.1598240469208211
0 0.82177734375 0.0469208211143695 0.1650390625 0.093841642228739
0 0.94482421875 0.10263929618768329 0.1044921875 0.20527859237536658
0 0.962890625 0.3409090909090909 0.07421875 0.30058651026392963
0 0.87451171875 0.5997067448680352 0.2421875 0.17888563049853373
0 0.93115234375 0.8211143695014663 0.1376953125 0.33724340175953077
0 0.6513671875 0.6480938416422287 0.212890625 0.32111436950146627
0 0.81005859375 0.7639296187683284 0.1337890625 0.24486803519061584
0 0.11328125 0.19868035190615835 0.2265625 0.35043988269794724
0 0.3193359375 0.40762463343108507 0.1904296875 0.2565982404692082
0 0.396484375 0.28885630498533726 0.1865234375 0.2595307917888563
0 0.58837890625 0.17595307917888564 0.1982421875 0.3519061583577713
0 0.439453125 0.06744868035190615 0.078125 0.13343108504398826
0 0.634765625 0.4178885630498534 0.3173828125 0.20234604105571846
0 0.79345703125 0.2155425219941349 0.099609375 0.18181818181818182
0 0.87255859375 0.36363636363636365 0.1044921875 0.2434017595307918