0 0.1025390625 0.7859237536656891 0.205078125 0.2126099706744868
0 0.20654296875 0.10703812316715543 0.1806640625 0.21407624633431085
0 0.06787109375 0.5608504398826979 0.1357421875 0.2126099706744868
0 0.0615234375 0.12903225806451613 0.123046875 0.25806451612903225
0 0.048828125 0.3526392961876833 0.09765625 0.21700879765395895
0 0.1240234375 0.9362170087976539 0.24755859375 0.12756598240469208
0 0.94873046875 0.17521994134897362 0.10205078125 0.3379765395894428
0 0.9541015625 0.8695014662756598 0.091796875 0.25806451612903225
0 0.50146484375 0.8607038123167156 0.201171875 0.2785923753665689
0 0.33544921875 0.2697947214076246 0.21142578125 0.26759530791788855
0 0.21875 0.5263929618768328 0.25830078125 0.24266862170087977
0 0.123046875 0.3086510263929619 0.17578125 0.21480938416422288
0 0.44580078125 0.20821114369501467 0.19140625 0.29765395894428154
0 0.35205078125 0.7038123167155426 0.14697265625 0.2221407624633431
0 0.419921875 0.4868035190615836 0.1767578125 0.2756598240469208
0 0.53662109375 0.6099706744868035 0.2294921875 0.2624633431085044
0 0.337890625 0.8973607038123167 0.1640625 0.20527859237536658