0 0.645666072265625 1 0.63286251171875 0.725991215542522 0.549034517578125 0.7217958035190616 0.5704952021484375 1 0.645666072265625 1
0 0.5420748642578125 1 0.5322689189453125 0.7427731524926686 0.45263232421875 0.7595550894428152 0.470368650390625 1 0.5420748642578125 1
0 0.748433419921875 1 0.7823558544921875 0.8350736612903225 0.7166905068359375 0.7385776436950147 0.6426424873046875 0.8329758592375366 0.6897373369140625 1 0.748433419921875 1
0 0.153122642578125 1 0.268210736328125 0.7364799384164222 0.283579287109375 0.5036310073313782 0.1983541171875 0.4448943724340176 0.0418751513671875 0.8581487170087977 0.06517050390625 1 0.153122642578125 1
0 0 0 0 0.5079304149560118 0.141071697265625 0.37357121260997067 0.2332824912109375 0.031639835777126105 0.1808198837890625 0 0 0
0 0.4149097265625 0.48894687243401763 0.371598681640625 0.10715840762463343 0.2123254921875 0.27287978299120236 0.1676171435546875 0.516217435483871 0.30034488671875 0.5938337140762463 0.4149097265625 0.48894687243401763
0 0.49072265625 0.35117302052785926 0.154296875 0.44574780058651026
0 0.939453125 0.6510263929618768 0.12109375 0.3196480938416422
0 0.7236328125 0.5410557184750733 0.17578125 0.3563049853372434
0 0 0.7323926554252199 0.16063151953125 0.45957850733137834 0.114526123046875 0.35888707771260997 0 0.5775547126099707 0 0.7323926554252199
0 0.0337069921875 1 0.15923434375 0.5350970791788857 0.103349099609375 0.5078265161290323 0 0.7325189516129033 0 1 0.0337069921875 1
0 0.3923016298828125 1 0.4288811015625 0.8896147888563049 0.434469677734375 0.705013866568915 0.3422588837890625 0.6966229457478006 0.3181797421875 1 0.3923016298828125 1
0 0.48388671875 0.5762463343108505 0.126953125 0.21700879765395895
0 0.33447265625 0.6671554252199413 0.0771484375 0.3489736070381232
0 0.5966796875 0.5549853372434017 0.1904296875 0.3592375366568915
0 0.95166015625 0.9648093841642229 0.095703125 0.07038123167155426
0 0.88916015625 0.7895894428152492 0.146484375 0.2287390029325513
0 0.86279296875 0.5835777126099707 0.1357421875 0.21407624633431085
0 0.8193359375 0.9398826979472141 0.1328125 0.12023460410557185
0 0.27734375 0.874633431085044 0.0791015625 0.250733137829912