0 0.515625 0.20821114369501467 0.11279296875 0.25
0 0.4423828125 0.13929618768328444 0.072265625 0.18988269794721407
0 0.22314453125 0.3086510263929619 0.138671875 0.1935483870967742
0 0.24951171875 0.6217008797653959 0.2060546875 0.2653958944281525
0 0.30078125 0.4303519061583578 0.0888671875 0.125366568914956
0 0.36865234375 0.7052785923753666 0.1044921875 0.13709677419354838
0 0.115234375 0.7983870967741935 0.185546875 0.17521994134897362
0 0.41357421875 0.9164222873900293 0.2138671875 0.16715542521994134
0 0.123046875 0.49266862170087977 0.205078125 0.2939882697947214
0 0.25927734375 0.8907624633431085 0.13720703125 0.218475073313783
0 0.6748046875 0.9039589442815249 0.13916015625 0.17888563049853373
0 0.8447265625 0.7947214076246334 0.263671875 0.34384164222873903
0 0.82275390625 0.9376832844574781 0.1533203125 0.12463343108504399
0 0.72314453125 0.2895894428152493 0.1591796875 0.25439882697947214
0 0.6376953125 0.4736070381231672 0.17822265625 0.32038123167155425
0 0.5263671875 0.6642228739002932 0.22216796875 0.24193548387096775
0 0.4482421875 0.43548387096774194 0.150390625 0.2829912023460411
0 0.271484375 0.10483870967741936 0.2060546875 0.20967741935483872
0 0.0810546875 0.16788856304985336 0.162109375 0.3357771260997067
0 0.09765625 0.9538123167155426 0.150390625 0.09237536656891496