0 0.453125 0.1744868035190616 0.2197265625 0.30791788856304986
0 0.3515625 0.3951612903225806 0.1611328125 0.21994134897360704
0 0.30419921875 0.24633431085043989 0.1240234375 0.18181818181818182
0 0.19873046875 0.13049853372434017 0.111328125 0.14076246334310852
0 0.24658203125 0.04472140762463343 0.103515625 0.08944281524926687
0 0.0703125 0.15469208211143695 0.140625 0.30791788856304986
0 0.05908203125 0.4215542521994135 0.1181640625 0.18035190615835778
0 0.033203125 0.624633431085044 0.06640625 0.2829912023460411
0 0.1455078125 0.6195014662756598 0.11328125 0.16129032258064516
0 0.15673828125 0.49853372434017595 0.1640625 0.16862170087976538
0 0.52001953125 0.43621700879765396 0.181640625 0.23460410557184752
0 0.44921875 0.5843108504398827 0.119140625 0.19501466275659823
0 0.365234375 0.7873900293255132 0.1259765625 0.16129032258064516
0 0.373046875 0.6429618768328446 0.111328125 0.15249266862170088
0 0.509765625 0.7675953079178885 0.1767578125 0.23900293255131966
0 0.29248046875 0.5373900293255132 0.16015625 0.18914956011730205
0 0.228515625 0.7074780058651027 0.1591796875 0.15542521994134897
0 0.2119140625 0.8922287390029325 0.2138671875 0.2155425219941349
0 0.43212890625 0.9215542521994134 0.1953125 0.15542521994134897
0 0.05615234375 0.9098240469208211 0.1123046875 0.1774193548387097