0 0.48583984375 0.8071847507331378 0.1318359375 0.2873900293255132
0 0.5703125 0.8834310850439883 0.0849609375 0.218475073313783
0 0.8173828125 0.6840175953079178 0.1611328125 0.22434017595307917
0 0.78369140625 0.3284457478005865 0.23828125 0.30791788856304986
0 0.7275390625 0.5469208211143695 0.103515625 0.1466275659824047
0 0.646484375 0.23607038123167157 0.12109375 0.1598240469208211
0 0.912109375 0.12316715542521994 0.1689453125 0.20381231671554254
0 0.59228515625 0.0469208211143695 0.2431640625 0.093841642228739
0 0.9052734375 0.4714076246334311 0.189453125 0.3387096774193548
0 0.76953125 0.07331378299120235 0.158203125 0.1466275659824047
0 0.2958984375 0.06304985337243402 0.1591796875 0.12023460410557185
0 0.1279296875 0.17668621700879766 0.255859375 0.3416422287390029
0 0.126953125 0.032991202346041054 0.17578125 0.051319648093841645
0 0.248046875 0.7206744868035191 0.1845703125 0.29472140762463345
0 0.34326171875 0.5087976539589443 0.20703125 0.3709677419354839
0 0.46728515625 0.2873900293255132 0.2568359375 0.2829912023460411
0 0.5595703125 0.5461876832844574 0.17578125 0.32697947214076245
0 0.765625 0.8958944281524927 0.2373046875 0.20087976539589442
0 0.943359375 0.8181818181818182 0.11328125 0.34310850439882695