0 0.046875 0.3159824046920821 0.09375 0.24193548387096775
0 0.14453125 0.12903225806451613 0.12109375 0.25806451612903225
0 0.47705078125 0.26392961876832843 0.09423828125 0.2529325513196481
0 0.70849609375 0.39589442815249265 0.10107421875 0.2844574780058651
0 0.8330078125 0.5021994134897361 0.11865234375 0.2375366568914956
0 0.955078125 0.6840175953079178 0.08935546875 0.17668621700879766
0 0.5290467490234375 0.1491789750733138 0.58019837109375 0.36495623753665685 0.654848890625 0.14619882697947215 0.632567814453125 0.07420559530791788 0.5789804384765626 0.028490029325513196 0.5290467490234375 0.1491789750733138
0 0.87858279296875 0 0.8286491044921875 0.26986792228739004 0.849353294921875 0.28449691348973605 1 0 0.87858279296875 0
0 0.28076171875 0.14149560117302054 0.0849609375 0.1942815249266862
0 0.3544921875 0.21041055718475074 0.10400390625 0.2060117302052786
0 0.0751953125 0.5366568914956011 0.150390625 0.27126099706744866
0 0.10888671875 0.781524926686217 0.12158203125 0.36656891495601174
0 1 0.30278308944281523 0.8676217314453125 0.5002740909090909 0.9662713994140625 0.582562008797654 1 0.40518585923753664 1 0.30278308944281523
0 0.98193359375 0.5109970674486803 0.0361328125 0.15395894428152493
0 0.74755859375 0.22947214076246333 0.1015625 0.2595307917888563
0 0.95703125 0.20527859237536658 0.0859375 0.2118768328445748
0 0.3173828125 0.9032258064516129 0.28955078125 0.1935483870967742