0 0.89453125 0.1942815249266862 0.2109375 0.37390029325513197
0 0.65771484375 0.1810850439882698 0.171875 0.3563049853372434
0 0.49365234375 0.17302052785923755 0.130859375 0.32991202346041054
0 0.32275390625 0.09970674486803519 0.1767578125 0.19941348973607037
0 0.1748046875 0.10997067448680352 0.142578125 0.21994134897360704
0 0.046875 0.13269794721407624 0.087890625 0.2653958944281525
0 0.68212890625 0.45527859237536655 0.18359375 0.2155425219941349
0 0.890625 0.49780058651026393 0.21875 0.24486803519061584
0 0.86083984375 0.8181818181818182 0.2744140625 0.36363636363636365
0 0.5595703125 0.8511730205278593 0.298828125 0.29765395894428154
0 0.30126953125 0.8203812316715543 0.1845703125 0.312316715542522
0 0.060546875 0.8511730205278593 0.12109375 0.27126099706744866
0 0.0908203125 0.4142228739002933 0.181640625 0.27712609970674484
0 0.283203125 0.40762463343108507 0.19140625 0.32697947214076245