0 0.63623046875 0.4714076246334311 0.0576171875 0.1187683284457478
0 0.7900390625 0.8922287390029325 0.0966796875 0.17595307917888564
0 0.828125 0.8387096774193549 0.01953125 0.1378299120234604
0 0.75537109375 0.9391495601173021 0.1259765625 0.11143695014662756
0 0.83056640625 0.9626099706744868 0.0166015625 0.05718475073313783
0 0.63671875 0.9171554252199413 0.1171875 0.16129032258064516
0 0.80029296875 0.13929618768328444 0.0595703125 0.1378299120234604
0 0.787109375 0.05718475073313783 0.08203125 0.11436950146627566
0 0.8134765625 0.5285923753665689 0.041015625 0.13636363636363635
0 0.70166015625 0.7104105571847508 0.1767578125 0.27712609970674484
0 0.80078125 0.7155425219941349 0.0712890625 0.1774193548387097
0 0.521484375 0.9714076246334311 0.09375 0.05718475073313783