0 0.10595703125 0.24193548387096775 0.2119140625 0.4838709677419355
0 0.70556640625 0.3841642228739003 0.18359375 0.3870967741935484
0 0.42431640625 0.39956011730205276 0.337890625 0.46774193548387094
0 0.18212890625 0.5234604105571847 0.10546875 0.18914956011730205
0 0.0703125 0.6774193548387096 0.140625 0.34017595307917886
0 0.267578125 0.8848973607038123 0.1748046875 0.22580645161290322
0 0.10986328125 0.9721407624633431 0.1708984375 0.05571847507331378
0 0.05517578125 0.9281524926686217 0.1103515625 0.1436950146627566
0 0.56591796875 0.781524926686217 0.37109375 0.34750733137829914
0 0.57958984375 0.906891495601173 0.125 0.18621700879765396
0 0.95166015625 0.5263929618768328 0.0966796875 0.17008797653958943
0 0.6171875 0.9838709677419355 0.10546875 0.03225806451612903
0 0.7880859375 0.9721407624633431 0.19140625 0.05571847507331378
0 0.85400390625 0.8064516129032258 0.1748046875 0.24193548387096775
0 0.97607421875 0.8643695014662757 0.0478515625 0.1495601173020528
0 0.97119140625 0.7038123167155426 0.0576171875 0.12903225806451613
0 0.841796875 0.5513196480938416 0.1171875 0.22580645161290322