0 0.544921875 0.15689149560117302 0.10595703125 0.2470674486803519
0 0.6240234375 0.28225806451612906 0.13232421875 0.250733137829912
0 0.52783203125 0.46920821114369504 0.20751953125 0.4112903225806452
0 0.666015625 0.8533724340175953 0.2109375 0.2932551319648094
0 0.48193359375 0.908357771260997 0.232421875 0.18255131964809385
0 0.5009765625 0.7932551319648093 0.17138671875 0.1495601173020528
0 0.2294921875 0.7580645161290323 0.14404296875 0.23313782991202345
0 0.24072265625 0.2793255131964809 0.14794921875 0.15175953079178886
0 0.076171875 0.09457478005865103 0.05615234375 0.156158357771261
0 0.1865234375 0.12976539589442815 0.138671875 0.16055718475073313
0 0.3681640625 0.14882697947214077 0.2236328125 0.24120234604105573
0 0.0849609375 0.43328445747800587 0.169921875 0.20234604105571846
0 0.087890625 0.7294721407624634 0.13134765625 0.14149560117302054
0 0.03759765625 0.6436950146627566 0.06005859375 0.17302052785923755
0 0.095703125 0.9090909090909091 0.19140625 0.17888563049853373
0 0.06298828125 0.24486803519061584 0.099609375 0.1590909090909091
0 0.26904296875 0.5491202346041055 0.087890625 0.18181818181818182