0 0.3203125 0.5366568914956011 0.11328125 0.1906158357771261
0 0.55712890625 0.6304985337243402 0.130859375 0.24926686217008798
0 0.68017578125 0.6370967741935484 0.119140625 0.2653958944281525
0 0.7882092138671875 0.7886879369501466 0.8982589228515625 0.9823068665689149 0.9509207080078125 0.9316212712609971 0.8145401064453125 0.7461120498533724 0.7882092138671875 0.7886879369501466
0 0.804130427734375 0.7310120821114369 0.9074285439453125 0.9053705073313782 0.9486127802734375 0.8496163387096775 0.8338370546875 0.7016144765395895 0.804130427734375 0.7310120821114369
0 1 0.8347123519061583 0.8907594072265625 0.7185439516129032 0.8810976513671875 0.740135486803519 1 0.9029678504398827 1 0.8347123519061583
0 1 0.8707308299120236 0.8836678310546875 0.726142068914956 0.8783970263671875 0.7472314985337243 0.986421220703125 0.9307132815249266 1 0.8998789296187684 1 0.8707308299120236
0 0.6962890625 0.8372434017595308 0.1171875 0.15249266862170088
0 0.11328125 0.6151026392961877 0.2265625 0.38269794721407624
0 0.35693359375 0.7932551319648093 0.1875 0.2316715542521994
0 0.07861328125 0.9105571847507331 0.1572265625 0.17888563049853373
0 0.30517578125 0.9633431085043989 0.1201171875 0.07331378299120235
0 0.2080078125 0.7910557184750733 0.1572265625 0.21114369501466276
0 0.3984375 0.5887096774193549 0.0625 0.11143695014662756
0 0.887969703125 1 0.77628109765625 0.7960447536656892 0.7497256015625 0.8150444530791789 0.8087663046875 1 0.887969703125 1
0 0.98335466015625 1 0.872603140625 0.8261952961876833 0.846272248046875 0.850524375366569 0.9142379951171875 1 0.98335466015625 1
0 0.46728515625 0.8225806451612904 0.162109375 0.26392961876832843
0 0.4833984375 0.5513196480938416 0.1484375 0.19941348973607037
0 0.59619140625 0.8717008797653959 0.078125 0.1348973607038123