0 0.4140625 0.09457478005865103 0.26171875 0.18841642228739003
0 0.4521484375 0.2961876832844575 0.19287109375 0.2727272727272727
0 0.48095703125 0.5498533724340176 0.28515625 0.4442815249266862
0 0.6474609375 0.06671554252199413 0.185546875 0.12023460410557185
0 0.615234375 0.1972140762463343 0.12646484375 0.24633431085043989
0 0.81005859375 0.14076246334310852 0.2392578125 0.26759530791788855
0 0.966796875 0.16202346041055718 0.06640625 0.2829912023460411
0 0.9208984375 0.5183284457478006 0.158203125 0.5190615835777126
0 0.763671875 0.4464809384164223 0.27099609375 0.4310850439882698
0 0.72998046875 0.7463343108504399 0.1904296875 0.29472140762463345
0 0.55419921875 0.8797653958944281 0.1845703125 0.2404692082111437
0 0.85595703125 0.8731671554252199 0.2880859375 0.2536656891495601