0 0.8994140625 0.5285923753665689 0.201171875 0.3651026392961877
0 0.958984375 0.8665689149560117 0.08203125 0.20821114369501467
0 0.828125 0.8790322580645161 0.1318359375 0.23313782991202345
0 0.751953125 0.6972140762463344 0.1884765625 0.24926686217008798
0 0.6064453125 0.5051319648093842 0.185546875 0.34310850439882695
0 0.6943359375 0.3519061583577713 0.1953125 0.2287390029325513
0 0.14697265625 0.1656891495601173 0.2607421875 0.26832844574780057
0 0.13330078125 0.7903225806451613 0.2666015625 0.32991202346041054
0 0.30810546875 0.8929618768328446 0.1669921875 0.21407624633431085
0 0.39794921875 0.6488269794721407 0.189453125 0.25219941348973607
0 0.5849609375 0.8482404692082112 0.154296875 0.3020527859237537
0 0.44091796875 0.3225806451612903 0.181640625 0.25219941348973607
0 0.2412109375 0.3951612903225806 0.2626953125 0.2668621700879765
0 0.05908203125 0.5674486803519062 0.1181640625 0.19501466275659823
0 0.0478515625 0.3841642228739003 0.095703125 0.1466275659824047
0 0.36376953125 0.10777126099706745 0.18359375 0.2155425219941349
0 0.4326171875 0.9105571847507331 0.119140625 0.17888563049853373
0 0.7060546875 0.9215542521994134 0.0703125 0.15689149560117302