0 0.7822265625 0.25513196480938416 0.1513671875 0.2316715542521994
0 0.54931640625 0.30791788856304986 0.154296875 0.2829912023460411
0 0.263671875 0.19941348973607037 0.318359375 0.39882697947214074
0 0.07275390625 0.1187683284457478 0.14453125 0.2375366568914956
0 0.03662109375 0.36070381231671556 0.0732421875 0.16129032258064516
0 0.1474609375 0.6173020527859238 0.2470703125 0.40175953079178883
0 0.39697265625 0.5879765395894428 0.138671875 0.3343108504398827
0 0.58740234375 0.7250733137829912 0.4013671875 0.5498533724340176
0 0.86328125 0.6876832844574781 0.224609375 0.5982404692082112
0 0.92724609375 0.908357771260997 0.1455078125 0.18181818181818182
0 0.1865234375 0.7419354838709677 0.373046875 0.5161290322580645