0 0.6171875 0.5703812316715543 0.20703125 0.2287390029325513
0 0.37890625 0.8467741935483871 0.1943359375 0.3064516129032258
0 0.52197265625 0.8826979472140762 0.1552734375 0.23460410557184752
0 0.6484375 0.7683284457478006 0.158203125 0.19208211143695014
0 0.68701171875 0.8482404692082112 0.15625 0.15835777126099707
0 0.74462890625 0.9560117302052786 0.1328125 0.08797653958944282
0 0.8466796875 0.9347507331378299 0.1162109375 0.12903225806451613
0 0.76611328125 0.3621700879765396 0.25 0.35777126099706746
0 0.84423828125 0.4875366568914956 0.076171875 0.12023460410557185
0 0.0693359375 0.8651026392961877 0.138671875 0.2697947214076246
0 0.18701171875 0.8159824046920822 0.1552734375 0.16715542521994134
0 0.12353515625 0.592375366568915 0.216796875 0.2316715542521994
0 0.24267578125 0.655425219941349 0.119140625 0.13343108504398826
0 0.0576171875 0.20087976539589442 0.115234375 0.12023460410557185
0 0.0595703125 0.03812316715542522 0.119140625 0.07624633431085044
0 0.04248046875 0.3563049853372434 0.0849609375 0.14516129032258066
0 1 0.7300652521994134 0.9507916982421875 0.6941244340175953 0.90161334765625 0.8518126363636365 1 0.917144651026393 1 0.7300652521994134
0 0.85107421875 0.6869501466275659 0.1962890625 0.23460410557184752
0 0.861328125 0.016129032258064516 0.125 0.03225806451612903
0 0.951171875 0.3944281524926686 0.09765625 0.22287390029325513
0 0.89111328125 0.15762463343108504 0.1962890625 0.2404692082111437