0 0.5419921875 0.6744868035190615 0.26416015625 0.28812316715542524
0 0.52294921875 0.30718475073313783 0.22705078125 0.3966275659824047
0 0.09423828125 0.43548387096774194 0.1884765625 0.2873900293255132
0 0.1162109375 0.2895894428152493 0.232421875 0.2829912023460411
0 0.08447265625 0.7126099706744868 0.1689453125 0.26466275659824046
0 0.12841796875 0.908357771260997 0.2568359375 0.18328445747800587
0 0.5498046875 0.9303519061583577 0.15625 0.13929618768328444
0 0.5126953125 0.07697947214076246 0.24609375 0.15395894428152493
0 0.0732421875 0.09090909090909091 0.146484375 0.18181818181818182
0 0.2451171875 0.07771260997067449 0.18701171875 0.1532258064516129
0 0.3603515625 0.908357771260997 0.1171875 0.18328445747800587