0 0.0458984375 0.624633431085044 0.091796875 0.20527859237536658
0 0.96435546875 0.9318181818181818 0.0712890625 0.13563049853372433
0 0.5400390625 0.34237536656891493 0.07275390625 0.07917888563049853
0 0.03662109375 0.10043988269794721 0.0732421875 0.1744868035190616
0 0.27783203125 0.13049853372434017 0.107421875 0.14076246334310852
0 0.310546875 0.0469208211143695 0.08544921875 0.093841642228739
0 0.18603515625 0.1840175953079179 0.1923828125 0.17375366568914957
0 0.20751953125 0.045454545454545456 0.0869140625 0.09090909090909091
0 0.11181640625 0.04985337243401759 0.1025390625 0.09970674486803519
0 0.2587890625 0.3489736070381232 0.10888671875 0.1598240469208211
0 0.74267578125 0.0747800586510264 0.0849609375 0.1495601173020528
0 0.8037109375 0.1158357771260997 0.09326171875 0.13196480938416422
0 0.501953125 0.062316715542521994 0.0830078125 0.12463343108504399
0 0.39111328125 0.25513196480938416 0.1689453125 0.24266862170087977
0 0.38671875 0.09750733137829912 0.10888671875 0.13563049853372433
0 0.09619140625 0.3563049853372434 0.1923828125 0.3379765395894428
0 0.1767578125 0.5095307917888563 0.14453125 0.12903225806451613
0 0.06640625 0.45454545454545453 0.13232421875 0.1781524926686217