0 0.12109375 0.18621700879765396 0.236328125 0.3724340175953079
0 0.3359375 0.2001466275659824 0.171875 0.34237536656891493
0 0.24658203125 0.4112903225806452 0.18017578125 0.3878299120234604
0 0.17529296875 0.5667155425219942 0.23681640625 0.42668621700879766
0 0.42724609375 0.5051319648093842 0.18115234375 0.2595307917888563
0 0.5302734375 0.21041055718475074 0.158203125 0.37316715542521994
0 0.626953125 0.46187683284457476 0.1728515625 0.2939882697947214
0 0.669921875 0.7272727272727273 0.1376953125 0.24853372434017595
0 0.86767578125 0.7580645161290323 0.2646484375 0.4838709677419355
0 0.91455078125 0.5989736070381232 0.16162109375 0.24780058651026393
0 0.74853515625 0.9472140762463344 0.1025390625 0.10557184750733138
0 0.466796875 0.8130498533724341 0.4189453125 0.37316715542521994
0 0.80859375 0.1781524926686217 0.3828125 0.3563049853372434
0 0.86181640625 0.4303519061583578 0.27587890625 0.14516129032258066
0 0.71142578125 0.2287390029325513 0.18359375 0.2785923753665689
0 0.91064453125 0.21774193548387097 0.1787109375 0.28885630498533726