0 0.3551412880859375 0 0.371938197265625 0.35947037683284455 0.4450119423828125 0.36312756158357773 0.417000265625 0 0.3551412880859375 0
0 0.4465155576171875 0.0009137390029325513 0.45962669140625 0.34484138563049854 0.5290467490234375 0.33021239442815253 0.504688759765625 0 0.4465155576171875 0.0009137390029325513
0 0.2927748994140625 0.015689714076246336 0.24162327734375 0.26438206011730203 0.2988644521484375 0.3484986539589443 0.3634128896484375 0.26621073607038126 0.2927748994140625 0.015689714076246336
0 0.8871081005859375 0.2442672917888563 0.8651859775390625 0.11077794721407626 0.8359564794921875 0.015689714076246336 0.6898089892578125 0.35032724633431084 0.6764120615234375 0.5533041114369501 0.7507037392578125 0.6045054545454546 0.8871081005859375 0.2442672917888563
0 1 0.6008482683284457 0.963835533203125 0.5112458137829912 0.800637427734375 0.6666786026392961 0.72025630859375 0.9647437829912022 0.7787153046875 1 1 0.9976589501466276 1 0.6008482683284457
0 0.7774974833984375 0.5423323885630499 0.6617973125 0.47467346187683285 0.5619299345703125 0.5661044252199413 0.59968462890625 0.898913448680352 0.738524744140625 0.7544523826979472 0.7774974833984375 0.5423323885630499
0 0.49560546875 0.6862170087976539 0.134765625 0.38929618768328444
0 0.07861328125 0.4252199413489736 0.1572265625 0.2785923753665689
0 0.29296875 0.5205278592375366 0.1533203125 0.3101173020527859
0 1 0.22415243988269792 0.7835869248046875 0.5917051392961877 0.823777484375 0.6794789178885631 1 0.34301279325513195 1 0.22415243988269792
0 0.98575765625 0.21866657771260997 1 0.12174967008797655 0.8944154755859375 0.11992107771260997 0.784804857421875 0.5258748049853372 0.83352061328125 0.5496468416422288 0.98575765625 0.21866657771260997
0 0.6532721162109375 0.03214729765395895 0.621606751953125 0 0.5497509404296875 0.2168379853372434 0.5448793203125 0.3777565527859238 0.625260439453125 0.3850710058651026 0.6532721162109375 0.03214729765395895
0 0.501953125 0.4897360703812317 0.1103515625 0.18841642228739003
0 0.63232421875 0.41055718475073316 0.0673828125 0.3035190615835777
0 0.4033203125 0.5080645161290323 0.166015625 0.313049853372434
0 0.06787109375 0.09090909090909091 0.1357421875 0.18181818181818182
0 0.1484375 0.30425219941348974 0.1279296875 0.2001466275659824
0 0.171875 0.4838709677419355 0.1181640625 0.18621700879765396
0 0.20947265625 0.11290322580645161 0.11572265625 0.22580645161290322
0 0.681640625 0.1693548387096774 0.068359375 0.3387096774193548