0 0.61767578125 0.46114369501466274 0.1591796875 0.1495601173020528
0 0.501953125 0.45527859237536655 0.07568359375 0.16715542521994134
0 0.36865234375 0.5623167155425219 0.1103515625 0.20674486803519063
0 0.57275390625 0.7089442815249267 0.19189453125 0.33064516129032256
0 0.4091796875 0.8870967741935484 0.14599609375 0.20307917888563048
0 0.30126953125 0.8086510263929618 0.1455078125 0.2470674486803519
0 0.130859375 0.9347507331378299 0.205078125 0.13049853372434017
0 0.0673828125 0.5909090909090909 0.1298828125 0.18914956011730205
0 0.07177734375 0.8467741935483871 0.1435546875 0.3064516129032258
0 0.1943359375 0.2903225806451613 0.13427734375 0.17008797653958943
0 0.27294921875 0.16348973607038123 0.13232421875 0.3196480938416422
0 0.11376953125 0.09604105571847507 0.1708984375 0.19208211143695014
0 0.0771484375 0.25146627565982405 0.15087890625 0.29765395894428154
0 0.044921875 0.42961876832844575 0.08935546875 0.1217008797653959
0 0.66162109375 0.16862170087976538 0.2099609375 0.33724340175953077
0 0.86962890625 0.21407624633431085 0.2607421875 0.41642228739002934
0 0.87548828125 0.6356304985337243 0.2490234375 0.41275659824046923
0 0.42529296875 0.18328445747800587 0.20361328125 0.3658357771260997
0 0.22021484375 0.4508797653958944 0.1572265625 0.13709677419354838