0 0.80029296875 0.8475073313782991 0.15673828125 0.21334310850439883
0 0.6025390625 0.8196480938416423 0.18115234375 0.26759530791788855
0 0.33935546875 0.8863636363636364 0.3271484375 0.22727272727272727
0 0.263671875 0.6077712609970675 0.3212890625 0.3592375366568915
0 0.6279296875 0.45161290322580644 0.34912109375 0.49560117302052786
0 0.896484375 0.4706744868035191 0.18408203125 0.5454545454545454
0 0.79248046875 0.10117302052785923 0.4150390625 0.17888563049853373
0 0.4580078125 0.09604105571847507 0.24267578125 0.18035190615835778
0 0.22900390625 0.21994134897360704 0.42822265625 0.38929618768328444
0 0.05029296875 0.4626099706744868 0.0927734375 0.4032258064516129
0 0.080078125 0.7705278592375366 0.14453125 0.1744868035190616
0 0.068359375 0.9362170087976539 0.13232421875 0.12756598240469208