0 0.3671875 0.6444281524926686 0.181640625 0.31378299120234604
0 0.33740234375 0.3966275659824047 0.00390625 0.005865102639296188
0 0.1416015625 0.5630498533724341 0.1591796875 0.26099706744868034
0 0.06494140625 0.5491202346041055 0.1298828125 0.4090909090909091
0 0.0712890625 0.8885630498533724 0.142578125 0.19648093841642228
0 0.14013671875 0.10777126099706745 0.2802734375 0.2155425219941349
0 0.20556640625 0.3064516129032258 0.0185546875 0.04105571847507331
0 0.36767578125 0.11363636363636363 0.2177734375 0.22727272727272727
0 0.5556640625 0.15102639296187684 0.25390625 0.3020527859237537
0 0.85400390625 0.22653958944281524 0.2919921875 0.4530791788856305
0 0.90283203125 0.7478005865102639 0.18359375 0.3621700879765396
0 0.517578125 0.7463343108504399 0.248046875 0.41055718475073316
0 0.736328125 0.7800586510263929 0.20703125 0.4398826979472141
0 0.236328125 0.8277126099706745 0.138671875 0.17008797653958943