0 0.6455078125 0.4912023460410557 0.146484375 0.19648093841642228
0 0.8779296875 0.43328445747800587 0.201171875 0.21407624633431085
0 0.7001953125 0.156158357771261 0.154296875 0.312316715542522
0 0.826171875 0.18035190615835778 0.171875 0.36070381231671556
0 0.96337890625 0.1158357771260997 0.0693359375 0.2316715542521994
0 0.119140625 0.18548387096774194 0.150390625 0.20234604105571846
0 0.46728515625 0.1092375366568915 0.27734375 0.218475073313783
0 0.1953125 0.0373900293255132 0.162109375 0.0747800586510264
0 0.05517578125 0.2763929618768328 0.1103515625 0.20821114369501467
0 0.01318359375 0.027126099706744868 0.0263671875 0.054252199413489736
0 0.96826171875 0.6803519061583577 0.0625 0.1495601173020528