0 0.64794921875 0.593108504398827 0.1396484375 0.3951612903225806
0 0.62451171875 0.3519061583577713 0.0673828125 0.30131964809384165
0 0.4892578125 0.594574780058651 0.140625 0.2653958944281525
0 1 0.5496468416422288 0.9419134091796875 0.50210276686217 0.762882734375 0.9208568944281526 0.7994196064453125 0.9482861994134897 0.87858279296875 0.8568550689149559 1 0.8879417272727274 1 0.5496468416422288
0 0.8979044462890625 0.365497073313783 0.681283681640625 0.8129681788856306 0.7409606103515625 0.9007419574780059 0.9492207841796875 0.4893023695014662 0.8979044462890625 0.365497073313783
0 0.869140625 0.9413489736070382 0.220703125 0.11730205278592376
0 0.102783162109375 0.1692938284457478 0.018883978515625 0.25310672140762464 0.1393200341796875 0.48381650733137826 0.2075222705078125 0.4728447859237537 0.102783162109375 0.1692938284457478
0 0.05517578125 0.39002932551319647 0.1103515625 0.2470674486803519
0 0.30517578125 0.46920821114369504 0.14404296875 0.35777126099706746
0 0.1767578125 0.2595307917888563 0.11474609375 0.22580645161290322
0 0.759229046875 0 0.6593615576171875 0.47833064662756597 0.743396365234375 0.5222175366568915 0.8639680439453125 0.13637866129032258 0.856660669921875 0 0.759229046875 0
0 0.960181845703125 0.13820725366568914 0.7446142978515625 0.4947882302052786 0.7665364208984375 0.6154771759530792 0.9808861484375 0.28632550586510264 0.960181845703125 0.13820725366568914
0 0.64208984375 0.15102639296187684 0.1044921875 0.3020527859237537
0 0.40625 0.16788856304985336 0.07275390625 0.3357771260997067
0 0.4716796875 0.17961876832844575 0.06103515625 0.35703812316715544
0 0.54736328125 0.18181818181818182 0.05859375 0.3621700879765396
0 0.30712890625 0.14076246334310852 0.11962890625 0.28079178885630496
0 0.09716796875 0.13343108504398826 0.14990234375 0.2661290322580645
0 0.5048828125 0.40762463343108507 0.13134765625 0.20454545454545456