0 0.0458984375 0.38049853372434017 0.091796875 0.2434017595307918
0 0.04638671875 0.6334310850439883 0.0927734375 0.1906158357771261
0 0.72265625 0.5058651026392962 0.1123046875 0.3218475073313783
0 0.8662109375 0.593841642228739 0.0966796875 0.25
0 0.9716796875 0.7917888563049853 0.056640625 0.15102639296187684
0 0.087890625 0.8782991202346041 0.17578125 0.24193548387096775
0 0.486328125 0.3027859237536657 0.1123046875 0.26392961876832843
0 0.96533203125 0.4970674486803519 0.06884765625 0.2859237536656892
0 0.26318359375 0.18914956011730205 0.1083984375 0.20161290322580644
0 0.11181640625 0.14149560117302054 0.16015625 0.2829912023460411
0 0.59716796875 0.2690615835777126 0.0927734375 0.31671554252199413
0 0.7265625 0.24413489736070382 0.10693359375 0.3878299120234604
0 0.8444816748046875 0.39055686803519063 0.8420459208984375 0.12723553079178884 0.736088990234375 0.1180924853372434 0.7080774248046875 0.4454154794721407 0.72390999609375 0.5094172214076247 0.8444816748046875 0.39055686803519063
0 0.898069162109375 0 0.8676217314453125 0.32838380205278594 1 0.08700591055718475 1 0 0.898069162109375 0
0 0.8444816748046875 0 0.739742677734375 0.27535378299120233 0.7701901083984375 0.3137548108504399 0.856660669921875 0.22415243988269792 0.9126839111328126 0 0.8444816748046875 0
0 0.66845703125 0.05791788856304985 0.1005859375 0.1158357771260997
0 0.2314453125 0.05278592375366569 0.0888671875 0.10557184750733138
0 0.3701171875 0.21334310850439883 0.15966796875 0.30425219941348974
0 0.3232421875 0.06598240469208211 0.1015625 0.13196480938416422
0 0.49755859375 0.14736070381231672 0.080078125 0.15029325513196481
0 0.578125 0.09750733137829912 0.080078125 0.19501466275659823