0 0.3408203125 0.8174486803519062 0.1396484375 0.20747800586510265
0 0.10791015625 0.7412023460410557 0.2158203125 0.22727272727272727
0 0.60595703125 0.3717008797653959 0.16357421875 0.20087976539589442
0 0.470703125 0.312316715542522 0.10498046875 0.20967741935483872
0 0.396484375 0.26759530791788855 0.08251953125 0.18328445747800587
0 0.298828125 0.4934017595307918 0.2001953125 0.3255131964809384
0 0.09423828125 0.3717008797653959 0.18798828125 0.4398826979472141
0 0.14501953125 0.5469208211143695 0.0986328125 0.12683284457478006
0 0.0236199755859375 0 0.202650650390625 0.3923855439882698 0.323222330078125 0.28449691348973605 0.144191654296875 0 0.0236199755859375 0
0 0.0185546875 0.04912023460410557 0.037109375 0.09824046920821114
0 1 0.3119262184750733 0.79006001171875 0.46560148680351904 0.8444816748046875 0.6081627228739003 1 0.5295320733137829 1 0.3119262184750733
0 0.9443359375 0.6063049853372434 0.111328125 0.12463343108504399
0 0.6898089892578125 0 0.6703226201171875 0.2899827741935484 0.7517056162109375 0.31889619501466276 0.8189058642578125 0 0.6898089892578125 0
0 0.81403435546875 0 0.801855361328125 0.2771824589442815 0.843263853515625 0.31741207917888564 0.976014416015625 0 0.81403435546875 0
0 0.683719435546875 0.015689714076246336 0.59603094140625 0.006546585043988269 0.5460972529296875 0.28632550586510264 0.64840049609375 0.31009762609970676 0.683719435546875 0.015689714076246336
0 0.1661137783203125 0 0.3183507099609375 0.24792447653958946 0.3451444541015625 0.2442672917888563 0.3317476376953125 0 0.1661137783203125 0
0 0.41821819921875 0 0.4730235078125 0.27535378299120233 0.5034709384765625 0.0028893577712609973 0.41821819921875 0
0 0.533203125 0.13416422287390029 0.0673828125 0.26759530791788855
0 0.38671875 0.12316715542521994 0.099609375 0.24633431085043989
0 0.83251953125 0.28519061583577715 0.1796875 0.18475073313782991
0 0.95458984375 0.17888563049853373 0.0908203125 0.313049853372434
0 0.97607421875 0.2793255131964809 0.0478515625 0.1187683284457478