0 0.4326171875 0.5821114369501467 0.171875 0.24486803519061584
0 0.2490234375 0.46480938416422285 0.111328125 0.1436950146627566
0 0.224609375 0.31378299120234604 0.115234375 0.1436950146627566
0 0.24462890625 0.1781524926686217 0.1552734375 0.16129032258064516
0 0.32421875 0.050586510263929615 0.228515625 0.10117302052785923
0 0.8017578125 0.07331378299120235 0.060546875 0.1466275659824047
0 0.5927734375 0.12756598240469208 0.171875 0.21700879765395895
0 0.46875 0.3035190615835777 0.158203125 0.21700879765395895
0 0.75244140625 0.5857771260997068 0.1611328125 0.26392961876832843
0 0.60498046875 0.6664222873900293 0.1298828125 0.2859237536656892
0 0.779296875 0.2793255131964809 0.107421875 0.1906158357771261
0 0.62451171875 0.34457478005865105 0.076171875 0.1217008797653959