0 0.552734375 0.34310850439882695 0.2578125 0.3621700879765396
0 0.2861328125 0.22360703812316715 0.2373046875 0.3343108504398827
0 0.08642578125 0.12683284457478006 0.1728515625 0.23607038123167157
0 0.08154296875 0.30131964809384165 0.1630859375 0.2624633431085044
0 0.0390625 0.4750733137829912 0.078125 0.25513196480938416
0 0.22802734375 0.626099706744868 0.1259765625 0.24486803519061584
0 0.10400390625 0.5989736070381232 0.130859375 0.21407624633431085
0 0.0908203125 0.842375366568915 0.177734375 0.3152492668621701
0 0.44091796875 0.8460410557184751 0.2607421875 0.30791788856304986
0 0.67041015625 0.7045454545454546 0.255859375 0.46187683284457476
0 0.48291015625 0.6356304985337243 0.12890625 0.19794721407624633
0 0.486328125 0.08284457478005865 0.14453125 0.1656891495601173