0 0.392578125 0.4032258064516129 0.10546875 0.1935483870967742
0 0.5888671875 0.19501466275659823 0.130859375 0.17008797653958943
0 0.57568359375 0.4838709677419355 0.2119140625 0.2932551319648094
0 0.55908203125 0.03225806451612903 0.0830078125 0.06451612903225806
0 0.08349609375 0.5982404692082112 0.1669921875 0.24633431085043989
0 0.3544921875 0.5549853372434017 0.1943359375 0.3841642228739003
0 0.86376953125 0.039589442815249266 0.1298828125 0.07917888563049853
0 0.93896484375 0.13856304985337242 0.1142578125 0.27712609970674484
0 0.71484375 0.04618768328445748 0.11328125 0.09237536656891496
0 0.890625 0.591642228739003 0.21875 0.32404692082111436
0 0.7333984375 0.4398826979472141 0.1318359375 0.21994134897360704
0 0.86083984375 0.41715542521994137 0.1982421875 0.23020527859237536
0 0.2744140625 0.041788856304985335 0.1015625 0.0747800586510264
0 0.05908203125 0.06964809384164222 0.1181640625 0.1187683284457478
0 0.166015625 0.050586510263929615 0.1376953125 0.08504398826979472
0 0.08984375 0.24266862170087977 0.1796875 0.23020527859237536