0 0.896484375 0.1495601173020528 0.1943359375 0.24486803519061584
0 0.77587890625 0.12243401759530792 0.1943359375 0.24486803519061584
0 0.9091796875 0.38929618768328444 0.181640625 0.28885630498533726
0 0.51220703125 0.24193548387096775 0.19921875 0.2844574780058651
0 0.1552734375 0.1598240469208211 0.17578125 0.3064516129032258
0 0.033203125 0.3453079178885631 0.06640625 0.22140762463343108
0 0.0302734375 0.11363636363636363 0.060546875 0.20381231671554254
0 0.548828125 0.3020527859237537 0.09765625 0.13196480938416422
0 0.412109375 0.3460410557184751 0.0986328125 0.17888563049853373
0 0.5263671875 0.47873900293255134 0.1103515625 0.2316715542521994
0 0.5888671875 0.4802052785923754 0.0908203125 0.21700879765395895
0 0.7734375 0.5564516129032258 0.1171875 0.18475073313782991
0 0.94921875 0.6363636363636364 0.1015625 0.18475073313782991
0 0.80078125 0.8555718475073314 0.142578125 0.1935483870967742
0 0.90380859375 0.8328445747800587 0.1025390625 0.17595307917888564
0 0.98291015625 0.8218475073313783 0.0341796875 0.12756598240469208
0 0.9716796875 0.9347507331378299 0.056640625 0.10703812316715543
0 0.56005859375 0.8130498533724341 0.107421875 0.1906158357771261
0 0.6806640625 0.7089442815249267 0.0986328125 0.12756598240469208
0 0.35693359375 0.8951612903225806 0.08984375 0.16422287390029325
0 0.4638671875 0.9523460410557185 0.08203125 0.09530791788856305
0 0.46533203125 0.8284457478005866 0.07421875 0.1158357771260997
0 0.28173828125 0.6414956011730205 0.31640625 0.3225806451612903
0 0.15673828125 0.9552785923753666 0.1123046875 0.08944281524926687
0 0.0537109375 0.7690615835777126 0.1044921875 0.2155425219941349