0 0.3076171875 0.4215542521994135 0.16552734375 0.3101173020527859
0 0.06640625 0.8262463343108505 0.125 0.3467741935483871
0 0.265625 0.7697947214076246 0.2578125 0.4604105571847507
0 0.408203125 0.6048387096774194 0.23095703125 0.29838709677419356
0 0.0693359375 0.39882697947214074 0.1337890625 0.49560117302052786
0 0.15625 0.3218475073313783 0.14697265625 0.3687683284457478
0 0.212890625 0.1532258064516129 0.41064453125 0.28885630498533726
0 0.50244140625 0.1348973607038123 0.15283203125 0.2690615835777126
0 0.93505859375 0.14149560117302054 0.1298828125 0.26466275659824046
0 0.73193359375 0.29472140762463345 0.2822265625 0.5549853372434017
0 0.58740234375 0.5821114369501467 0.1875 0.5593841642228738
0 0.927734375 0.4846041055718475 0.1298828125 0.3152492668621701