0 0.09228515625 0.22360703812316715 0.1845703125 0.2287390029325513
0 0.185546875 0.9200879765395894 0.1953125 0.1598240469208211
0 0.0546875 0.4670087976539589 0.109375 0.23020527859237536
0 0.0478515625 0.8958944281524927 0.095703125 0.20821114369501467
0 0.0341796875 0.6906158357771262 0.068359375 0.23460410557184752
0 0.115234375 0.06524926686217009 0.23046875 0.12903225806451613
0 0.9658203125 0.8497067448680352 0.068359375 0.30058651026392963
0 0.9716796875 0.13636363636363635 0.056640625 0.2727272727272727
0 0.50390625 0.1466275659824047 0.216796875 0.2932551319648094
0 0.32470703125 0.7793255131964809 0.228515625 0.28885630498533726
0 0.19921875 0.5029325513196481 0.279296875 0.26099706744868034
0 0.09619140625 0.7382697947214076 0.189453125 0.2316715542521994
0 0.443359375 0.843108504398827 0.20703125 0.31378299120234604
0 0.3427734375 0.31158357771260997 0.158203125 0.23900293255131966
0 0.416015625 0.5461876832844574 0.19140625 0.2961876832844575
0 0.5419921875 0.41348973607038125 0.2470703125 0.2844574780058651
0 0.328125 0.1063049853372434 0.1767578125 0.2126099706744868