0 0.94140625 0.8988269794721407 0.1171875 0.18181818181818182
0 0.935546875 0.6759530791788856 0.12890625 0.25513196480938416
0 0.92431640625 0.4310850439882698 0.1513671875 0.2961876832844575
0 0.95166015625 0.13856304985337242 0.0888671875 0.27712609970674484
0 0.87158203125 0.10483870967741936 0.1357421875 0.20967741935483872
0 0.5224609375 0.07404692082111437 0.103515625 0.14809384164222875
0 0.6923828125 0.11217008797653959 0.22265625 0.22434017595307917
0 0.7197265625 0.40615835777126097 0.224609375 0.45894428152492667
0 0.54150390625 0.2727272727272727 0.1328125 0.1744868035190616
0 0.7978515625 0.8013196480938416 0.18359375 0.375366568914956
0 0.55712890625 0.8497067448680352 0.2744140625 0.30058651026392963
0 0.41455078125 0.6825513196480938 0.17578125 0.3651026392961877
0 0.20849609375 0.8526392961876833 0.2529296875 0.29472140762463345
0 0.03955078125 0.8489736070381232 0.0751953125 0.30058651026392963
0 0.0517578125 0.5747800586510264 0.103515625 0.2404692082111437