0 0.28271484375 0.5835777126099707 0.1513671875 0.22140762463343108
0 0.08349609375 0.5755131964809385 0.1669921875 0.28225806451612906
0 0.079643216796875 0.9994874589442815 0.255020205078125 1 0.30130020703125 0.9647437829912022 0.3073896484375 0.8806271891495602 0.278160150390625 0.8202827170087976 0.23309808203125 0.7635954281524926 0.18316428125 0.8403974853372433 0.13201266015625 0.9117136803519061 0.079643216796875 0.9994874589442815
0 0.0615234375 0.8475073313782991 0.123046875 0.3020527859237537
0 0.93505859375 0.20821114369501467 0.12939453125 0.18475073313782991
0 0.96044921875 0.05205278592375367 0.0791015625 0.10410557184750734
0 0.955078125 0.4846041055718475 0.08935546875 0.12903225806451613
0 0.060546875 0.14736070381231672 0.12109375 0.2939882697947214
0 0.05859375 0.36070381231671556 0.1171875 0.15249266862170088
0 0.9296875 0.37976539589442815 0.140625 0.18255131964809385
0 0.93310546875 0.7074780058651027 0.1337890625 0.2565982404692082
0 0.890625 0.5300586510263929 0.10986328125 0.1092375366568915
0 0.931640625 0.9186217008797654 0.13671875 0.15762463343108504