0 0.51171875 0.5535190615835777 0.076171875 0.19574780058651026
0 0.60986328125 0.32111436950146627 0.23974609375 0.2785923753665689
0 0.880859375 0.46847507331378296 0.23828125 0.3064516129032258
0 0.71142578125 0.6539589442815249 0.28173828125 0.375366568914956
0 0.3779296875 0.44501466275659823 0.232421875 0.24120234604105573
0 0.08544921875 0.7910557184750733 0.13037109375 0.3914956011730205
0 0.3486328125 0.7646627565982405 0.3271484375 0.4706744868035191
0 0.64892578125 0.8702346041055719 0.25537109375 0.2595307917888563
0 0.84912109375 0.9413489736070382 0.09716796875 0.11656891495601172
0 0.9560546875 0.9428152492668622 0.087890625 0.11436950146627566
0 0.92919921875 0.7529325513196481 0.1328125 0.2221407624633431