0 0.63427734375 0.4596774193548387 0.14501953125 0.17668621700879766
0 0.74169921875 0.9523460410557185 0.1318359375 0.09530791788856305
0 0.58251953125 0.7749266862170088 0.15576171875 0.2668621700879765
0 0.4501953125 0.3812316715542522 0.1904296875 0.28079178885630496
0 0.34814453125 0.6136363636363636 0.2841796875 0.2991202346041056
0 0.3193359375 0.8401759530791789 0.275390625 0.3196480938416422
0 0.2880859375 0.3687683284457478 0.1552734375 0.17595307917888564
0 0.309825513671875 0.13820725366568914 0.267421990234375 0.15168128299120234 0.3244402626953125 0.3411841173020528 0.371938197265625 0.32106934897360706 0.309825513671875 0.13820725366568914
0 0.427961328125 0.25706760703812315 0.424585732421875 0.25310672140762464 0.3317476376953125 0.028490029325513196 0.281813837890625 0.07786278005865102 0.36219495703125 0.2936400425219941 0.427961328125 0.25706760703812315
0 0.04638671875 0.9208211143695014 0.0927734375 0.15835777126099707
0 0.15673828125 0.717741935483871 0.16259765625 0.2118768328445748
0 0.09375 0.18255131964809385 0.18701171875 0.3225806451612903
0 0.15087890625 0.05278592375366569 0.10107421875 0.10483870967741936
0 0.26123046875 0.2404692082111437 0.08984375 0.1282991202346041
0 0.41796875 0.08797653958944282 0.1328125 0.17595307917888564
0 0.0439453125 0.5139296187683284 0.087890625 0.2829912023460411
0 0.1513671875 0.4472140762463343 0.1337890625 0.1906158357771261