0 0.44775390625 0.3980938416422287 0.185546875 0.19941348973607037
0 0.4521484375 0.1774193548387097 0.091796875 0.15835777126099707
0 0.34326171875 0.23973607038123168 0.14453125 0.2287390029325513
0 0.6083984375 0.018328445747800588 0.126953125 0.03519061583577713
0 0.48583984375 0.047653958944281524 0.14453125 0.09530791788856305
0 0.30419921875 0.050586510263929615 0.208984375 0.10117302052785923
0 0.10400390625 0.17888563049853373 0.20703125 0.27419354838709675
0 0.0966796875 0.04472140762463343 0.193359375 0.08944281524926687
0 0.0625 0.38049853372434017 0.125 0.24486803519061584
0 0.06982421875 0.5689149560117303 0.138671875 0.29765395894428154
0 0.06005859375 0.8555718475073314 0.1201171875 0.28885630498533726
0 0.19580078125 0.8563049853372434 0.2109375 0.2873900293255132
0 0.31884765625 0.9171554252199413 0.123046875 0.1656891495601173
0 0.46630859375 0.9156891495601173 0.1640625 0.16715542521994134
0 0.58544921875 0.8313782991202346 0.1728515625 0.33724340175953077
0 0.845703125 0.9208211143695014 0.30859375 0.15835777126099707
0 0.9423828125 0.6906158357771262 0.115234375 0.24926686217008798
0 0.322265625 0.5593841642228738 0.31640625 0.22580645161290322