0 0.556640625 0.3453079178885631 0.24658203125 0.34384164222873903
0 0.2998046875 0.2221407624633431 0.2255859375 0.31744868035190615
0 0.09814453125 0.11803519061583578 0.1845703125 0.23607038123167157
0 0.09326171875 0.2932551319648094 0.1708984375 0.250733137829912
0 0.046875 0.4604105571847507 0.09375 0.24560117302052786
0 0.23876953125 0.6107038123167156 0.119140625 0.23387096774193547
0 0.119140625 0.5821114369501467 0.12451171875 0.20381231671554254
0 0.095703125 0.8269794721407625 0.18310546875 0.32038123167155425
0 0.44287109375 0.843108504398827 0.2490234375 0.31378299120234604
0 0.66650390625 0.6979472140762464 0.2431640625 0.4413489736070381
0 0.48583984375 0.6268328445747801 0.12255859375 0.18914956011730205
0 0.49462890625 0.08504398826979472 0.1376953125 0.17008797653958943