0 0.75927734375 0.40982404692082114 0.16357421875 0.2287390029325513
0 0.9453125 0.07844574780058651 0.109375 0.156158357771261
0 0.7939453125 0.11436950146627566 0.18212890625 0.2287390029325513
0 0.56201171875 0.3321114369501466 0.16357421875 0.26392961876832843
0 0.4619140625 0.5821114369501467 0.1923828125 0.17521994134897362
0 0.212393779296875 0.1857514120234604 0.2769423291015625 0.5258748049853372 0.3731560185546875 0.5222175366568915 0.46693406640625 0.32838380205278594 0.2988644521484375 0.13820725366568914 0.212393779296875 0.1857514120234604
0 0 0.2790110513196481 0.0004799189453125 0.5990195923753666 0.161242158203125 0.5478182492668622 0 0.2790110513196481
0 0.200214896484375 0.20952344868035191 0.05284947265625 0.1656365586510264 0.0280214052734375 0.2722953181818182 0.0784252841796875 0.47833064662756597 0.2440591435546875 0.492959637829912 0.200214896484375 0.20952344868035191
0 0.2314453125 0.5036656891495601 0.154296875 0.1942815249266862
0 0.03857421875 0.16715542521994134 0.0771484375 0.13563049853372433
0 0.564453125 0.07038123167155426 0.166015625 0.14076246334310852
0 0.28369140625 0.09604105571847507 0.2001953125 0.19208211143695014
0 0.0732421875 0.07404692082111437 0.146484375 0.14809384164222875
0 0.470703125 0.15175953079178886 0.126953125 0.21334310850439883