0 0.453125 0.41715542521994137 0.244140625 0.41055718475073316
0 0.470703125 0.8130498533724341 0.2421875 0.36070381231671556
0 0.353515625 0.1840175953079179 0.1943359375 0.30058651026392963
0 0.2607421875 0.039589442815249266 0.189453125 0.07917888563049853
0 0.4453125 0.04105571847507331 0.1787109375 0.08211143695014662
0 0.56787109375 0.11510263929618768 0.1572265625 0.23020527859237536
0 0.7021484375 0.11070381231671554 0.09765625 0.21994134897360704
0 0.646484375 0.34750733137829914 0.130859375 0.1906158357771261
0 0.6533203125 0.5542521994134897 0.123046875 0.20967741935483872
0 0.78857421875 0.8350439882697948 0.3544921875 0.32991202346041054
0 0.99072265625 0.8504398826979472 0.0185546875 0.2991202346041056
0 0.86376953125 0.5109970674486803 0.2724609375 0.3313782991202346
0 0.87646484375 0.17888563049853373 0.2451171875 0.35777126099706746