0 0.89501953125 0.6114369501466276 0.2099609375 0.36950146627565983
0 0.955078125 0.9230205278592375 0.08984375 0.15395894428152493
0 0.81982421875 0.9230205278592375 0.1328125 0.15395894428152493
0 0.74365234375 0.780791788856305 0.189453125 0.250733137829912
0 0.59716796875 0.5879765395894428 0.1875 0.3460410557184751
0 0.685546875 0.43328445747800587 0.197265625 0.23020527859237536
0 0.13427734375 0.24633431085043989 0.26171875 0.2697947214076246
0 0.12744140625 0.8541055718475073 0.2548828125 0.2903225806451613
0 0.2958984375 0.9354838709677419 0.16796875 0.12903225806451613
0 0.38720703125 0.7324046920821115 0.189453125 0.25219941348973607
0 0.5751953125 0.8900293255131965 0.15625 0.21994134897360704
0 0.43017578125 0.4039589442815249 0.18359375 0.2536656891495601
0 0.22900390625 0.4772727272727273 0.263671875 0.2668621700879765
0 0.052734375 0.6502932551319648 0.10546875 0.19648093841642228
0 0.041015625 0.4670087976539589 0.08203125 0.14809384164222875
0 0.3525390625 0.18035190615835778 0.1845703125 0.2316715542521994
0 0.2138671875 0.04252199413489736 0.099609375 0.08504398826979472
0 0.07666015625 0.041788856304985335 0.15234375 0.08211143695014662
0 0.42236328125 0.9523460410557185 0.1201171875 0.09530791788856305
0 0.697265625 0.9633431085043989 0.0703125 0.07331378299120235