0 0.94970703125 0.23387096774193547 0.1005859375 0.46774193548387094
0 0.81982421875 0.06085043988269795 0.1533203125 0.12023460410557185
0 0.61865234375 0.20747800586510265 0.2294921875 0.4149560117302053
0 0.423828125 0.2250733137829912 0.14453125 0.4501466275659824
0 0.2529296875 0.3181818181818182 0.3017578125 0.5073313782991202
0 0.39697265625 0.6033724340175953 0.240234375 0.23460410557184752
0 0.26806640625 0.05278592375366569 0.2021484375 0.10557184750733138
0 0.09814453125 0.11436950146627566 0.1962890625 0.2287390029325513
0 0.03515625 0.38269794721407624 0.0703125 0.2668621700879765
0 0.13916015625 0.5689149560117303 0.2646484375 0.39882697947214074
0 0.18212890625 0.841642228739003 0.3642578125 0.31671554252199413
0 0.8642578125 0.4574780058651026 0.271484375 0.44868035190615835
0 0.97412109375 0.780791788856305 0.0517578125 0.43841642228739003