0 0.66748046875 0.9325513196480938 0.1279296875 0.1348973607038123
0 0.771484375 0.7324046920821115 0.1650390625 0.2565982404692082
0 0.60009765625 0.5586510263929618 0.173828125 0.312316715542522
0 0.89111328125 0.06598240469208211 0.2177734375 0.11730205278592376
0 0.77197265625 0.04985337243401759 0.1552734375 0.08944281524926687
0 0.94384765625 0.21041055718475074 0.1123046875 0.22434017595307917
0 0.8017578125 0.3944281524926686 0.3193359375 0.46480938416422285
0 0.80615234375 0.4963343108504399 0.2978515625 0.2668621700879765
0 0.80517578125 0.26759530791788855 0.3486328125 0.23020527859237536
0 0.68505859375 0.15395894428152493 0.166015625 0.17888563049853373
0 0.02685546875 0.4567448680351906 0.0537109375 0.19208211143695014
0 0.0283203125 0.17375366568914957 0.052734375 0.34750733137829914
0 0.0576171875 0.7793255131964809 0.115234375 0.4208211143695015
0 0.92626953125 0.8093841642228738 0.1455078125 0.3812316715542522
0 0.95849609375 0.43328445747800587 0.0830078125 0.28885630498533726