0 0.59423828125 0.1693548387096774 0.19384765625 0.27126099706744866
0 0.68408203125 0.3651026392961877 0.14208984375 0.1935483870967742
0 0.72607421875 0.23313782991202345 0.109375 0.16055718475073313
0 0.8193359375 0.13049853372434017 0.0986328125 0.12390029325513197
0 0.77685546875 0.0469208211143695 0.091796875 0.093841642228739
0 0.9345703125 0.1436950146627566 0.12890625 0.2873900293255132
0 0.9453125 0.3878299120234604 0.109375 0.1590909090909091
0 0.9677734375 0.5667155425219942 0.064453125 0.250733137829912
0 0.8662109375 0.5623167155425219 0.099609375 0.1429618768328446
0 0.8564453125 0.4560117302052786 0.1455078125 0.14882697947214077
0 0.53564453125 0.4002932551319648 0.15966796875 0.20674486803519063
0 0.59814453125 0.530791788856305 0.10546875 0.17228739002932553
0 0.67236328125 0.7104105571847508 0.111328125 0.1429618768328446
0 0.66552734375 0.5835777126099707 0.09765625 0.13416422287390029
0 0.544921875 0.6928152492668622 0.15625 0.21114369501466276
0 0.736328125 0.4897360703812317 0.14111328125 0.16715542521994134
0 0.79296875 0.6400293255131965 0.140625 0.13636363636363635
0 0.8076171875 0.8541055718475073 0.1884765625 0.29178885630498536
0 0.61328125 0.8797653958944281 0.17236328125 0.23973607038123168
0 0.94775390625 0.8541055718475073 0.1044921875 0.22727272727272727