0 0.5048828125 0.5799120234604106 0.19140625 0.20234604105571846
0 0.50048828125 0.8057184750733137 0.09375 0.16129032258064516
0 0.61181640625 0.7419354838709677 0.1474609375 0.23460410557184752
0 0.34033203125 0.9750733137829912 0.130859375 0.04985337243401759
0 0.4658203125 0.9450146627565983 0.1474609375 0.10997067448680352
0 0.65185546875 0.9413489736070382 0.2138671875 0.11730205278592376
0 0.8583984375 0.8042521994134897 0.21484375 0.28152492668621704
0 0.8828125 0.9479472140762464 0.234375 0.10410557184750734
0 0.91748046875 0.5975073313782991 0.1640625 0.250733137829912
0 0.91015625 0.4046920821114369 0.1796875 0.30498533724340177
0 0.919921875 0.12976539589442815 0.16015625 0.2595307917888563
0 0.76318359375 0.1282991202346041 0.2158203125 0.2565982404692082
0 0.63671875 0.06671554252199413 0.1259765625 0.13196480938416422
0 0.486328125 0.06744868035190615 0.16796875 0.1348973607038123
0 0.3642578125 0.15395894428152493 0.177734375 0.30791788856304986
0 0.12744140625 0.06304985337243402 0.2548828125 0.12609970674486803
0 0.0283203125 0.28005865102639294 0.056640625 0.25513196480938416
0 0.63330078125 0.4142228739002933 0.32421875 0.2316715542521994