0 0.40869140625 0.3357771260997067 0.1181640625 0.17302052785923755
0 0.490234375 0.7888563049853372 0.171875 0.20967741935483872
0 0.49072265625 0.9391495601173021 0.1787109375 0.1217008797653959
0 0.55029296875 0.37976539589442815 0.177734375 0.34017595307917886
0 0.4052734375 0.4538123167155425 0.08984375 0.17302052785923755
0 0.3193359375 0.5901759530791789 0.10546875 0.19208211143695014
0 0.2138671875 0.10263929618768329 0.0869140625 0.1656891495601173
0 0.1826171875 0.5447214076246334 0.03515625 0.2126099706744868
0 0.49365234375 0.07771260997067449 0.3740234375 0.15542521994134897
0 0.4140625 0.6972140762463344 0.1044921875 0.19941348973607037
0 0.56298828125 0.6422287390029325 0.0458984375 0.1158357771260997
0 0.51904296875 0.6458944281524927 0.126953125 0.18181818181818182
0 0.2255859375 0.2587976539589443 0.1142578125 0.23020527859237536
0 0.2117428759765625 0 0.2155413701171875 0.07629819648093841 0.428850296875 0.017243964809384164 0.4290507646484375 0 0.2117428759765625 0