0 0.69140625 0.5791788856304986 0.1708984375 0.3181818181818182
0 0.93017578125 0.17008797653958943 0.1298828125 0.34017595307917886
0 0.7294921875 0.23093841642228738 0.265625 0.46187683284457476
0 0.587890625 0.3966275659824047 0.2373046875 0.30791788856304986
0 0.93115234375 0.5953079178885631 0.1376953125 0.5043988269794721
0 0.845703125 0.6759530791788856 0.15234375 0.37683284457478006
0 0.79052734375 0.8475073313782991 0.41796875 0.30058651026392963
0 0.49755859375 0.8680351906158358 0.1572265625 0.26392961876832843
0 0.0654296875 0.8717008797653959 0.125 0.2565982404692082
0 0.26416015625 0.717008797653959 0.2919921875 0.5659824046920822
0 0.40673828125 0.4244868035190616 0.1962890625 0.5703812316715543
0 0.06591796875 0.532258064516129 0.1318359375 0.3225806451612903