0 0.63037109375 0.6209677419354839 0.291015625 0.3841642228739003
0 0.8349609375 0.6671554252199413 0.111328125 0.17302052785923755
0 0.123046875 0.6869501466275659 0.1787109375 0.218475073313783
0 0.05712890625 0.8211143695014663 0.1083984375 0.17888563049853373
0 0.06884765625 0.9824046920821115 0.1279296875 0.03519061583577713
0 0.07763671875 0.9611436950146628 0.125 0.07624633431085044
0 0.1953125 0.8929618768328446 0.158203125 0.13049853372434017
0 0.19970703125 0.9618768328445748 0.1123046875 0.07624633431085044
0 0.341796875 0.8167155425219942 0.2421875 0.2404692082111437
0 0.35302734375 0.9567448680351907 0.1533203125 0.08651026392961877
0 0.54541015625 0.8870967741935484 0.1123046875 0.17888563049853373
0 0.3359375 0.6664222873900293 0.0673828125 0.250733137829912
0 0.40234375 0.6532258064516129 0.0595703125 0.23900293255131966
0 0.91162109375 0.748533724340176 0.08203125 0.09530791788856305
0 0.94384765625 0.8255131964809385 0.07421875 0.09237536656891496
0 0.9306640625 0.6906158357771262 0.0966796875 0.11290322580645161
0 0.94873046875 0.5828445747800587 0.087890625 0.15102639296187684
0 0.9892578125 0.9142228739002932 0.021484375 0.14516129032258066
0 0.703125 0.8914956011730205 0.1640625 0.20967741935483872
0 0.83984375 0.8804985337243402 0.1064453125 0.22434017595307917