0 0.38623046875 0.5535190615835777 0.20703125 0.2287390029325513
0 0.62451171875 0.8379765395894428 0.193359375 0.3225806451612903
0 0.4814453125 0.873900293255132 0.1552734375 0.25219941348973607
0 0.35498046875 0.750733137829912 0.158203125 0.19208211143695014
0 0.31640625 0.8306451612903226 0.15625 0.15835777126099707
0 0.2587890625 0.9472140762463344 0.1328125 0.10557184750733138
0 0.15673828125 0.9215542521994134 0.1162109375 0.1378299120234604
0 0.2373046875 0.3453079178885631 0.25 0.35777126099706746
0 0.1591796875 0.4706744868035191 0.0771484375 0.12023460410557185
0 0.9326171875 0.8563049853372434 0.134765625 0.2873900293255132
0 0.81640625 0.7991202346041055 0.1552734375 0.16715542521994134
0 0.8798828125 0.5755131964809385 0.216796875 0.2316715542521994
0 0.76123046875 0.6385630498533724 0.119140625 0.13343108504398826
0 0.9443359375 0.18328445747800587 0.111328125 0.12023460410557185
0 0.9423828125 0.02932551319648094 0.115234375 0.05865102639296188
0 0.95947265625 0.33944281524926684 0.0810546875 0.14516129032258066
0 0 0.9024728416422287 0.1019766005859375 0.8347569809384164 0.05279825 0.6770687785923754 0 0.7156316275659824 0 0.9024728416422287
0 0.15234375 0.6700879765395894 0.1962890625 0.23313782991202345
0 0.05078125 0.3775659824046921 0.1015625 0.22140762463343108
0 0.1123046875 0.14076246334310852 0.1962890625 0.2404692082111437