0 0.94580078125 0.9516129032258065 0.1083984375 0.0967741935483871
0 0.9189453125 0.28005865102639294 0.0771484375 0.1906158357771261
0 0.7763671875 0.27785923753665687 0.189453125 0.4002932551319648
0 0.18798828125 0.2595307917888563 0.21484375 0.3313782991202346
0 0.03662109375 0.2969208211143695 0.0732421875 0.3812316715542522
0 0.7666015625 0.8643695014662757 0.14453125 0.19941348973607037
0 0.8203125 0.9618768328445748 0.166015625 0.07624633431085044
0 0.90966796875 0.11363636363636363 0.1806640625 0.22727272727272727
0 0.05517578125 0.06744868035190615 0.1103515625 0.1348973607038123
0 0.978515625 0.7976539589442815 0.04296875 0.14076246334310852
0 0.93115234375 0.5960410557184751 0.1376953125 0.3592375366568915