0 0.25244140625 0.9794721407624634 0.0673828125 0.04105571847507331
0 0.3896484375 0.9215542521994134 0.0859375 0.10703812316715543
0 0.52001953125 0.7060117302052786 0.091796875 0.15395894428152493
0 0.60986328125 0.6004398826979472 0.0908203125 0.07331378299120235
0 0.64208984375 0.5197947214076246 0.095703125 0.10557184750733138
0 0.46533203125 0.4809384164222874 0.078125 0.0967741935483871
0 0.40771484375 0.7412023460410557 0.1015625 0.1217008797653959
0 0.3955078125 0.6217008797653959 0.0888671875 0.10263929618768329
0 0.21923828125 0.7719941348973607 0.1025390625 0.21994134897360704
0 0.1865234375 0.8944281524926686 0.0390625 0.12316715542521994
0 0.22119140625 0.31451612903225806 0.1083984375 0.30058651026392963
0 0.197265625 0.533724340175953 0.060546875 0.1598240469208211
0 0.31591796875 0.717008797653959 0.09375 0.2756598240469208
0 0.3095703125 0.40762463343108507 0.09375 0.16862170087976538
0 0.5234375 0.8401759530791789 0.115234375 0.18475073313782991
0 0.64453125 0.9530791788856305 0.07421875 0.093841642228739
0 0.78759765625 0.3519061583577713 0.0908203125 0.31671554252199413
0 0.62158203125 0.7434017595307918 0.0966796875 0.1744868035190616
0 0.7421875 0.9222873900293255 0.123046875 0.15542521994134897
0 0.75927734375 0.8152492668621701 0.146484375 0.2434017595307918