0 0.478515625 0.6869501466275659 0.123046875 0.2287390029325513
0 0.8115234375 0.8570381231671554 0.04296875 0.20674486803519063
0 0.69873046875 0.6048387096774194 0.1865234375 0.24486803519061584
0 0.423828125 0.3966275659824047 0.1962890625 0.2991202346041056
0 0.5859375 0.2368035190615836 0.208984375 0.4472140762463343
0 0.73291015625 0.20381231671554254 0.2001953125 0.40762463343108507
0 0.4150390625 0.14222873900293256 0.123046875 0.2434017595307918
0 0.2633774248046875 0.10904705131964808 0.2539648779296875 0.17581369501466276 0.3817067744140625 0.2736134780058651 0.39575833984375 0.1988254090909091 0.2633774248046875 0.10904705131964808
0 0.211810064453125 0.13170779472140762 0.1773197626953125 0.21033126539589442 0.3342301513671875 0.3565098724340176 0.33699710546875 0.3618249281524927 0.36254549609375 0.2582722184750733 0.211810064453125 0.13170779472140762
0 0.6591796875 0.030791788856304986 0.1484375 0.06158357771260997
0 0.3251953125 0.09897360703812316 0.08984375 0.14076246334310852
0 0.2236328125 0.3460410557184751 0.11328125 0.20821114369501467