0 0.57421875 0.42302052785923755 0.189453125 0.2089442815249267
0 0.35595703125 0.15542521994134897 0.17724609375 0.31085043988269795
0 0.48681640625 0.12976539589442815 0.14208984375 0.23093841642228738
0 0.60302734375 0.24266862170087977 0.14453125 0.17595307917888564
0 0.63818359375 0.1693548387096774 0.14306640625 0.14589442815249268
0 0.6904296875 0.05498533724340176 0.12109375 0.10997067448680352
0 0.7841796875 0.08577712609970674 0.1064453125 0.12609970674486803
0 0.71044921875 0.6143695014662757 0.228515625 0.3277126099706745
0 0.7822265625 0.499266862170088 0.0703125 0.11070381231671554
0 0.06787109375 0.13856304985337242 0.1357421875 0.27712609970674484
0 0.1796875 0.19868035190615835 0.14208984375 0.1532258064516129
0 0.12158203125 0.4032258064516129 0.1982421875 0.2126099706744868
0 0.23095703125 0.3453079178885631 0.10986328125 0.1217008797653959
0 0.05712890625 0.7624633431085044 0.11376953125 0.11070381231671554
0 0.05859375 0.9340175953079178 0.1171875 0.11730205278592376
0 0.04345703125 0.6195014662756598 0.08642578125 0.13343108504398826
0 1 0.05591933577712609 0.8347385458984375 0.1656365586510264 0.8798007265625 0.31009762609970676 1 0.2223238475073314 1 0.05591933577712609
0 0.78857421875 0.31671554252199413 0.1796875 0.21407624633431085
0 0.7978515625 0.9582111436950147 0.11474609375 0.08357771260997067
0 0.9404296875 0.9442815249266863 0.11767578125 0.11070381231671554
0 0.91796875 0.5850439882697948 0.1640625 0.20307917888563048
0 0.8251953125 0.8020527859237536 0.1796875 0.21994134897360704
0 0.96240234375 0.8093841642228738 0.07470703125 0.24120234604105573