0 0.32421875 0.5791788856304986 0.193359375 0.2565982404692082
0 0.51708984375 0.4809384164222874 0.1416015625 0.26832844574780057
0 0.61376953125 0.2624633431085044 0.1884765625 0.2829912023460411
0 0.92822265625 0.1378299120234604 0.1435546875 0.21994134897360704
0 0.68505859375 0.5021994134897361 0.1962890625 0.2595307917888563
0 0.84130859375 0.7478005865102639 0.275390625 0.3563049853372434
0 0.89697265625 0.9728739002932552 0.1943359375 0.054252199413489736
0 0.662109375 0.8255131964809385 0.25390625 0.3489736070381232
0 0.40185546875 0.9318181818181818 0.3291015625 0.13636363636363635
0 0.44921875 0.7917888563049853 0.1611328125 0.26099706744868034
0 0.2080078125 0.8885630498533724 0.2802734375 0.2155425219941349
0 0.11181640625 0.7089442815249267 0.2236328125 0.5381231671554252
0 0.21728515625 0.3966275659824047 0.2099609375 0.40762463343108507
0 0.43115234375 0.22653958944281524 0.2177734375 0.4530791788856305
0 0.15673828125 0.20674486803519063 0.2177734375 0.41348973607038125
0 0.8984375 0.4149560117302053 0.203125 0.2668621700879765
0 0.78369140625 0.125366568914956 0.1181640625 0.2375366568914956