0 0.927734375 0.05278592375366569 0.126953125 0.10483870967741936
0 0.970703125 0.2250733137829912 0.05810546875 0.22434017595307917
0 0.576171875 0.844574780058651 0.1572265625 0.2756598240469208
0 0.53271484375 0.05278592375366569 0.197265625 0.10483870967741936
0 0.03515625 0.6195014662756598 0.0693359375 0.20674486803519063
0 0.09521484375 0.8159824046920822 0.15625 0.17228739002932553
0 0.04052734375 0.3621700879765396 0.0810546875 0.20967741935483872
0 0.11962890625 0.20087976539589442 0.1455078125 0.14809384164222875
0 0.04052734375 0.07991202346041056 0.0810546875 0.1598240469208211
0 0.404296875 0.8269794721407625 0.1396484375 0.26173020527859236
0 0.375 0.3519061583577713 0.193359375 0.2089442815249267
0 0.431640625 0.17155425219941348 0.13916015625 0.15762463343108504
0 0.28125 0.12683284457478006 0.2060546875 0.2529325513196481
0 0.146484375 0.48533724340175954 0.109375 0.15762463343108504
0 0.14111328125 0.3453079178885631 0.083984375 0.10850439882697947
0 0.271484375 0.34237536656891493 0.12109375 0.17302052785923755
0 0.2607421875 0.9398826979472141 0.1484375 0.12023460410557185
0 0.31591796875 0.719208211143695 0.1220703125 0.19794721407624633
0 0.34375 0.5909090909090909 0.19287109375 0.13269794721407624
0 0.328125 0.47287390029325516 0.04833984375 0.09457478005865103
0 0.1689453125 0.6451612903225806 0.17138671875 0.16495601173020527