0 0.95947265625 0.12023460410557185 0.0810546875 0.22580645161290322
0 0.9052734375 0.42595307917888564 0.189453125 0.30498533724340177
0 0.8896484375 0.7309384164222874 0.220703125 0.2859237536656892
0 0.916015625 0.9208211143695014 0.16796875 0.15835777126099707
0 0.7587890625 0.9222873900293255 0.171875 0.15542521994134897
0 0.427734375 0.7309384164222874 0.255859375 0.5381231671554252
0 0.4150390625 0.3020527859237537 0.1611328125 0.3225806451612903
0 0.55859375 0.10997067448680352 0.1787109375 0.1906158357771261
0 0.60546875 0.37683284457478006 0.185546875 0.3460410557184751
0 0.8291015625 0.17008797653958943 0.134765625 0.2873900293255132
0 0.6123046875 0.7470674486803519 0.123046875 0.3460410557184751