0 0.2822265625 0.8724340175953079 0.158203125 0.23460410557184752
0 0.07275390625 0.7939882697947214 0.1416015625 0.2565982404692082
0 0.57080078125 0.36950146627565983 0.1845703125 0.22727272727272727
0 0.41943359375 0.30791788856304986 0.1201171875 0.23607038123167157
0 0.33642578125 0.2602639296187683 0.09375 0.20674486803519063
0 0.23095703125 0.5131964809384164 0.2265625 0.3680351906158358
0 0.05419921875 0.38269794721407624 0.1083984375 0.49266862170087977
0 0.060546875 0.5769794721407625 0.111328125 0.1436950146627566
0 0 0.1448309897360704 0.122689900390625 0.4039682976539589 0.2552658916015625 0.28055536656891494 0.0796046318359375 0.010941637829912023 0 0.013027931085043989 0 0.1448309897360704
0 1 0.49344843548387096 0.9977380302734375 0.2988761818181818 0.776319521484375 0.46823103665689153 0.838630513671875 0.6250814046920821 1 0.5387390029325514 1 0.49344843548387096
0 0.94287109375 0.6187683284457478 0.1142578125 0.14076246334310852
0 0.6563452900390625 0 0.6410076669921875 0.2765443313782991 0.7318076904296875 0.30630729178885635 0.7924462470703125 0 0.6563452900390625 0
0 0.7953319404296875 0 0.78699126171875 0.25848842521994136 0.833520923828125 0.3019917008797654 0.954955078125 0 0.7953319404296875 0
0 0.5487733271484375 0 0.5029308310546875 0.2760973387096774 0.6169093857421875 0.2995373167155425 0.6492524873046875 0 0.5487733271484375 0
0 0.279104294921875 0.23520787096774193 0.2638569228515625 0.006112718475073314 0.103322087890625 0.010320046920821115 0.2493804169921875 0.24005252492668622 0.279104294921875 0.23520787096774193
0 0.3659970224609375 0.003435812316715543 0.421595205078125 0.2660318797653959 0.4480189423828125 0.00128616568914956 0.3659970224609375 0.003435812316715543
0 0.486328125 0.12756598240469208 0.078125 0.25513196480938416
0 0.32373046875 0.12023460410557185 0.1142578125 0.23460410557184752
0 0.8212890625 0.2661290322580645 0.201171875 0.21114369501466276
0 0.9501953125 0.1598240469208211 0.095703125 0.3196480938416422
0 0.9755859375 0.2565982404692082 0.044921875 0.13343108504398826