0 0.04541015625 0.9376832844574781 0.0908203125 0.12463343108504399
0 0.18505859375 0.9919354838709677 0.138671875 0.01466275659824047
0 0.04443359375 0.3966275659824047 0.0888671875 0.35777126099706746
0 0.2822265625 0.24193548387096775 0.1064453125 0.14076246334310852
0 0.1064453125 0.039589442815249266 0.1015625 0.07917888563049853
0 0.14892578125 0.13563049853372433 0.1484375 0.12023460410557185
0 0.22021484375 0.0689149560117302 0.1357421875 0.1378299120234604
0 0.3271484375 0.021994134897360705 0.0751953125 0.04398826979472141
0 0.35107421875 0.10703812316715543 0.080078125 0.09970674486803519
0 0.42529296875 0.11436950146627566 0.0849609375 0.2287390029325513
0 0.5380859375 0.40542521994134895 0.173828125 0.31671554252199413
0 0.81298828125 0.4274193548387097 0.373046875 0.3724340175953079
0 0.95751953125 0.6876832844574781 0.0849609375 0.1436950146627566
0 0.8544921875 0.10117302052785923 0.2890625 0.20234604105571846
0 0.60107421875 0.11510263929618768 0.2099609375 0.23020527859237536
0 0.04052734375 0.08944281524926687 0.0810546875 0.17888563049853373