0 0.40966796875 0.749266862170088 0.2939453125 0.23900293255131966
0 0.58837890625 0.7148093841642229 0.22265625 0.11730205278592376
0 0.412109375 0.48607038123167157 0.1982421875 0.2375366568914956
0 0.181904673828125 0.8977140029325513 0.263200982421875 0.9938700894428152 0.4222239599609375 0.9980377947214076 0.2476295478515625 0.800449504398827 0.181904673828125 0.8977140029325513
0 0.177734375 0.9596774193548387 0.033203125 0.06598240469208211
0 0.50830078125 0.18328445747800587 0.2666015625 0.24633431085043989
0 0.66357421875 0.0373900293255132 0.1669921875 0.07038123167155426
0 0.827245865234375 1 0.827975251953125 0.9372589780058652 0.494242298828125 0.7705502184750733 0.4603351044921875 0.9090513826979472 0.583809255859375 1 0.827245865234375 1
0 0.543134625 1 0.4804911455078125 0.9115998401759531 0.39127865625 0.9456243005865101 0.425824291015625 0.9981321524926686 0.497093900390625 1 0.543134625 1
0 0.72705078125 0.748533724340176 0.2080078125 0.1774193548387097
0 0.71923828125 0.3563049853372434 0.2314453125 0.12609970674486803
0 0.7099609375 0.4640762463343108 0.2470703125 0.10703812316715543
0 0.70654296875 0.5894428152492669 0.2509765625 0.10263929618768329
0 0.7412109375 0.19281524926686217 0.1923828125 0.20381231671554254
0 0.5498046875 0.5161290322580645 0.1533203125 0.22140762463343108