0 0.62548828125 0.07331378299120235 0.10986328125 0.14589442815249268
0 0.8642578125 0.18914956011730205 0.25390625 0.21114369501466276
0 0.90380859375 0.06744868035190615 0.1923828125 0.1348973607038123
0 0.744140625 0.06451612903225806 0.150390625 0.12903225806451613
0 0.77490234375 0.29765395894428154 0.19873046875 0.26099706744868034
0 0.92431640625 0.41715542521994137 0.1513671875 0.30131964809384165
0 0.8896484375 0.9538123167155426 0.220703125 0.09164222873900293
0 0.93310546875 0.7895894428152492 0.1337890625 0.19208211143695014
0 0.943359375 0.6414956011730205 0.11328125 0.11950146627565983
0 0.06298828125 0.14002932551319647 0.1259765625 0.28005865102639294
0 0.12841796875 0.45527859237536655 0.25634765625 0.187683284457478
0 0.1220703125 0.7947214076246334 0.24365234375 0.40982404692082114
0 0.14208984375 0.7060117302052786 0.20703125 0.312316715542522