0 0.38134765625 0.9633431085043989 0.1357421875 0.07038123167155426
0 0.634765625 0.23607038123167157 0.12109375 0.18475073313782991
0 0.7705078125 0.4281524926686217 0.12890625 0.17595307917888564
0 0.6984120234375 0.14691654252199413 0.7562578310546875 0.2569127565982405 0.8368228486328125 0.1761980835777126 0.8387688818359375 0.008802356304985336 0.8058897451171875 0.00794065249266862 0.6984120234375 0.14691654252199413
0 0.77880859375 0.19208211143695014 0.1162109375 0.10117302052785923
0 0.30712890625 0.8247800586510264 0.2216796875 0.3225806451612903
0 0.23828125 0.9560117302052786 0.154296875 0.07917888563049853
0 0.2490234375 0.5029325513196481 0.103515625 0.1466275659824047
0 0.3544921875 0.6041055718475073 0.1806640625 0.13196480938416422
0 0.46142578125 0.42668621700879766 0.2509765625 0.30498533724340177
0 0.390625 0.19574780058651026 0.13671875 0.2991202346041056
0 0.2451171875 0.2089442815249267 0.154296875 0.4178885630498534
0 0.77783203125 0.6744868035190615 0.109375 0.2873900293255132
0 0.771484375 0.9391495601173021 0.115234375 0.1217008797653959