0 0.27294921875 0.6077712609970675 0.1923828125 0.24780058651026393
0 0.8115234375 0.5381231671554252 0.04296875 0.31085043988269795
0 0.28564453125 0.33651026392961875 0.1826171875 0.21994134897360704
0 0.6171875 0.29105571847507333 0.146484375 0.30498533724340177
0 0.7431640625 0.38049853372434017 0.1103515625 0.21994134897360704
0 0.759765625 0.15249266862170088 0.146484375 0.30498533724340177
0 0.6240234375 0.12756598240469208 0.12109375 0.1906158357771261
0 0.20703125 0.11436950146627566 0.080078125 0.2287390029325513
0 0.3603515625 0.1972140762463343 0.138671875 0.19208211143695014
0 0.4501953125 0.24193548387096775 0.0927734375 0.3035190615835777
0 0.53271484375 0.21700879765395895 0.06640625 0.07624633431085044
0 0.412109375 0.050586510263929615 0.115234375 0.10117302052785923