0 0.18212890625 0.17228739002932553 0.3232421875 0.34457478005865105
0 0.259765625 0.5469208211143695 0.244140625 0.3841642228739003
0 0.36181640625 0.8372434017595308 0.28125 0.3255131964809384
0 0.48486328125 0.533724340175953 0.1875 0.2844574780058651
0 0.58740234375 0.75 0.130859375 0.20674486803519063
0 0.57666015625 0.9200879765395894 0.154296875 0.1598240469208211
0 0.47265625 0.19134897360703812 0.22265625 0.38269794721407624
0 0.59521484375 0.027126099706744868 0.13671875 0.054252199413489736
0 0.80517578125 0.1312316715542522 0.3896484375 0.2624633431085044
0 0.8076171875 0.3973607038123167 0.193359375 0.25806451612903225
0 0.66650390625 0.3181818181818182 0.142578125 0.41642228739002934
0 0.82568359375 0.7118768328445748 0.3486328125 0.5762463343108505
0 0.9326171875 0.313049853372434 0.134765625 0.24193548387096775