0 0.53515625 0.5139296187683284 0.248046875 0.41348973607038125
0 0.5146484375 0.15102639296187684 0.244140625 0.3020527859237537
0 0.63720703125 0.7419354838709677 0.197265625 0.3035190615835777
0 0.7314453125 0.9193548387096774 0.19140625 0.15395894428152493
0 0.5478515625 0.9215542521994134 0.1796875 0.15689149560117302
0 0.4248046875 0.8497067448680352 0.16015625 0.30058651026392963
0 0.29296875 0.8563049853372434 0.099609375 0.2873900293255132
0 0.34423828125 0.5879765395894428 0.130859375 0.1935483870967742
0 0.3349609375 0.38269794721407624 0.1240234375 0.21114369501466276
0 0.19677734375 0.13929618768328444 0.35546875 0.27126099706744866
0 0.13134765625 0.4303519061583578 0.2626953125 0.3357771260997067
0 0.12158203125 0.7903225806451613 0.2412109375 0.41935483870967744