0 0.52001953125 0.5469208211143695 0.14697265625 0.2866568914956012
0 0.32958984375 0.9391495601173021 0.1357421875 0.1217008797653959
0 0.06640625 0.9112903225806451 0.13134765625 0.17668621700879766
0 0.04248046875 0.16202346041055718 0.08447265625 0.20454545454545456
0 0.9462890625 0.6121700879765396 0.107421875 0.16422287390029325
0 0.6826171875 0.4743401759530792 0.0830078125 0.1495601173020528
0 0.57861328125 0.14442815249266863 0.1162109375 0.19501466275659823
0 0.71875 0.27712609970674484 0.15771484375 0.3027859237536657
0 0.18798828125 0.25439882697947214 0.18798828125 0.2829912023460411
0 0.04052734375 0.7551319648093842 0.0810546875 0.125366568914956
0 0.1904296875 0.873900293255132 0.10986328125 0.14002932551319647
0 0.42626953125 0.8724340175953079 0.11279296875 0.17008797653958943
0 0.32421875 0.6869501466275659 0.1611328125 0.18255131964809385
0 0.35400390625 0.46994134897360706 0.1416015625 0.24633431085043989
0 0.16845703125 0.591642228739003 0.20751953125 0.21627565982404692
0 0.3759765625 0.13856304985337242 0.1875 0.27712609970674484
0 0.07568359375 0.03592375366568915 0.1455078125 0.0718475073313783
0 0.04150390625 0.42595307917888564 0.0830078125 0.32404692082111436
0 0.556640625 0.35777126099706746 0.1455078125 0.12463343108504399
0 0.9321701689453125 0.04677624780058651 0.8225595517578125 0.26438206011730203 0.88589016796875 0.306440357771261 0.98575765625 0.09980622434017596 0.9321701689453125 0.04677624780058651
0 0.85107421875 0.4897360703812317 0.11083984375 0.21041055718475074
0 0.8262132392578125 0.2771824589442815 0.7827728671875 0.3463084765395894 0.82986692578125 0.41067171994134893 0.8773648603515625 0.2972972272727273 0.8262132392578125 0.2771824589442815
0 0.76318359375 0.07697947214076246 0.1630859375 0.15395894428152493
0 0.6494140625 0.6700879765395894 0.17578125 0.18695014662756598
0 0.47314453125 0.7712609970674487 0.0927734375 0.11436950146627566
0 0.890625 0.8695014662756598 0.18701171875 0.21480938416422288
0 0.56201171875 0.9208211143695014 0.1728515625 0.15835777126099707
0 0.71240234375 0.9413489736070382 0.1533203125 0.11730205278592376
0 0.71044921875 0.7932551319648093 0.20654296875 0.19281524926686217
0 0.943359375 0.3225806451612903 0.11279296875 0.13049853372434017
0 0.86474609375 0.7067448680351907 0.134765625 0.12390029325513197