0 0.5712890625 0.1972140762463343 0.2919921875 0.3944281524926686
0 0.60595703125 0.42961876832844575 0.21484375 0.2785923753665689
0 0.6162109375 0.7844574780058651 0.255859375 0.36656891495601174
0 0.423828125 0.6546920821114369 0.1181640625 0.19941348973607037
0 0.42529296875 0.8321114369501467 0.1015625 0.17008797653958943
0 0.5205078125 0.9604105571847508 0.1279296875 0.07917888563049853
0 0.69873046875 0.9127565982404692 0.2177734375 0.1744868035190616
0 0.24755859375 0.29472140762463345 0.3115234375 0.39882697947214074
0 0.26806640625 0.07038123167155426 0.2333984375 0.14076246334310852
0 0.189453125 0.6869501466275659 0.2900390625 0.31671554252199413
0 0.39794921875 0.9574780058651027 0.126953125 0.08504398826979472
0 0.25390625 0.9303519061583577 0.197265625 0.13929618768328444
0 0.09326171875 0.9274193548387096 0.1865234375 0.14516129032258066
0 0.06494140625 0.16202346041055718 0.1298828125 0.32404692082111436
0 0.0634765625 0.4244868035190616 0.126953125 0.1906158357771261
0 0.0380859375 0.6840175953079178 0.076171875 0.32697947214076245