0 0.34130859375 0.1063049853372434 0.1611328125 0.2126099706744868
0 0.21630859375 0.038856304985337244 0.0966796875 0.07771260997067449
0 0.54443359375 0.23973607038123168 0.177734375 0.18181818181818182
0 0.76220703125 0.08944281524926687 0.1416015625 0.09970674486803519
0 0.57763671875 0.032991202346041054 0.1787109375 0.06598240469208211
0 0.17333984375 0.19281524926686217 0.0126953125 0.33284457478005863
0 0.3359375 0.749266862170088 0.337890625 0.39002932551319647
0 0.40185546875 0.9208211143695014 0.2412109375 0.15835777126099707
0 0.67529296875 0.8321114369501467 0.255859375 0.32697947214076245
0 0.71826171875 0.4941348973607038 0.2294921875 0.21994134897360704
0 0.802734375 0.7521994134897361 0.060546875 0.27419354838709675
0 0.26123046875 0.35997067448680353 0.1884765625 0.30791788856304986
0 0.46240234375 0.41348973607038125 0.2080078125 0.22580645161290322
0 0.74072265625 0.2653958944281525 0.18359375 0.1935483870967742