0 0.72265625 0.9743401759530792 0.2109375 0.051319648093841645
0 0.7509765625 0.8313782991202346 0.1591796875 0.26392961876832843
0 0.66552734375 0.5388563049853372 0.2890625 0.3533724340175953
0 0.232421875 0.7917888563049853 0.1416015625 0.3357771260997067
0 0.51171875 0.781524926686217 0.1513671875 0.2624633431085044
0 0.64013671875 0.8196480938416423 0.1181640625 0.2668621700879765
0 0.4775390625 0.48900293255131966 0.1806640625 0.45894428152492667
0 0.35888671875 0.6312316715542522 0.1337890625 0.24193548387096775
0 0.36962890625 0.8621700879765396 0.2001953125 0.2727272727272727
0 0.76171875 0.23533724340175954 0.15234375 0.3680351906158358
0 0.7958984375 0.499266862170088 0.076171875 0.18621700879765396