0 0.67236328125 0.47214076246334313 0.11328125 0.1906158357771261
0 0.43408203125 0.3775659824046921 0.1318359375 0.250733137829912
0 0.310546875 0.3717008797653959 0.119140625 0.2668621700879765
0 0.2019215947265625 0.21893105718475073 0.091287845703125 0.024321466275659825 0.03834658203125 0.07526639736070381 0.175450962890625 0.26172478445747804 0.2019215947265625 0.21893105718475073
0 0.1859158857421875 0.2769020117302053 0.082069560546875 0.10165147360703813 0.0406667568359375 0.15769091202346042 0.156051603515625 0.3064500322580645 0.1859158857421875 0.2769020117302053
0 0 0.18435928005865104 0.0988271611328125 0.28943393695014663 0.1085401923828125 0.2677319281524927 0 0.11911831964809383 0 0.18435928005865104
0 0 0.15012917008797652 0.105956373046875 0.2817969428152493 0.111255150390625 0.26059960850439884 0.002657666015625 0.07617903225806451 0 0.08221284897360705 0 0.15012917008797652
0 0.29443359375 0.17008797653958943 0.1181640625 0.15249266862170088
0 0.88232421875 0.3944281524926686 0.232421875 0.3841642228739003
0 0.63525390625 0.21480938416422288 0.1875 0.2316715542521994
0 0.91796875 0.093841642228739 0.1640625 0.187683284457478
0 0.68798828125 0.039589442815249266 0.1201171875 0.07917888563049853
0 0.78515625 0.21700879765395895 0.1572265625 0.21114369501466276
0 0.59375 0.41935483870967744 0.0634765625 0.11143695014662756
0 0.098050802734375 0 0.213913013671875 0.21153659677419354 0.2406094404296875 0.19243968475073314 0.179168041015625 0 0.098050802734375 0
0 0.001573703125 0 0.1170797841796875 0.181231788856305 0.143550416015625 0.15677822873900293 0.0722507041015625 0 0.001573703125 0
0 0.5244140625 0.18548387096774194 0.1630859375 0.2653958944281525
0 0.50830078125 0.4574780058651026 0.1484375 0.20087976539589442
0 0.39501953125 0.13563049853372433 0.078125 0.1348973607038123