0 0.36910165234375 0.6326661173020528 0.3478658173828125 0.9960890029325514 0.4143995712890625 0.9978327316715543 0.4470500537109375 0.6308096935483871 0.36910165234375 0.6326661173020528
0 0.5078422197265625 1 0.5362307431640625 0.6682412947214076 0.4624040830078125 0.650708917888563 0.4450757744140625 0.9986366994134898 0.49709387109375 1 0.5078422197265625 1
0 0.35885731640625 0.7318315865102639 0.2910626142578125 0.6423189677419354 0.228996142578125 0.7303779032258064 0.2799496796875 0.9943090425219943 0.2811986220703125 0.994341775659824 0.35885731640625 0.7318315865102639
0 0.86340576953125 1 0.8918658701171875 0.9115240923753666 0.91689089453125 0.7698528607038124 0.7759355576171875 0.3820707184750733 0.6960996005859375 0.4345695219941349 0.7078667783203125 0.6512929941348974 0.8544565224609375 1 0.86340576953125 1
0 1 0.013027931085043989 0.7503065654296875 0.006483917888563049 0.8299396943359375 0.31719670527859234 1 0.48545320087976546 1 0.013027931085043989
0 0.61858388671875 0.0640473504398827 0.574210125 0.41772725219941353 0.67954465234375 0.5179720894428153 0.80372966015625 0.4490884237536657 0.7648096982421875 0.2219048695014663 0.61858388671875 0.0640473504398827
0 0.5048828125 0.28812316715542524 0.1494140625 0.41935483870967744
0 0.0712890625 0.5549853372434017 0.142578125 0.30058651026392963
0 0.28662109375 0.45821114369501464 0.16796875 0.3357771260997067
0 0.8108333330078125 0.3966330938416422 0.9974615146484375 0.7249093401759531 0.9990332197265624 0.5897129970674486 0.85476765625 0.304199633431085 0.8108333330078125 0.3966330938416422
0 0.8635459150390625 0.4428573885630498 0.8113160400390625 0.4668344164222874 0.9231403994140625 0.9025952844574779 0.99538838671875 0.9032376436950146 0.9972328466796875 0.7445791847507331 0.8635459150390625 0.4428573885630498
0 0.6541405791015625 1 0.6649725927734375 0.9894140703812316 0.63948282421875 0.6124567844574781 0.5536987958984375 0.6180072507331379 0.55689839453125 0.7896633885630499 0.6235888154296875 1 0.6541405791015625 1
0 0.50927734375 0.4970674486803519 0.119140625 0.20381231671554254
0 0.64697265625 0.5850439882697948 0.076171875 0.3255131964809384
0 0.40478515625 0.4750733137829912 0.1806640625 0.3387096774193548
0 0.0576171875 0.9010263929618768 0.115234375 0.1774193548387097
0 0.1298828125 0.6854838709677419 0.1396484375 0.21700879765395895
0 0.1572265625 0.49486803519061584 0.1279296875 0.20087976539589442
0 0.19287109375 0.8812316715542522 0.1259765625 0.22434017595307917
0 0.69677734375 0.8313782991202346 0.0771484375 0.33724340175953077