0 0.72412109375 0.6290322580645161 0.1845703125 0.28005865102639294
0 0.703125 0.7448680351906158 0.1728515625 0.22580645161290322
0 0.7041015625 0.908357771260997 0.1953125 0.18328445747800587
0 0.64794921875 0.2661290322580645 0.2041015625 0.3533724340175953
0 0.81103515625 0.2368035190615836 0.1171875 0.17008797653958943
0 0.7685546875 0.39589442815249265 0.146484375 0.18621700879765396
0 0.775390625 0.06818181818181818 0.1708984375 0.12609970674486803
0 0.630859375 0.045454545454545456 0.19140625 0.08797653958944282
0 0.8779296875 0.5271260997067448 0.14453125 0.18035190615835778
0 0.97705078125 0.14002932551319647 0.0458984375 0.2565982404692082
0 0.916015625 0.8577712609970675 0.162109375 0.2844574780058651