0 0.806640625 0.07404692082111437 0.1572265625 0.13636363636363635
0 0.98291015625 0.09164222873900293 0.0341796875 0.10117302052785923
0 0.93701171875 0.2668621700879765 0.1259765625 0.3812316715542522
0 0.8349609375 0.5982404692082112 0.24609375 0.3152492668621701
0 0.2568359375 0.592375366568915 0.2080078125 0.2859237536656892
0 0.08544921875 0.5175953079178885 0.1708984375 0.30498533724340177
0 0.93408203125 0.8643695014662757 0.1259765625 0.27126099706744866
0 0.75927734375 0.8812316715542522 0.1494140625 0.2375366568914956
0 0.11962890625 0.7925219941348973 0.1552734375 0.1774193548387097
0 0.6236351142578125 0.9126206114369501 0.552050380859375 0.6988156334310851 0.5103886953125 0.706383646627566 0.5771038984375 0.9587647624633431 0.6236351142578125 0.9126206114369501
0 0.443359375 0.7543988269794721 0.0654296875 0.1744868035190616
0 0.38330078125 0.8093841642228738 0.07421875 0.22727272727272727
0 0.23876953125 0.8401759530791789 0.1123046875 0.16129032258064516
0 0.32177734375 0.8951612903225806 0.1015625 0.13929618768328444
0 0.48681640625 0.8988269794721407 0.0751953125 0.15542521994134897