0 0.02783203125 0.6524926686217009 0.0556640625 0.2873900293255132
0 0.0390625 0.3907624633431085 0.078125 0.3255131964809384
0 0.09375 0.10483870967741936 0.1875 0.20967741935483872
0 0.03564453125 0.16129032258064516 0.0712890625 0.1436950146627566
0 0.60546875 0.8533724340175953 0.185546875 0.2932551319648094
0 0.66357421875 0.6121700879765396 0.244140625 0.3255131964809384
0 0.818359375 0.09530791788856305 0.228515625 0.1906158357771261
0 0.9306640625 0.9200879765395894 0.138671875 0.1598240469208211
0 0.7890625 0.9142228739002932 0.185546875 0.17155425219941348
0 0.95556640625 0.09164222873900293 0.0888671875 0.18328445747800587
0 0.884765625 0.656891495601173 0.23046875 0.3782991202346041
0 0.908203125 0.3284457478005865 0.18359375 0.31378299120234604
0 0.7890625 0.3027859237536657 0.1015625 0.14076246334310852