0 0.0390625 0.6693548387096774 0.078125 0.24780058651026393
0 0.12646484375 0.8607038123167156 0.1259765625 0.2624633431085044
0 0.4677734375 0.7331378299120235 0.0986328125 0.26099706744868034
0 0.70556640625 0.6048387096774194 0.1064453125 0.2932551319648094
0 0.833984375 0.5 0.1240234375 0.24486803519061584
0 0.95703125 0.31744868035190615 0.0859375 0.18328445747800587
0 0.6241878232421875 0.931215271260997 0.6477851552734375 0.8583386627565983 0.574181771484375 0.6330888343108505 0.51940923046875 0.8519318445747801 0.568946662109375 0.9764367184750733 0.6241878232421875 0.931215271260997
0 0.989789685546875 1 0.847964388671875 0.7224019354838709 0.8266572314453124 0.7367776730205279 0.8720899619140625 1 0.989789685546875 1
0 0.26611328125 0.8533724340175953 0.0888671875 0.20087976539589442
0 0.341796875 0.7844574780058651 0.1083984375 0.21407624633431085
0 0.0693359375 0.4442815249266862 0.138671875 0.2785923753665689
0 0.09814453125 0.19574780058651026 0.1279296875 0.37683284457478006
0 0.86917174609375 0.5026793269794722 0.99773646875 0.7012580967741935 0.999139255859375 0.580591862170088 0.9708436953125 0.42133947214076245 0.86917174609375 0.5026793269794722
0 0.98291015625 0.4941348973607038 0.0341796875 0.15835777126099707
0 0.74365234375 0.7756598240469208 0.1064453125 0.26832844574780057
0 0.955078125 0.8057184750733137 0.0859375 0.218475073313783
0 0.31201171875 0.08944281524926687 0.2978515625 0.17888563049853373