0 0.2861328125 0.9398826979472141 0.134765625 0.12023460410557185
0 0.4296875 0.8489736070381232 0.2138671875 0.29765395894428154
0 0.5966796875 0.7148093841642229 0.150390625 0.187683284457478
0 0.74609375 0.8240469208211144 0.173828125 0.3519061583577713
0 0.66015625 0.5095307917888563 0.111328125 0.1436950146627566
0 0.7919921875 0.47653958944281527 0.08203125 0.2287390029325513
0 0.8193359375 0.16129032258064516 0.02734375 0.3225806451612903
0 0.7626953125 0.04325513196480939 0.140625 0.08651026392961877
0 0.64013671875 0.19794721407624633 0.265625 0.3313782991202346
0 0.50341796875 0.0967741935483871 0.1552734375 0.1935483870967742
0 0.33203125 0.06744868035190615 0.197265625 0.1348973607038123
0 0.228515625 0.15249266862170088 0.123046875 0.30498533724340177
0 0.35693359375 0.3621700879765396 0.328125 0.36070381231671556
0 0.2470703125 0.6906158357771262 0.16015625 0.3020527859237537
0 0.42138671875 0.6165689149560117 0.15234375 0.093841642228739
0 0.56494140625 0.4941348973607038 0.0869140625 0.19794721407624633