0 0.4453125 0.15469208211143695 0.1123046875 0.2565982404692082
0 0.36572265625 0.28519061583577715 0.138671875 0.26099706744868034
0 0.4658203125 0.4750733137829912 0.2177734375 0.4281524926686217
0 0.328125 0.8599706744868035 0.21875 0.28005865102639294
0 0.5185546875 0.9134897360703812 0.240234375 0.17302052785923755
0 0.498046875 0.8064516129032258 0.177734375 0.15689149560117302
0 0.77587890625 0.7631964809384164 0.150390625 0.2434017595307918
0 0.75927734375 0.2719941348973607 0.154296875 0.1598240469208211
0 0.92529296875 0.07917888563049853 0.0595703125 0.15835777126099707
0 0.8125 0.11730205278592376 0.14453125 0.16862170087976538
0 0.62646484375 0.14076246334310852 0.232421875 0.2536656891495601
0 0.916015625 0.42595307917888564 0.16796875 0.2126099706744868
0 0.9208984375 0.7294721407624634 0.13671875 0.1495601173020528
0 0.9697265625 0.6400293255131965 0.060546875 0.18035190615835778
0 0.90771484375 0.906158357771261 0.1845703125 0.17008797653958943
0 0.94091796875 0.2316715542521994 0.103515625 0.16715542521994134
0 0.73291015625 0.5498533724340176 0.091796875 0.1906158357771261