0 0.482421875 0.4472140762463343 0.0849609375 0.2126099706744868
0 0.58544921875 0.7008797653958945 0.26171875 0.30791788856304986
0 0.87451171875 0.5483870967741935 0.2509765625 0.33724340175953077
0 0.69921875 0.34384164222873903 0.3095703125 0.4120234604105572
0 0.3369140625 0.5608504398826979 0.25390625 0.2668621700879765
0 0.0498046875 0.19574780058651026 0.09765625 0.3914956011730205
0 0.30810546875 0.23607038123167157 0.3583984375 0.47214076246334313
0 0.6337890625 0.12683284457478006 0.2783203125 0.2536656891495601
0 0.85107421875 0.05498533724340176 0.10546875 0.093841642228739
0 0.95947265625 0.05571847507331378 0.0810546875 0.09090909090909091
0 0.9306640625 0.24266862170087977 0.138671875 0.24193548387096775