0 0.0458984375 0.3629032258064516 0.091796875 0.23020527859237536
0 0.5888671875 0.6598240469208211 0.0810546875 0.08944281524926687
0 0.041015625 0.9215542521994134 0.07421875 0.15689149560117302
0 0.3017578125 0.9010263929618768 0.12109375 0.15835777126099707
0 0.33837890625 0.9699413489736071 0.0947265625 0.060117302052785926
0 0.2001953125 0.8453079178885631 0.21484375 0.19794721407624633
0 0.22509765625 0.9728739002932552 0.0966796875 0.054252199413489736
0 0.11962890625 0.9699413489736071 0.1142578125 0.060117302052785926
0 0.2783203125 0.6612903225806451 0.1220703125 0.17888563049853373
0 0.8154296875 0.9296187683284457 0.0947265625 0.12756598240469208
0 0.88330078125 0.9024926686217009 0.1044921875 0.1495601173020528
0 0.55029296875 0.9501466275659824 0.0927734375 0.09970674486803519
0 0.42578125 0.7609970674486803 0.189453125 0.2727272727272727
0 0.42236328125 0.9288856304985337 0.1220703125 0.14222873900293256
0 0.103515625 0.657624633431085 0.20703125 0.3782991202346041
0 0.18603515625 0.48607038123167157 0.162109375 0.14809384164222875
0 0.06884765625 0.5498533724340176 0.1376953125 0.19941348973607037