0 0.27294921875 0.15175953079178886 0.130859375 0.1378299120234604
0 0.412109375 0.24560117302052786 0.2099609375 0.2932551319648094
0 0.57470703125 0.3717008797653959 0.146484375 0.18475073313782991
0 0.73193359375 0.2536656891495601 0.2001953125 0.36070381231671556
0 0.63818359375 0.5674486803519062 0.109375 0.14076246334310852
0 0.77978515625 0.5960410557184751 0.1103515625 0.22287390029325513
0 0.80908203125 0.8680351906158358 0.0576171875 0.24926686217008798
0 0.62060546875 0.8519061583577713 0.2587890625 0.2961876832844575
0 0.490234375 0.9369501466275659 0.150390625 0.12609970674486803
0 0.32568359375 0.967008797653959 0.1923828125 0.06598240469208211
0 0.22802734375 0.8870967741935484 0.1162109375 0.22580645161290322
0 0.34716796875 0.718475073313783 0.3203125 0.3563049853372434
0 0.24072265625 0.4039589442815249 0.15234375 0.29765395894428154
0 0.40673828125 0.46994134897360706 0.1484375 0.09530791788856305
0 0.54638671875 0.5843108504398827 0.0859375 0.19208211143695014