0 0.8818359375 0.1774193548387097 0.1875 0.23460410557184752
0 0.763671875 0.13416422287390029 0.1875 0.2653958944281525
0 0.90234375 0.4142228739002933 0.1953125 0.28005865102639294
0 0.50439453125 0.25806451612903225 0.1923828125 0.2756598240469208
0 0.15576171875 0.15835777126099707 0.16796875 0.31671554252199413
0 0.03271484375 0.3460410557184751 0.0654296875 0.2155425219941349
0 0.03173828125 0.11656891495601172 0.0625 0.20527859237536658
0 0.53955078125 0.31744868035190615 0.09375 0.12609970674486803
0 0.4052734375 0.35777126099706746 0.0947265625 0.17302052785923755
0 0.515625 0.4904692082111437 0.1044921875 0.22287390029325513
0 0.57666015625 0.4934017595307918 0.0859375 0.21114369501466276
0 0.7568359375 0.5725806451612904 0.11328125 0.1774193548387097
0 0.93408203125 0.656158357771261 0.109375 0.17888563049853373
0 0.77978515625 0.8673020527859238 0.13671875 0.18621700879765396
0 0.880859375 0.8460410557184751 0.0986328125 0.17008797653958943
0 0.9716796875 0.8387096774193549 0.056640625 0.12316715542521994
0 0.9580078125 0.9486803519061584 0.076171875 0.10263929618768329
0 0.544921875 0.8189149560117303 0.103515625 0.18475073313782991
0 0.66455078125 0.719208211143695 0.095703125 0.12316715542521994
0 0.34521484375 0.8936950146627566 0.0859375 0.15835777126099707
0 0.44873046875 0.9530791788856305 0.080078125 0.093841642228739
0 0.4521484375 0.8313782991202346 0.072265625 0.11143695014662756
0 0.2744140625 0.6429618768328446 0.3056640625 0.3064516129032258
0 0.14892578125 0.9523460410557185 0.109375 0.093841642228739
0 0.0498046875 0.7624633431085044 0.099609375 0.20821114369501467