0 0.443359375 0.6546920821114369 0.24609375 0.34310850439882695
0 0.7001953125 0.7778592375366569 0.2255859375 0.3181818181818182
0 0.90185546875 0.8819648093841642 0.1845703125 0.23607038123167157
0 0.90673828125 0.7067448680351907 0.1708984375 0.250733137829912
0 0.953125 0.5395894428152492 0.09375 0.24633431085043989
0 0.76123046875 0.38929618768328444 0.119140625 0.23460410557184752
0 0.880859375 0.4178885630498534 0.125 0.20381231671554254
0 0.904296875 0.17302052785923755 0.18359375 0.3196480938416422
0 0.55712890625 0.15689149560117302 0.2490234375 0.31378299120234604
0 0.33349609375 0.3020527859237537 0.2431640625 0.4413489736070381
0 0.51416015625 0.37316715542521994 0.123046875 0.18914956011730205
0 0.50537109375 0.9149560117302052 0.1376953125 0.17008797653958943