0 0.4296875 0.8724340175953079 0.1123046875 0.25513196480938416
0 0.345703125 0.7426686217008798 0.140625 0.2668621700879765
0 0.44775390625 0.5439882697947214 0.2197265625 0.436950146627566
0 0.30078125 0.14589442815249268 0.2236328125 0.29178885630498536
0 0.49658203125 0.08797653958944282 0.24609375 0.17595307917888564
0 0.4765625 0.20087976539589442 0.181640625 0.15835777126099707
0 0.76416015625 0.2375366568914956 0.15234375 0.24780058651026393
0 0.75244140625 0.7463343108504399 0.15625 0.16129032258064516
0 0.9267578125 0.9296187683284457 0.0595703125 0.14076246334310852
0 0.8095703125 0.9039589442815249 0.146484375 0.17008797653958943
0 0.6171875 0.8782991202346041 0.236328125 0.2434017595307918
0 0.91357421875 0.5821114369501467 0.1728515625 0.21407624633431085
0 0.9140625 0.2690615835777126 0.138671875 0.1495601173020528
0 0.96728515625 0.35997067448680353 0.0634765625 0.18328445747800587
0 0.90185546875 0.08651026392961877 0.1953125 0.17302052785923755
0 0.9404296875 0.782991202346041 0.10546875 0.16862170087976538
0 0.72216796875 0.4596774193548387 0.09375 0.1935483870967742