0 0.35205078125 0.5953079178885631 0.1533203125 0.4237536656891496
0 0.3740234375 0.3379765395894428 0.0751953125 0.32111436950146627
0 0.52001953125 0.591642228739003 0.1513671875 0.2859237536656892
0 0.0047038974609375 0.9111758563049853 0.1108014658203125 0.8811308973607038 0.19583297265625 0.9758766700879766 0.2342200361328125 0.9457783607038124 0.039304984375 0.506744944281525 0.0003882314453125 0.5399467741935484 0.0047038974609375 0.9111758563049853
0 0.319376404296875 0.8291169193548387 0.0842659111328125 0.3606789574780059 0.0314021669921875 0.4933756187683284 0.2572071923828125 0.9238414721407625 0.319376404296875 0.8291169193548387
0 0.1220703125 0.9530791788856305 0.234375 0.093841642228739
0 0.92459075 0.13055717302052786 0.817320212890625 0.45532277565982404 0.889742513671875 0.46506161876832847 0.99718825 0.25158469941348977 0.9965864111328125 0.19981515542521994 0.92459075 0.13055717302052786
0 0.958984375 0.36363636363636365 0.08203125 0.26392961876832843
0 0.7138671875 0.4538123167155425 0.15625 0.3841642228739003
0 0.84716796875 0.2280058651026393 0.1240234375 0.2434017595307918
0 0.1174106552734375 0.11680119941348974 0.2499597109375 0.5225583240469208 0.3384866298828125 0.4736905879765396 0.2350667802734375 0.006867256598240469 0.1218901044921875 0.00983341202346041 0.1174106552734375 0.11680119941348974
0 0 0.28595363343108504 0.226583287109375 0.6220846378299121 0.248330728515625 0.49350876392961873 0.0154568798828125 0.12141267741935483 0 0.2425145630498534 0 0.28595363343108504
0 0.3525390625 0.14516129032258066 0.11328125 0.2859237536656892
0 0.60302734375 0.15762463343108504 0.0810546875 0.3152492668621701
0 0.5341796875 0.17082111436950145 0.068359375 0.3416422287390029
0 0.4541015625 0.17521994134897362 0.06640625 0.34750733137829914
0 0.70751953125 0.12756598240469208 0.1298828125 0.25513196480938416
0 0.92333984375 0.11730205278592376 0.1474609375 0.23460410557184752
0 0.5009765625 0.3944281524926686 0.1416015625 0.21994134897360704