0 0.49365234375 0.09824046920821114 0.23828125 0.1906158357771261
0 0.35009765625 0.49193548387096775 0.1953125 0.18914956011730205
0 0.271484375 0.8621700879765396 0.1494140625 0.18328445747800587
0 0.32275390625 0.3093841642228739 0.2333984375 0.15835777126099707
0 0.30322265625 0.09750733137829912 0.283203125 0.18328445747800587
0 0.2099855810546875 0.08370366715542522 0.4498814404296875 0.12359996480938416 0.49638016015625 0.09627766862170088 0.4531736240234375 0.0011510703812316716 0.2120157958984375 0.0074713812316715535 0.2099855810546875 0.08370366715542522
0 0.18701171875 0.19574780058651026 0.048828125 0.16715542521994134
0 0.19091796875 0.9171554252199413 0.0400390625 0.14809384164222875
0 0.28662109375 0.6847507331378299 0.2255859375 0.2697947214076246
0 0.19921875 0.7639296187683284 0.060546875 0.16862170087976538
0 0.23583984375 0.47580645161290325 0.111328125 0.1348973607038123
0 0.216796875 0.34457478005865105 0.10546875 0.1348973607038123