0 0.8515625 0.8335777126099707 0.21875 0.33284457478005863
0 0.982421875 0.8922287390029325 0.029296875 0.2155425219941349
0 0.63525390625 0.4596774193548387 0.1435546875 0.38563049853372433
0 0.8232421875 0.4508797653958944 0.162109375 0.4706744868035191
0 0.91455078125 0.5183284457478006 0.1708984375 0.3680351906158358
0 0.9677734375 0.28812316715542524 0.064453125 0.2624633431085044
0 0.77392578125 0.13929618768328444 0.1337890625 0.2668621700879765
0 0.90185546875 0.14442815249266863 0.1044921875 0.2697947214076246
0 0.98193359375 0.0747800586510264 0.0361328125 0.12609970674486803
0 0.5068359375 0.5109970674486803 0.1328125 0.34457478005865105
0 0.35888671875 0.3936950146627566 0.193359375 0.3563049853372434
0 0.21435546875 0.35410557184750735 0.1318359375 0.32991202346041054
0 0.28466796875 0.12463343108504399 0.0947265625 0.1495601173020528
0 0.05078125 0.2991202346041056 0.099609375 0.24486803519061584
0 0.05224609375 0.07771260997067449 0.0966796875 0.15542521994134897
0 0.115234375 0.22140762463343108 0.1064453125 0.31671554252199413
0 0.1953125 0.10043988269794721 0.115234375 0.20087976539589442
0 0.40478515625 0.0747800586510264 0.2607421875 0.1495601173020528
0 0.470703125 0.19134897360703812 0.1943359375 0.08357771260997067
0 0.5244140625 0.27052785923753664 0.115234375 0.13929618768328444
0 0.63037109375 0.056451612903225805 0.1552734375 0.10997067448680352
0 0.63427734375 0.13929618768328444 0.0703125 0.2624633431085044