0 0.498046875 0.43255131964809385 0.158203125 0.30498533724340177
0 0.7021484375 0.047653958944281524 0.1435546875 0.08944281524926687
0 0.9541015625 0.08357771260997067 0.091796875 0.1466275659824047
0 0.97314453125 0.8497067448680352 0.048828125 0.2155425219941349
0 0.0546875 0.3526392961876833 0.1083984375 0.17595307917888564
0 0.32666015625 0.5043988269794721 0.08984375 0.1598240469208211
0 0.431640625 0.8533724340175953 0.1240234375 0.20821114369501467
0 0.2861328125 0.7096774193548387 0.1689453125 0.3225806451612903
0 0.84228515625 0.748533724340176 0.201171875 0.3020527859237537
0 0.9794921875 0.22653958944281524 0.041015625 0.13343108504398826
0 0.84716796875 0.09824046920821114 0.1171875 0.1495601173020528
0 0.60009765625 0.09310850439882698 0.12109375 0.18181818181818182
0 0.70458984375 0.29105571847507333 0.1708984375 0.19648093841642228
0 0.67138671875 0.5175953079178885 0.1513671875 0.2624633431085044
0 0.8671875 0.3951612903225806 0.220703125 0.2316715542521994
0 0.6435546875 0.8585043988269795 0.19921875 0.2829912023460411
0 0.93798828125 0.9706744868035191 0.1142578125 0.05865102639296188
0 0.97607421875 0.5711143695014663 0.0478515625 0.3416422287390029
0 0.45703125 0.6297653958944281 0.154296875 0.13636363636363635
0 0.1112497822265625 0.6747464472140763 0.004017703125 0.8887032375366568 0.0595586181640625 0.945789348973607 0.177140306640625 0.7205940894428153 0.1112497822265625 0.6747464472140763
0 0.14990234375 0.4831378299120235 0.119140625 0.22287390029325513
0 0.171261916015625 0.5669765513196481 0.12007725 0.6845692947214076 0.173465408203125 0.7070696671554253 0.219856181640625 0.6357696348973607 0.171261916015625 0.5669765513196481
0 0.23681640625 0.9156891495601173 0.1728515625 0.1598240469208211
0 0.36376953125 0.2998533724340176 0.185546875 0.20087976539589442
0 0.54931640625 0.19868035190615835 0.0986328125 0.12316715542521994
0 0.11328125 0.09970674486803519 0.197265625 0.19941348973607037
0 0.45751953125 0.06158357771260997 0.1826171875 0.12316715542521994
0 0.30029296875 0.038856304985337244 0.1611328125 0.07771260997067449
0 0.30078125 0.16862170087976538 0.21875 0.20821114369501467
0 0.0556640625 0.656891495601173 0.111328125 0.14076246334310852
0 0.13818359375 0.25513196480938416 0.142578125 0.13196480938416422