0 0.58203125 0.6715542521994134 0.232421875 0.30498533724340177
0 0.40185546875 0.7258064516129032 0.00390625 0.007331378299120235
0 0.5263671875 0.9545454545454546 0.19140625 0.09090909090909091
0 0.22265625 0.9112903225806451 0.103515625 0.1774193548387097
0 0.33935546875 0.9435483870967742 0.029296875 0.03225806451612903
0 0.2236328125 0.6803519061583577 0.11328125 0.36070381231671556
0 0.24755859375 0.3709677419354839 0.1689453125 0.41935483870967744
0 0.298828125 0.06304985337243402 0.2744140625 0.12316715542521994
0 0.6533203125 0.42302052785923755 0.3037109375 0.4149560117302053
0 0.67138671875 0.1187683284457478 0.3173828125 0.2375366568914956
0 0.71728515625 0.8812316715542522 0.1279296875 0.2287390029325513