0 0.138671875 0.5813782991202346 0.232421875 0.32331378299120234
0 0.07958984375 0.8790322580645161 0.1396484375 0.1840175953079179
0 0.228515625 0.8900293255131965 0.1162109375 0.2060117302052786
0 0.29541015625 0.7302052785923754 0.16650390625 0.21994134897360704
0 0.423828125 0.5608504398826979 0.1640625 0.3035190615835777
0 0.34619140625 0.4252199413489736 0.1728515625 0.20234604105571846
0 0.82958984375 0.26099706744868034 0.2294921875 0.23607038123167157
0 0.85205078125 0.8123167155425219 0.25537109375 0.29178885630498536
0 0.68798828125 0.9046920821114369 0.1474609375 0.1906158357771261
0 0.6083984375 0.6869501466275659 0.1669921875 0.2221407624633431
0 0.443359375 0.8643695014662757 0.13671875 0.27126099706744866
0 0.5703125 0.39956011730205276 0.16064453125 0.2221407624633431
0 0.74658203125 0.4633431085043988 0.23193359375 0.23460410557184752
0 0.927734375 0.6158357771260997 0.14453125 0.17228739002932553
0 0.9375 0.4538123167155425 0.125 0.13049853372434017
0 0.638671875 0.20307917888563048 0.16162109375 0.20234604105571846
0 0.76025390625 0.07038123167155426 0.08740234375 0.09970674486803519
0 0.90380859375 0.06085043988269795 0.1806640625 0.11510263929618768
0 0.57763671875 0.9193548387096774 0.10546875 0.16055718475073313
0 0.33642578125 0.9288856304985337 0.0615234375 0.14222873900293256
0 0.97900390625 0.2631964809384164 0.0419921875 0.2624633431085044