0 0.59033203125 0.5168621700879765 0.2763671875 0.2434017595307918
0 0.48388671875 0.2932551319648094 0.185546875 0.218475073313783
0 0.28125 0.26832844574780057 0.1953125 0.25806451612903225
0 0.39990234375 0.0593841642228739 0.2080078125 0.1187683284457478
0 0.75244140625 0.08944281524926687 0.1611328125 0.17888563049853373
0 0.57470703125 0.08797653958944282 0.1708984375 0.17595307917888564
0 0.71484375 0.2939882697947214 0.236328125 0.19794721407624633
0 0.779296875 0.5403225806451613 0.107421875 0.29472140762463345
0 0.7451171875 0.8174486803519062 0.17578125 0.25806451612903225
0 0.7548828125 0.9706744868035191 0.154296875 0.05865102639296188
0 0.4365234375 0.8511730205278593 0.39453125 0.29765395894428154
0 0.3095703125 0.5659824046920822 0.275390625 0.2961876832844575