0 0.421875 0.5190615835777126 0.14111328125 0.20821114369501467
0 0.64990234375 0.5718475073313783 0.1435546875 0.2595307917888563
0 0.677629994140625 0.2369527551319648 0.7312173701171875 0.4893023695014662 0.738524744140625 0.47650205425219944 0.924862794921875 0.25158174633431085 0.8542249150390625 0.14003592961876832 0.759229046875 0.2424386158357771 0.677629994140625 0.2369527551319648
0 1 0.24792447653958946 0.7590155576171875 0.5080409325513197 0.7750616171875 0.6429064824046921 1 0.556961379765396 1 0.24792447653958946
0 1 0.5551327038123167 0.7827728671875 0.7273391774193548 1 0.8623409296187684 1 0.5551327038123167
0 0.419921875 0.8211143695014663 0.19873046875 0.35777126099706746
0 0.27490234375 0.967741935483871 0.1396484375 0.06451612903225806
0 0.09765625 0.908357771260997 0.1953125 0.18328445747800587
0 0.65673828125 0.8621700879765396 0.27490234375 0.2756598240469208
0 0.7978515625 0.908357771260997 0.220703125 0.18328445747800587
0 0.9599609375 0.9398826979472141 0.080078125 0.12023460410557185