0 0.267578125 0.46187683284457476 0.169921875 0.24780058651026393
0 0.06884765625 0.4706744868035191 0.1376953125 0.3152492668621701
0 0.0424323232421875 0 0.0987685478515625 0.09444159824046922 0.15596137109375 0.17419680351906158 0.21179254296875 0.2600870263929619 0.2621766123046875 0.19669179912023463 0.2948582255859375 0.12920662609970676 0.28804959765625 0.0351363211143695 0.2419364052734375 0 0.0424323232421875 0
0 0.04443359375 0.16715542521994134 0.0888671875 0.3343108504398827
0 0.9619140625 0.8819648093841642 0.076171875 0.20674486803519063
0 0.984375 0.5725806451612904 0.03125 0.14516129032258066
0 0.04345703125 0.8922287390029325 0.0859375 0.21407624633431085
0 0.04150390625 0.7111436950146628 0.08203125 0.17008797653958943
0 0.9560546875 0.6891495601173021 0.087890625 0.20381231671554254
0 0.9599609375 0.3225806451612903 0.080078125 0.2873900293255132
0 0.94287109375 0.5219941348973607 0.1142578125 0.1217008797653959
0 0.9580078125 0.08797653958944282 0.083984375 0.17595307917888564