0 0.91845703125 0.17521994134897362 0.1513671875 0.17888563049853373
0 0.78173828125 0.11730205278592376 0.1591796875 0.22434017595307917
0 0.72607421875 0.781524926686217 0.1767578125 0.2668621700879765
0 0.9560546875 0.3592375366568915 0.087890625 0.30791788856304986
0 0.6328125 0.5483870967741935 0.1904296875 0.2536656891495601
0 0.94677734375 0.6085043988269795 0.1064453125 0.21114369501466276
0 0.9443359375 0.04838709677419355 0.111328125 0.07624633431085044
0 0.9248046875 0.844574780058651 0.146484375 0.31085043988269795
0 0.90580666015625 0.35724376392961876 0.689911080078125 0.11950570234604105 0.62522679296875 0.17064150879765397 0.610646658203125 0.3438476700879765 0.701105125 0.45376761143695016 0.789408328125 0.6409909530791789 0.8322096083984375 0.634565413489736 0.90580666015625 0.35724376392961876
0 0.59814453125 0.22360703812316715 0.158203125 0.32404692082111436
0 0.4755859375 0.7287390029325513 0.134765625 0.21114369501466276
0 0.3310546875 0.8680351906158358 0.2783203125 0.2624633431085044
0 0.14208984375 0.8409090909090909 0.14453125 0.24193548387096775
0 0.21044921875 0.7096774193548387 0.1005859375 0.1598240469208211
0 0.431640625 0.4046920821114369 0.2099609375 0.30498533724340177
0 0.2001953125 0.5417888563049853 0.111328125 0.1627565982404692
0 0.08837890625 0.6972140762463344 0.169921875 0.21700879765395895
0 0.099609375 0.9435483870967742 0.150390625 0.0967741935483871
0 0.3359375 0.5975073313782991 0.1728515625 0.24193548387096775
0 0.69580078125 0.9208211143695014 0.1943359375 0.15835777126099707
0 0.52734375 0.9274193548387096 0.1015625 0.14516129032258066