0 0.57080078125 0.4039589442815249 0.189453125 0.21994134897360704
0 0.28604675 0.906498215542522 0.2175127705078125 0.8049800527859238 0.072943974609375 0.9514267404692082 0.0996111005859375 0.9895826950146628 0.1560005361328125 0.9910605601173021 0.28604675 0.906498215542522
0 0.1884765625 0.7653958944281525 0.1171875 0.15395894428152493
0 0.283203125 0.8328445747800587 0.0927734375 0.11730205278592376
0 0.67822265625 0.9457478005865103 0.1552734375 0.10850439882697947
0 0.92041015625 0.9494134897360704 0.1474609375 0.10117302052785923
0 0.91796875 0.4318181818181818 0.1640625 0.30058651026392963
0 0.091796875 0.6708211143695014 0.1337890625 0.09970674486803519
0 0.07763671875 0.5784457478005866 0.1552734375 0.12756598240469208
0 0.2578125 0.5777126099706745 0.111328125 0.12756598240469208
0 0.0458984375 0.9332844574780058 0.091796875 0.11290322580645161
0 0.072265625 0.8401759530791789 0.140625 0.15249266862170088
0 0.40380859375 0.9208211143695014 0.2412109375 0.15835777126099707
0 0.46044921875 0.8350439882697948 0.1171875 0.15835777126099707
0 0.78857421875 0.5256598240469208 0.2392578125 0.2727272727272727
0 0.58154296875 0.6781524926686217 0.2109375 0.26099706744868034
0 0.7529296875 0.7587976539589443 0.201171875 0.22434017595307917
0 0.91650390625 0.7661290322580645 0.1640625 0.2785923753665689
0 0.365234375 0.5498533724340176 0.1455078125 0.20821114369501467
0 0.7021484375 0.3035190615835777 0.1923828125 0.2126099706744868
0 0.0234375 0.8387096774193549 0.046875 0.2991202346041056
0 0.38134765625 0.7624633431085044 0.0859375 0.14516129032258066