0 0.51123046875 0.3724340175953079 0.1591796875 0.4090909090909091
0 0.3642578125 0.5293255131964809 0.142578125 0.27419354838709675
0 0.34814453125 0.8299120234604106 0.169921875 0.2873900293255132
0 0.1689453125 0.6532258064516129 0.162109375 0.3064516129032258
0 0.0732421875 0.7536656891495601 0.1318359375 0.49266862170087977
0 0.06005859375 0.22653958944281524 0.10546875 0.4413489736070381
0 0.20166015625 0.12903225806451613 0.17578125 0.24633431085043989
0 0.17822265625 0.3951612903225806 0.220703125 0.25219941348973607
0 0.365234375 0.18181818181818182 0.1298828125 0.36363636363636365
0 0.5263671875 0.08651026392961877 0.193359375 0.17302052785923755
0 0.7080078125 0.13709677419354838 0.1689453125 0.27419354838709675
0 0.85693359375 0.1217008797653959 0.134765625 0.2434017595307918
0 0.947265625 0.4743401759530792 0.103515625 0.2785923753665689
0 0.962890625 0.15469208211143695 0.068359375 0.30791788856304986
0 0.7529296875 0.5989736070381232 0.240234375 0.5835777126099707
0 0.54345703125 0.7881231671554252 0.1943359375 0.40762463343108507
0 0.9296875 0.7580645161290323 0.115234375 0.28152492668621704