0 0.669921875 0.7580645161290323 0.22265625 0.19648093841642228
0 0.60986328125 0.9325513196480938 0.17578125 0.1158357771260997
0 0.755859375 0.22653958944281524 0.15234375 0.3035190615835777
0 0.73876953125 0.45161290322580644 0.189453125 0.13636363636363635
0 0.73974609375 0.5953079178885631 0.189453125 0.11730205278592376
0 0.78271484375 0.8196480938416423 0.111328125 0.2668621700879765
0 0.76806640625 0.03225806451612903 0.1201171875 0.06451612903225806
0 0.51611328125 0.060117302052785926 0.2412109375 0.12023460410557185
0 0.39404296875 0.21407624633431085 0.193359375 0.24780058651026393
0 0.2763671875 0.40175953079178883 0.2216796875 0.2903225806451613
0 0.2861328125 0.12609970674486803 0.25 0.24633431085043989