0 0.04345703125 0.11143695014662756 0.08642578125 0.2060117302052786
0 0.09228515625 0.38929618768328444 0.18408203125 0.2785923753665689
0 0.10693359375 0.6678885630498533 0.2138671875 0.2602639296187683
0 0.0830078125 0.8841642228739003 0.1650390625 0.2316715542521994
0 0.2314453125 0.8848973607038123 0.15625 0.23020527859237536
0 0.53369140625 0.6730205278592375 0.23388671875 0.500733137829912
0 0.54541015625 0.2763929618768328 0.146484375 0.2932551319648094
0 0.41455078125 0.10117302052785923 0.16259765625 0.17375366568914957
0 0.37158203125 0.34457478005865105 0.1689453125 0.3152492668621701
0 0.16796875 0.156158357771261 0.12353515625 0.26173020527859236
0 0.365234375 0.6818181818181818 0.11181640625 0.3159824046920821