0 0.91455078125 0.43841642228739003 0.1708984375 0.33724340175953077
0 0.7333984375 0.4318181818181818 0.189453125 0.3592375366568915
0 0.59716796875 0.3782991202346041 0.1552734375 0.2829912023460411
0 0.3603515625 0.22580645161290322 0.27734375 0.45161290322580644
0 0.0908203125 0.28005865102639294 0.181640625 0.5425219941348973
0 0.0556640625 0.7976539589442815 0.109375 0.4046920821114369
0 0.21240234375 0.8225806451612904 0.2041015625 0.3548387096774194
0 0.416015625 0.843841642228739 0.2392578125 0.3020527859237537
0 0.6396484375 0.8365102639296188 0.240234375 0.32404692082111436
0 0.85595703125 0.8299120234604106 0.23046875 0.32697947214076245
0 0.978515625 0.8504398826979472 0.04296875 0.2756598240469208