0 0.4990234375 0.14809384164222875 0.06640625 0.25219941348973607
0 0.6240234375 0.16129032258064516 0.068359375 0.20381231671554254
0 0.8291015625 0.24266862170087977 0.2333984375 0.2565982404692082
0 0.9755859375 0.18035190615835778 0.048828125 0.27712609970674484
0 0.85888671875 0.06744868035190615 0.119140625 0.09237536656891496
0 0.7314453125 0.05498533724340176 0.10546875 0.10997067448680352
0 0.41796875 0.14809384164222875 0.05859375 0.25806451612903225
0 0.3037109375 0.4156891495601173 0.0791015625 0.3343108504398827
0 0.29248046875 0.12316715542521994 0.0751953125 0.2375366568914956
0 0.4091796875 0.9501466275659824 0.1484375 0.09970674486803519
0 0.21484375 0.43621700879765396 0.0546875 0.23460410557184752
0 0.10302734375 0.23460410557184752 0.2060546875 0.3489736070381232
0 0.13671875 0.8255131964809385 0.2734375 0.3489736070381232
0 0.0546875 0.6077712609970675 0.109375 0.1436950146627566