0 0.4375 0.6400293255131965 0.1181640625 0.17302052785923755
0 0.51904296875 0.18695014662756598 0.171875 0.20967741935483872
0 0.51904296875 0.04838709677419355 0.1787109375 0.0967741935483871
0 0.57861328125 0.5960410557184751 0.177734375 0.34017595307917886
0 0.43408203125 0.5227272727272727 0.08984375 0.17302052785923755
0 0.34765625 0.38563049853372433 0.10546875 0.19208211143695014
0 0.228515625 0.873900293255132 0.115234375 0.1656891495601173
0 0.19677734375 0.43255131964809385 0.064453125 0.2126099706744868
0 0.1748046875 0.09897360703812316 0.02734375 0.18035190615835778
0 0.52197265625 0.9105571847507331 0.3740234375 0.17888563049853373
0 0.44287109375 0.2785923753665689 0.1044921875 0.19941348973607037
0 0.59130859375 0.33357771260997066 0.0458984375 0.1158357771260997
0 0.54736328125 0.32991202346041054 0.126953125 0.18181818181818182
0 0.2392578125 0.717008797653959 0.142578125 0.23020527859237536
0 0.457898353515625 1 0.457417837890625 0.9586664941348975 0.2441089111328125 0.8996122624633431 0.239111123046875 1 0.457898353515625 1