0 0.89306640625 0.14589442815249268 0.16015625 0.18621700879765396
0 0.74609375 0.10337243401759531 0.16796875 0.20674486803519063
0 0.69482421875 0.8013196480938416 0.185546875 0.28152492668621704
0 0.94580078125 0.34310850439882695 0.1083984375 0.3255131964809384
0 0.59228515625 0.5542521994134897 0.201171875 0.2668621700879765
0 0.93603515625 0.6092375366568915 0.126953125 0.22287390029325513
0 0.93017578125 0.024926686217008796 0.1396484375 0.04985337243401759
0 0.916015625 0.8497067448680352 0.16796875 0.30058651026392963
0 0.8817661630859375 0.34181997947214077 0.647694171875 0.0933314017595308 0.57908686328125 0.149897784457478 0.5656345322265625 0.33575928299120233 0.6638370673828125 0.45091252639296187 0.760694443359375 0.6488952346041056 0.8064326904296875 0.6408143357771261 0.8817661630859375 0.34181997947214077
0 0.55078125 0.20747800586510265 0.1650390625 0.3416422287390029
0 0.42578125 0.7521994134897361 0.142578125 0.22287390029325513
0 0.27294921875 0.8841642228739003 0.294921875 0.2316715542521994
0 0.0732421875 0.8775659824046921 0.146484375 0.24486803519061584
0 0.1416015625 0.7382697947214076 0.10546875 0.16862170087976538
0 0.37451171875 0.40542521994134895 0.220703125 0.32111436950146627
0 0.12890625 0.5593841642228738 0.1171875 0.17155425219941348
0 0.05029296875 0.7287390029325513 0.1005859375 0.22727272727272727
0 0.052734375 0.9714076246334311 0.10546875 0.05718475073313783
0 0.2744140625 0.6151026392961877 0.181640625 0.25513196480938416
0 0.66455078125 0.9347507331378299 0.2060546875 0.13049853372434017
0 0.48388671875 0.9435483870967742 0.107421875 0.11143695014662756