0 0.296875 0.3020527859237537 0.21337890625 0.41715542521994137
0 0.32763671875 0.6502932551319648 0.18701171875 0.2250733137829912
0 0.1103515625 0.5953079178885631 0.20947265625 0.27419354838709675
0 0.09130859375 0.16348973607038123 0.177734375 0.3262463343108504
0 0.05224609375 0.32991202346041054 0.10400390625 0.15469208211143695
0 0.15234375 0.37976539589442815 0.0732421875 0.09530791788856305
0 0.62353515625 0.2089442815249267 0.18603515625 0.3181818181818182
0 0.47216796875 0.1495601173020528 0.11767578125 0.29765395894428154
0 0.6689453125 0.07111436950146628 0.2119140625 0.12976539589442815
0 0.85302734375 0.10997067448680352 0.1884765625 0.21334310850439883
0 0.97607421875 0.10483870967741936 0.04736328125 0.20967741935483872
0 0.89111328125 0.3086510263929619 0.21728515625 0.18914956011730205
0 0.9384765625 0.42302052785923755 0.123046875 0.15395894428152493
0 0.22314453125 0.04838709677419355 0.17138671875 0.09604105571847507
0 0.35791015625 0.04105571847507331 0.0830078125 0.07551319648093842