0 0.17529296875 0.12096774193548387 0.259765625 0.2316715542521994
0 0.33056640625 0.11803519061583578 0.1220703125 0.2287390029325513
0 0.45263671875 0.08211143695014662 0.1552734375 0.16422287390029325
0 0.564453125 0.10043988269794721 0.109375 0.20087976539589442
0 0.66357421875 0.06524926686217009 0.0966796875 0.13049853372434017
0 0.73193359375 0.09750733137829912 0.0966796875 0.13929618768328444
0 0.7744140625 0.03152492668621701 0.0859375 0.06304985337243402
0 0.89208984375 0.10263929618768329 0.1083984375 0.20527859237536658
0 0.9716796875 0.09824046920821114 0.048828125 0.19648093841642228
0 0.02197265625 0.1744868035190616 0.0439453125 0.31378299120234604
0 0.1162109375 0.34310850439882695 0.1083984375 0.19794721407624633
0 0.19580078125 0.29105571847507333 0.1171875 0.1495601173020528
0 0.3505859375 0.3225806451612903 0.1376953125 0.17595307917888564
0 0.4794921875 0.3277126099706745 0.1298828125 0.1906158357771261
0 0.58544921875 0.3027859237536657 0.083984375 0.14076246334310852
0 0.66552734375 0.23387096774193547 0.095703125 0.187683284457478
0 0.75244140625 0.25219941348973607 0.060546875 0.17302052785923755
0 0.9423828125 0.4046920821114369 0.115234375 0.33724340175953077
0 0.82958984375 0.30425219941348974 0.0673828125 0.18035190615835778
0 0.83935546875 0.5806451612903226 0.1552734375 0.3387096774193548
0 0.69384765625 0.5571847507331378 0.1630859375 0.3870967741935484
0 0.5126953125 0.5403225806451613 0.0712890625 0.14222873900293256
0 0.47314453125 0.8841642228739003 0.068359375 0.11290322580645161
0 0.50439453125 0.7785923753665689 0.0869140625 0.12903225806451613
0 0.52197265625 0.6722873900293255 0.0703125 0.08944281524926687
0 0.6298828125 0.8702346041055719 0.0693359375 0.09530791788856305
0 0.61474609375 0.7719941348973607 0.044921875 0.08064516129032258
0 0.90283203125 0.9384164222873901 0.1044921875 0.10557184750733138
0 0.97802734375 0.8548387096774194 0.0439453125 0.2668621700879765
0 0.958984375 0.6019061583577713 0.08203125 0.24193548387096775
0 0.24169921875 0.6121700879765396 0.09375 0.14222873900293256
0 0.39306640625 0.6173020527859238 0.134765625 0.14809384164222875
0 0.39453125 0.4912023460410557 0.10546875 0.10850439882697947
0 0.13037109375 0.8042521994134897 0.1865234375 0.24193548387096775
0 0.08984375 0.5557184750733137 0.103515625 0.17595307917888564
0 0.41064453125 0.7448680351906158 0.0732421875 0.08504398826979472
0 0.33447265625 0.9398826979472141 0.0908203125 0.12023460410557185
0 0.8681640625 0.843108504398827 0.1279296875 0.11143695014662756
0 0.8076171875 0.9545454545454546 0.076171875 0.07624633431085044
0 0.3037109375 0.7925219941348973 0.1259765625 0.15395894428152493
0 0.123046875 0.9787390029325513 0.171875 0.04252199413489736
0 0.0166015625 0.5051319648093842 0.033203125 0.20967741935483872
0 0.0234375 0.7631964809384164 0.04296875 0.20087976539589442