0 0.7119140625 0.27419354838709675 0.1455078125 0.22140762463343108
0 0.6630859375 0.041788856304985335 0.158203125 0.07917888563049853
0 0.4013671875 0.6766862170087976 0.140625 0.2565982404692082
0 0.36328125 0.4655425219941349 0.146484375 0.16715542521994134
0 0.333984375 0.3497067448680352 0.126953125 0.13049853372434017
0 0.490234375 0.20307917888563048 0.228515625 0.31671554252199413
0 0.52783203125 0.020527859237536656 0.0869140625 0.04105571847507331
0 0.1852930390625 0 0.3463001748046875 0.23653660850439884 0.42259128125 0.051739183284457486 0.3741269248046875 0 0.1852930390625 0
0 0.16123921875 0.9905008372434018 0.3622177783203125 0.9007857917888563 0.3438193876953125 0.7742201847507331 0.1634913759765625 0.7967726583577712 0.16123921875 0.9905008372434018
0 0.1635936953125 0.7879713093841643 0.3580331337890625 0.7406296304985337 0.3435435224609375 0.5817555630498534 0.1652148515625 0.6485210953079179 0.1635936953125 0.7879713093841643
0 0.169876900390625 0.24749657038123168 0.3182674521484375 0.26976499120234604 0.321262388671875 0.2283330073313783 0.172577650390625 0.015180966275659825 0.169876900390625 0.24749657038123168
0 0.168247390625 0.38766533137829917 0.1668630439453125 0.50674534457478 0.3373215849609375 0.46838226832844576 0.168247390625 0.38766533137829917
0 0.2490234375 0.5593841642228738 0.166015625 0.10850439882697947
0 0.24365234375 0.3313782991202346 0.1513671875 0.15835777126099707
0 0.33837890625 0.9406158357771262 0.1279296875 0.11290322580645161