0 0.38037109375 0.533724340175953 0.166015625 0.15689149560117302
0 0.50146484375 0.5403225806451613 0.080078125 0.17595307917888564
0 0.64111328125 0.4274193548387097 0.115234375 0.21700879765395895
0 0.42724609375 0.27346041055718473 0.201171875 0.3460410557184751
0 0.5986328125 0.0967741935483871 0.1533203125 0.1935483870967742
0 0.71240234375 0.1693548387096774 0.15234375 0.2595307917888563
0 0.89111328125 0.05278592375366569 0.2158203125 0.10557184750733138
0 0.9443359375 0.3980938416422287 0.111328125 0.19941348973607037
0 0.93896484375 0.14516129032258066 0.1220703125 0.2903225806451613
0 0.82421875 0.7126099706744868 0.140625 0.17888563049853373
0 0.74267578125 0.8394428152492669 0.1396484375 0.32111436950146627
0 0.9091796875 0.908357771260997 0.1796875 0.18328445747800587
0 0.93408203125 0.7536656891495601 0.1318359375 0.312316715542522
0 0.966796875 0.5667155425219942 0.06640625 0.12903225806451613
0 0.333984375 0.8321114369501467 0.220703125 0.3357771260997067
0 0.12646484375 0.7873900293255132 0.2529296875 0.4252199413489736
0 0.1201171875 0.35117302052785926 0.240234375 0.43255131964809385
0 0.58203125 0.8167155425219942 0.2138671875 0.36656891495601174
0 0.796875 0.5447214076246334 0.1650390625 0.1436950146627566