0 0.69921875 0.593108504398827 0.169921875 0.3196480938416422
0 0.94189453125 0.1774193548387097 0.1162109375 0.3548387096774194
0 0.7421875 0.23533724340175954 0.265625 0.46920821114369504
0 0.595703125 0.4039589442815249 0.23828125 0.30791788856304986
0 0.93798828125 0.6165689149560117 0.1240234375 0.5102639296187683
0 0.85546875 0.6957478005865103 0.15234375 0.3812316715542522
0 0.79248046875 0.8607038123167156 0.4150390625 0.2785923753665689
0 0.49853515625 0.875366568914956 0.1572265625 0.24926686217008798
0 0.06005859375 0.8731671554252199 0.1181640625 0.2536656891495601
0 0.26171875 0.719208211143695 0.291015625 0.5615835777126099
0 0.41015625 0.4274193548387097 0.193359375 0.5777126099706745
0 0.0634765625 0.5278592375366569 0.126953125 0.3255131964809384