0 0.71337890625 0.04325513196480939 0.2392578125 0.08651026392961877
0 0.7138671875 0.25146627565982405 0.23828125 0.2932551319648094
0 0.5634765625 0.12609970674486803 0.29296875 0.25219941348973607
0 0.4462890625 0.08944281524926687 0.322265625 0.17888563049853373
0 0.4931640625 0.40615835777126097 0.1953125 0.30791788856304986
0 0.7041015625 0.5799120234604106 0.2578125 0.26832844574780057
0 0.52587890625 0.7456011730205279 0.2216796875 0.2932551319648094
0 0.32568359375 0.8189149560117303 0.1875 0.23460410557184752
0 0.326171875 0.9648093841642229 0.318359375 0.07038123167155426
0 0.18310546875 0.9332844574780058 0.0322265625 0.13343108504398826
0 0.28466796875 0.47287390029325516 0.2353515625 0.7111436950146628
0 0.71875 0.8651026392961877 0.228515625 0.2697947214076246
0 0.5498046875 0.9552785923753666 0.109375 0.08944281524926687
0 0.70166015625 0.8665689149560117 0.2099609375 0.2668621700879765