0 0.24462890625 0.966275659824047 0.0615234375 0.06744868035190615
0 0.35791015625 0.9538123167155426 0.134765625 0.09164222873900293
0 0.53515625 0.9538123167155426 0.095703125 0.09164222873900293
0 0.451171875 0.9714076246334311 0.04638671875 0.05718475073313783
0 0.10107421875 0.1532258064516129 0.2021484375 0.29765395894428154
0 0.2509765625 0.13049853372434017 0.17724609375 0.26099706744868034
0 0.7734375 0.14149560117302054 0.18212890625 0.28225806451612906
0 0.87744140625 0.11950146627565983 0.13671875 0.1942815249266862
0 0.94482421875 0.7148093841642229 0.1103515625 0.26832844574780057
0 0.7783203125 0.6195014662756598 0.1259765625 0.16862170087976538
0 0.79345703125 0.7375366568914956 0.12158203125 0.18621700879765396
0 0.892578125 0.9362170087976539 0.21435546875 0.12683284457478006
0 0.71435546875 0.906891495601173 0.1904296875 0.18621700879765396
0 0.94189453125 0.36950146627565983 0.1162109375 0.2404692082111437
0 0.9609375 0.5212609970674487 0.078125 0.14516129032258066