0 0.37353515625 0.5674486803519062 0.12890625 0.20527859237536658
0 0.10986328125 0.44574780058651026 0.21875 0.375366568914956
0 0.12548828125 0.6840175953079178 0.16015625 0.21114369501466276
0 0.43359375 0.8189149560117303 0.21875 0.3621700879765396
0 0.5166015625 0.9017595307917888 0.123046875 0.19648093841642228
0 0.6875 0.9354838709677419 0.16796875 0.12903225806451613
0 0.2301660849609375 0.5747428973607038 0.32106690234375 0.49481794134897367 0.3976832314453125 0.4382857360703812 0.345739890625 0.31352481818181815 0.2106873466796875 0.3837028005865103 0.1068007841796875 0.44998206744868036 0.101606294921875 0.543552711143695 0.145758259765625 0.6039837228739003 0.2301660849609375 0.5747428973607038
0 0.1181640625 0.8958944281524927 0.234375 0.20821114369501467
0 0.333984375 0.6803519061583577 0.173828125 0.21407624633431085
0 0.17236328125 0.11290322580645161 0.248046875 0.21407624633431085
0 0.93798828125 0.7573313782991202 0.1240234375 0.1774193548387097
0 0.8447265625 0.5197947214076246 0.2373046875 0.3225806451612903
0 0.76513671875 0.093841642228739 0.1474609375 0.187683284457478
0 0.74072265625 0.3709677419354839 0.130859375 0.1935483870967742
0 0.8056640625 0.8379765395894428 0.16015625 0.32404692082111436
0 0.6337890625 0.7866568914956011 0.189453125 0.27419354838709675
0 0.67431640625 0.6341642228739003 0.162109375 0.21700879765395895
0 0.49365234375 0.05865102639296188 0.18359375 0.11730205278592376
0 0.6474609375 0.13636363636363635 0.203125 0.2727272727272727
0 0.392578125 0.1598240469208211 0.171875 0.28885630498533726
0 0.53515625 0.499266862170088 0.2412109375 0.218475073313783
0 0.57568359375 0.28519061583577715 0.19140625 0.2434017595307918
0 0.43603515625 0.3225806451612903 0.1591796875 0.21994134897360704
0 0.94287109375 0.9208211143695014 0.1142578125 0.15835777126099707