0 0.39892578125 0.24120234604105573 0.1689453125 0.24926686217008798
0 0.32861328125 0.2661290322580645 0.1357421875 0.2316715542521994
0 0.22705078125 0.2595307917888563 0.1171875 0.26392961876832843
0 0.61376953125 0.3555718475073314 0.2119140625 0.2756598240469208
0 0.63671875 0.13636363636363635 0.103515625 0.15835777126099707
0 0.5400390625 0.18914956011730205 0.111328125 0.19794721407624633
0 0.80615234375 0.19941348973607037 0.0625 0.20087976539589442
0 0.75341796875 0.18988269794721407 0.1083984375 0.23313782991202345
0 0.77783203125 0.38636363636363635 0.1162109375 0.26099706744868034
0 0.4638671875 0.06671554252199413 0.107421875 0.13343108504398826
0 0.80712890625 0.041788856304985335 0.0634765625 0.0689149560117302
0 0.26171875 0.041788856304985335 0.1796875 0.08357771260997067