0 0.06591796875 0.038856304985337244 0.1220703125 0.07771260997067449
0 0.02197265625 0.20527859237536658 0.0400390625 0.24193548387096775
0 0.4248046875 0.8651026392961877 0.171875 0.2697947214076246
0 0.48095703125 0.045454545454545456 0.2119140625 0.09090909090909091
0 0.98486328125 0.6524926686217009 0.0302734375 0.22140762463343108
0 0.92626953125 0.8629032258064516 0.140625 0.187683284457478
0 0.97998046875 0.37609970674486803 0.0400390625 0.22727272727272727
0 0.92138671875 0.20307917888563048 0.1572265625 0.1627565982404692
0 0.98193359375 0.08651026392961877 0.0361328125 0.1495601173020528
0 0.60888671875 0.8614369501466276 0.1533203125 0.27712609970674484
0 0.646484375 0.35777126099706746 0.2099609375 0.2287390029325513
0 0.587890625 0.1627565982404692 0.1513671875 0.1744868035190616
0 0.75 0.13049853372434017 0.2236328125 0.2536656891495601
0 0.8896484375 0.5073313782991202 0.119140625 0.17302052785923755
0 0.89794921875 0.35703812316715544 0.0908203125 0.1187683284457478
0 0.75830078125 0.35043988269794724 0.1318359375 0.187683284457478
0 0.76171875 0.9626099706744868 0.16015625 0.0747800586510264
0 0.70556640625 0.7529325513196481 0.1337890625 0.2155425219941349
0 0.67724609375 0.6143695014662757 0.208984375 0.1495601173020528
0 0.6953125 0.48900293255131966 0.052734375 0.10263929618768329
0 0.8642578125 0.6774193548387096 0.185546875 0.18035190615835778