0 0.63330078125 0.2250733137829912 0.1015625 0.12683284457478006
0 0.92529296875 0.08944281524926687 0.1494140625 0.17888563049853373
0 0.7509765625 0.08797653958944282 0.091796875 0.17595307917888564
0 0.34814453125 0.12609970674486803 0.0615234375 0.12243401759530792
0 0.2734375 0.14002932551319647 0.09228515625 0.1466275659824047
0 0.162109375 0.09750733137829912 0.119140625 0.19501466275659823
0 0.0380859375 0.07331378299120235 0.07080078125 0.14589442815249268
0 0.46337890625 0.12903225806451613 0.1220703125 0.25806451612903225
0 0.638671875 0.0718475073313783 0.09033203125 0.1436950146627566
0 0.810546875 0.9186217008797654 0.21337890625 0.1627565982404692
0 0.56640625 0.9816715542521994 0.07861328125 0.036656891495601175