0 0.2568359375 0.5285923753665689 0.1806640625 0.19941348973607037
0 0.21728515625 0.40175953079178883 0.103515625 0.12903225806451613
0 0.322265625 0.0718475073313783 0.150390625 0.13929618768328444
0 0.56298828125 0.12096774193548387 0.2080078125 0.24193548387096775
0 0.4169921875 0.15249266862170088 0.09765625 0.15835777126099707
0 0.62939453125 0.26466275659824046 0.107421875 0.18475073313782991
0 0.7802734375 0.3387096774193548 0.10546875 0.3724340175953079
0 0.75732421875 0.09604105571847507 0.1435546875 0.19208211143695014
0 0.7783203125 0.7910557184750733 0.119140625 0.24486803519061584
0 0.705078125 0.9274193548387096 0.265625 0.14222873900293256
0 0.80322265625 0.9530791788856305 0.0712890625 0.07917888563049853
0 0.31689453125 0.873900293255132 0.1982421875 0.25219941348973607
0 0.45703125 0.7360703812316716 0.25 0.31378299120234604
0 0.60107421875 0.5381231671554252 0.1904296875 0.39002932551319647
0 0.423828125 0.4083577712609971 0.2197265625 0.2668621700879765
0 0.20458984375 0.14589442815249268 0.0869140625 0.2785923753665689