0 0.24853515625 0.13929618768328444 0.0908203125 0.26832844574780057
0 0.41015625 0.6700879765395894 0.169921875 0.312316715542522
0 0.263671875 0.8401759530791789 0.1875 0.19648093841642228
0 0.2041015625 0.6092375366568915 0.076171875 0.43841642228739003
0 0.78076171875 0.4120234604105572 0.10546875 0.2844574780058651
0 0.58740234375 0.6004398826979472 0.177734375 0.34457478005865105
0 0.66455078125 0.4875366568914956 0.11328125 0.187683284457478
0 0.486328125 0.23900293255131966 0.0986328125 0.17888563049853373
0 0.39111328125 0.313049853372434 0.15234375 0.18035190615835778
0 0.23974609375 0.30425219941348974 0.15234375 0.18328445747800587
0 0.607421875 0.18035190615835778 0.123046875 0.2991202346041056