0 0.24755859375 0.3907624633431085 0.1865234375 0.26099706744868034
0 0.04931640625 0.050586510263929615 0.0986328125 0.10117302052785923
0 0.20849609375 0.09164222873900293 0.2080078125 0.18328445747800587
0 0.47265625 0.3020527859237537 0.1865234375 0.30058651026392963
0 0.5869140625 0.5872434017595308 0.21875 0.19941348973607037
0 0.5812368310546875 0.29748253372434014 0.6881438056640625 0.5184529912023461 0.797827412109375 0.5226222771260998 0.8714127578125 0.13488160850439881 0.77283619140625 0.08068126832844574 0.5812368310546875 0.29748253372434014
0 1 0.12782194281524928 0.8852966845703125 0.16198173167155425 0.8353142431640626 0.4850989868035191 1 0.4705537331378299 1 0.12782194281524928
0 0.849609375 0.4970674486803519 0.17578125 0.22140762463343108
0 0.47021484375 0.041788856304985335 0.189453125 0.08357771260997067
0 0.7900390625 0.07111436950146628 0.228515625 0.14222873900293256
0 0.5771484375 0.1092375366568915 0.14453125 0.21700879765395895