0 0.79931640625 0.9318181818181818 0.15380859375 0.13563049853372433
0 0.97900390625 0.9156891495601173 0.0419921875 0.09750733137829912
0 0.93505859375 0.7419354838709677 0.12939453125 0.375366568914956
0 0.8330078125 0.4112903225806452 0.23974609375 0.3057184750733138
0 0.26123046875 0.40249266862170086 0.20263671875 0.2763929618768328
0 0.0869140625 0.4714076246334311 0.173828125 0.29765395894428154
0 0.93701171875 0.15102639296187684 0.1259765625 0.26759530791788855
0 0.76220703125 0.12243401759530792 0.14501953125 0.24413489736070382
0 0.12744140625 0.2001466275659824 0.15185546875 0.17155425219941348
0 0.5545281474609375 0.30490918181818183 0.6278292431640625 0.0952198431085044 0.582312109375 0.048356703812316715 0.513386171875 0.2963408035190616 0.5545281474609375 0.30490918181818183
0 0.447265625 0.2470674486803519 0.06298828125 0.17082111436950145
0 0.388671875 0.1906158357771261 0.0703125 0.22287390029325513
0 0.24609375 0.15689149560117302 0.109375 0.15762463343108504
0 0.32861328125 0.10483870967741936 0.0986328125 0.13563049853372433
0 0.4921875 0.10557184750733138 0.072265625 0.15249266862170088