0 0.48388671875 0.6686217008797654 0.287109375 0.31378299120234604
0 0.50439453125 0.27052785923753664 0.24609375 0.4310850439882698
0 0.93359375 0.4090909090909091 0.1328125 0.312316715542522
0 0.90966796875 0.25146627565982405 0.1796875 0.30498533724340177
0 0.9443359375 0.7104105571847508 0.111328125 0.2873900293255132
0 0.896484375 0.9120234604105572 0.20703125 0.17595307917888564
0 0.474609375 0.9354838709677419 0.169921875 0.12903225806451613
0 0.51513671875 0.05205278592375367 0.267578125 0.10410557184750734
0 0.95654296875 0.06671554252199413 0.0869140625 0.13343108504398826
0 0.80615234375 0.05205278592375367 0.203125 0.10410557184750734
0 0.6806640625 0.9120234604105572 0.126953125 0.17595307917888564