0 0.8955078125 0.41642228739002934 0.208984375 0.39589442815249265
0 0.8837890625 0.8167155425219942 0.232421875 0.3343108504398827
0 0.69384765625 0.3343108504398827 0.1943359375 0.26832844574780057
0 0.58349609375 0.8123167155425219 0.2001953125 0.3460410557184751
0 0.720703125 0.8460410557184751 0.1943359375 0.30058651026392963
0 0.7724609375 0.1810850439882698 0.2001953125 0.3592375366568915
0 0.4853515625 0.29765395894428154 0.1953125 0.31671554252199413
0 0.39453125 0.0689149560117302 0.248046875 0.1378299120234604
0 0.17333984375 0.4912023460410557 0.23828125 0.3357771260997067
0 0.404296875 0.5953079178885631 0.16796875 0.34310850439882695
0 0.2763671875 0.8313782991202346 0.23828125 0.33724340175953077
0 0.09765625 0.7976539589442815 0.1455078125 0.27419354838709675
0 0.3115234375 0.2404692082111437 0.21484375 0.32697947214076245
0 0.10498046875 0.20087976539589442 0.2099609375 0.3870967741935484