0 0.24169921875 0.13343108504398826 0.1435546875 0.2668621700879765
0 0.240234375 0.3093841642228739 0.14453125 0.19941348973607037
0 0.21484375 0.5102639296187683 0.0986328125 0.2536656891495601
0 0.2265625 0.6935483870967742 0.1259765625 0.17888563049853373
0 0.20068359375 0.8548387096774194 0.078125 0.15542521994134897
0 0.21533203125 0.9406158357771262 0.0986328125 0.10703812316715543
0 0.39208984375 0.02346041055718475 0.1416015625 0.0469208211143695
0 0.35498046875 0.09237536656891496 0.1083984375 0.18475073313782991
0 0.37841796875 0.34310850439882695 0.1279296875 0.22580645161290322
0 0.3818359375 0.5535190615835777 0.138671875 0.21114369501466276
0 0.3642578125 0.7265395894428153 0.103515625 0.13636363636363635
0 0.31396484375 0.8570381231671554 0.13671875 0.15542521994134897
0 0.328125 0.9736070381231672 0.125 0.0469208211143695
0 0.54833984375 0.8848973607038123 0.2802734375 0.23020527859237536
0 0.53564453125 0.6077712609970675 0.103515625 0.11730205278592376
0 0.78515625 0.5432551319648093 0.0810546875 0.11143695014662756
0 0.708984375 0.593841642228739 0.09375 0.1436950146627566
0 0.6318359375 0.6231671554252199 0.0654296875 0.1158357771260997
0 0.77587890625 0.7991202346041055 0.068359375 0.11290322580645161
0 0.7041015625 0.7734604105571847 0.0576171875 0.07331378299120235
0 0.58837890625 0.16495601173020527 0.103515625 0.15395894428152493
0 0.591796875 0.4120234604105572 0.1083984375 0.21994134897360704
0 0.50048828125 0.4149560117302053 0.0791015625 0.17155425219941348
0 0.72607421875 0.0689149560117302 0.173828125 0.13049853372434017
0 0.68408203125 0.4413489736070381 0.0615234375 0.1187683284457478
0 0.80908203125 0.31671554252199413 0.0537109375 0.14809384164222875
0 0.71923828125 0.2668621700879765 0.111328125 0.20527859237536658