0 0.05322265625 0.12023460410557185 0.1064453125 0.21994134897360704
0 0.94580078125 0.843108504398827 0.1083984375 0.2932551319648094
0 0.82861328125 0.8379765395894428 0.150390625 0.31085043988269795
0 0.6826171875 0.8782991202346041 0.1591796875 0.23900293255131966
0 0.8916015625 0.5527859237536656 0.216796875 0.2756598240469208
0 0.9404296875 0.31451612903225806 0.1181640625 0.23460410557184752
0 0.96240234375 0.1158357771260997 0.0693359375 0.2316715542521994
0 0.505859375 0.751466275659824 0.2138671875 0.39296187683284456
0 0.78564453125 0.032991202346041054 0.1416015625 0.06598240469208211
0 0.65771484375 0.12903225806451613 0.2041015625 0.25806451612903225
0 0.86962890625 0.10410557184750734 0.1533203125 0.20821114369501467
0 0.8369140625 0.32111436950146627 0.1787109375 0.23900293255131966
0 0.65234375 0.5425219941348973 0.158203125 0.20674486803519063
0 0.67529296875 0.717008797653959 0.16015625 0.1627565982404692
0 0.47607421875 0.49560117302052786 0.2783203125 0.24780058651026393
0 0.5615234375 0.3343108504398827 0.146484375 0.18328445747800587
0 0.74072265625 0.34824046920821117 0.2451171875 0.2756598240469208
0 0.322265625 0.8892961876832844 0.22265625 0.22140762463343108
0 0.48095703125 0.9384164222873901 0.1123046875 0.12316715542521994
0 0.04443359375 0.8328445747800587 0.083984375 0.218475073313783