0 0.67041015625 0.34310850439882695 0.15869140625 0.24193548387096775
0 0.6533203125 0.24120234604105573 0.14892578125 0.1942815249266862
0 0.65576171875 0.08797653958944282 0.1689453125 0.17595307917888564
0 0.60009765625 0.6598240469208211 0.17578125 0.30498533724340177
0 0.7431640625 0.6891495601173021 0.1015625 0.14736070381231672
0 0.70654296875 0.5491202346041055 0.12646484375 0.1598240469208211
0 0.705078125 0.9472140762463344 0.1298828125 0.10557184750733138
0 0.7099609375 0.8607038123167156 0.1494140625 0.15469208211143695
0 0.5830078125 0.9046920821114369 0.1669921875 0.1744868035190616
0 0.8046875 0.43621700879765396 0.12451171875 0.15395894428152493
0 0.953125 0.5161290322580645 0.09375 0.21994134897360704
0 0.93408203125 0.7998533724340176 0.13134765625 0.2661290322580645
0 0.87841796875 0.9457478005865103 0.1875 0.10850439882697947
0 0.95166015625 0.19794721407624633 0.0966796875 0.39589442815249265
0 0.861328125 0.1348973607038123 0.1787109375 0.2697947214076246