0 0.40771484375 0.3262463343108504 0.2333984375 0.3973607038123167
0 0.37890625 0.06158357771260997 0.103515625 0.12316715542521994
0 0.36865234375 0.9464809384164223 0.1298828125 0.10263929618768329
0 0.2431640625 0.9024926686217009 0.078125 0.18328445747800587
0 0.19287109375 0.9134897360703812 0.0634765625 0.15249266862170088
0 0.2900390625 0.7199413489736071 0.1455078125 0.3284457478005865
0 0.197265625 0.7045454545454546 0.0673828125 0.20967741935483872
0 0.24658203125 0.44208211143695014 0.109375 0.15249266862170088
0 0.380859375 0.7280058651026393 0.1513671875 0.09237536656891496
0 0.38916015625 0.6370967741935484 0.1455078125 0.08211143695014662
0 0.23828125 0.22653958944281524 0.1396484375 0.22434017595307917
0 0.2451171875 0.056451612903225805 0.146484375 0.11290322580645161