0 0.017578125 0.35117302052785926 0.03515625 0.23313782991202345
0 0.06494140625 0.12609970674486803 0.12890625 0.20234604105571846
0 0.1640625 0.022727272727272728 0.0703125 0.04398826979472141
0 0.2666015625 0.012463343108504398 0.05078125 0.02346041055718475
0 0.8623046875 0.4802052785923754 0.0712890625 0.1217008797653959
0 0.9541015625 0.48826979472140764 0.091796875 0.18035190615835778
0 0.91455078125 0.3350439882697947 0.109375 0.1627565982404692
0 0.9794921875 0.3453079178885631 0.041015625 0.0967741935483871
0 0.88623046875 0.1348973607038123 0.068359375 0.0967741935483871
0 0.8798828125 0.2155425219941349 0.06640625 0.08944281524926687
0 0.95751953125 0.2126099706744868 0.083984375 0.1466275659824047
0 0.96728515625 0.06818181818181818 0.0654296875 0.13636363636363635
0 0.9599609375 0.9736070381231672 0.080078125 0.05278592375366569
0 0.9736328125 0.7925219941348973 0.052734375 0.1906158357771261
0 0.9921875 0.6686217008797654 0.015625 0.051319648093841645
0 0.9521484375 0.8980938416422287 0.0498046875 0.07038123167155426
0 0.8330078125 0.8621700879765396 0.056640625 0.08944281524926687
0 0.7822265625 0.6796187683284457 0.0634765625 0.11436950146627566
0 0.65478515625 0.5065982404692082 0.091796875 0.1217008797653959
0 0.86865234375 0.6370967741935484 0.1123046875 0.15542521994134897
0 0.89453125 0.7646627565982405 0.083984375 0.10850439882697947
0 0.878588765625 1 0.922247458984375 0.9954551539589442 0.945779580078125 0.9420903739002933 0.8936397548828126 0.9199128284457477 0.8484211845703125 0.916447573313783 0.83411733203125 0.9878316041055718 0.8746243525390625 1 0.878588765625 1
0 0.59228515625 0.38636363636363635 0.0439453125 0.12023460410557185
0 0.544921875 0.34310850439882695 0.0625 0.12609970674486803
0 0.52197265625 0.5791788856304986 0.0576171875 0.10263929618768329
0 0.67578125 0.655425219941349 0.072265625 0.13636363636363635
0 0.60498046875 0.6722873900293255 0.060546875 0.11730205278592376
0 0.69384765625 0.906891495601173 0.130859375 0.13636363636363635
0 0.76611328125 0.9626099706744868 0.0732421875 0.0747800586510264
0 0.4228515625 0.9164222873900293 0.177734375 0.16715542521994134
0 0.55322265625 0.9479472140762464 0.0947265625 0.10410557184750734
0 0.66162109375 0.7785923753665689 0.1630859375 0.12609970674486803
0 0.478515625 0.7866568914956011 0.099609375 0.12463343108504399
0 0.73388671875 0.501466275659824 0.109375 0.15249266862170088
0 0.81884765625 0.34017595307917886 0.091796875 0.09970674486803519
0 0.4453125 0.10557184750733138 0.1875 0.21114369501466276
0 0.16455078125 0.36436950146627567 0.001953125 0.013196480938416423
0 0.6767578125 0.37023460410557185 0.103515625 0.12903225806451613
0 0.845703125 0.04032258064516129 0.099609375 0.08064516129032258
0 0.7939453125 0.2089442815249267 0.11328125 0.16422287390029325
0 0.7197265625 0.17961876832844575 0.14453125 0.21114369501466276