0 0.2041015625 0.6898826979472141 0.1455078125 0.22287390029325513
0 0.42431640625 0.6451612903225806 0.1494140625 0.27126099706744866
0 0.6923828125 0.7668621700879765 0.3056640625 0.40615835777126097
0 0.8994140625 0.8607038123167156 0.1953125 0.2785923753665689
0 0.9365234375 0.6092375366568915 0.126953125 0.15542521994134897
0 0.806640625 0.36363636363636365 0.23828125 0.3870967741935484
0 0.5712890625 0.38563049853372433 0.134765625 0.3196480938416422
0 0.392578125 0.25806451612903225 0.384765625 0.5161290322580645
0 0.13232421875 0.28225806451612906 0.2197265625 0.5645161290322581
0 0.07373046875 0.07844574780058651 0.1396484375 0.15689149560117302
0 0.7958984375 0.24853372434017595 0.408203125 0.4912023460410557