0 0.28564453125 0.4633431085043988 0.125 0.22580645161290322
0 0.6484375 0.7338709677419355 0.16015625 0.24486803519061584
0 0.54736328125 0.2536656891495601 0.11328125 0.15102639296187684
0 0.6943359375 0.30425219941348974 0.1806640625 0.34310850439882695
0 0.56103515625 0.38636363636363635 0.107421875 0.16715542521994134
0 0.62109375 0.6195014662756598 0.1484375 0.20087976539589442
0 0.63330078125 0.5183284457478006 0.07421875 0.09090909090909091
0 0.630859375 0.907624633431085 0.173828125 0.18475073313782991
0 0.556640625 0.906891495601173 0.1328125 0.18621700879765396
0 0.23681640625 0.6678885630498533 0.1396484375 0.218475073313783
0 0.2490234375 0.9618768328445748 0.15625 0.07624633431085044
0 0.3671875 0.8995601173020528 0.083984375 0.17302052785923755
0 0.61767578125 0.053519061583577714 0.1474609375 0.10703812316715543
0 0.75390625 0.047653958944281524 0.08984375 0.09530791788856305
0 0.1669921875 0 0.1669921875 0.07341257038123168 0.405386251953125 0.055275268328445745 0.407431892578125 0 0.1669921875 0
0 0.1962890625 0.13856304985337242 0.05859375 0.10997067448680352