0 0.68115234375 0.26466275659824046 0.123046875 0.32038123167155425
0 0.79296875 0.3548387096774194 0.072265625 0.25439882697947214
0 0.89453125 0.5043988269794721 0.08544921875 0.19648093841642228
0 0.96435546875 0.375366568914956 0.0712890625 0.26173020527859236
0 0.9130859375 0.19281524926686217 0.173828125 0.38049853372434017
0 0.33984375 0.12390029325513197 0.1923828125 0.23020527859237536
0 0.4853515625 0.15395894428152493 0.08544921875 0.2844574780058651
0 0.57763671875 0.16055718475073313 0.07275390625 0.2756598240469208
0 0.72314453125 0.09237536656891496 0.17041015625 0.1781524926686217
0 0.15625 0.10043988269794721 0.15869140625 0.1935483870967742
0 0.07763671875 0.2001466275659824 0.13232421875 0.23020527859237536
0 0.0380859375 0.05865102639296188 0.06787109375 0.10557184750733138
0 0.0478515625 0.6671554252199413 0.080078125 0.6649560117302052
0 0.1845703125 0.47653958944281527 0.16357421875 0.3489736070381232
0 0.3251953125 0.656891495601173 0.15673828125 0.27712609970674484
0 0.44482421875 0.8313782991202346 0.18359375 0.3189149560117302
0 0.22412109375 0.8167155425219942 0.24267578125 0.36656891495601174