0 0.4052734375 0.5953079178885631 0.181640625 0.21114369501466276
0 0.97705078125 0.5777126099706745 0.044921875 0.187683284457478
0 0.819921064453125 0 0.677444916015625 0.09711258064516129 0.745499974609375 0.19446087536656892 0.8849662470703125 0.04780140909090909 0.8503683349609376 0 0.819921064453125 0
0 0.7744140625 0.23240469208211142 0.11328125 0.1466275659824047
0 0.68115234375 0.16862170087976538 0.0888671875 0.11143695014662756
0 0.29345703125 0.0593841642228739 0.1513671875 0.1187683284457478
0 0.064453125 0.0593841642228739 0.12890625 0.1187683284457478
0 0.072265625 0.5762463343108505 0.14453125 0.2903225806451613
0 0.86962890625 0.3218475073313783 0.1298828125 0.09530791788856305
0 0.8935546875 0.4120234604105572 0.169921875 0.12023460410557185
0 0.708984375 0.41715542521994137 0.107421875 0.12023460410557185
0 0.9296875 0.0593841642228739 0.125 0.1187683284457478
0 0.88671875 0.15689149560117302 0.134765625 0.1466275659824047
0 0.56201171875 0.07991202346041056 0.2333984375 0.1598240469208211
0 0.5078125 0.17155425219941348 0.11328125 0.15249266862170088
0 0.19091796875 0.48167155425219943 0.23046875 0.2595307917888563
0 0.3916015625 0.3277126099706745 0.203125 0.24780058651026393
0 0.2236328125 0.2536656891495601 0.193359375 0.2126099706744868
0 0.0712890625 0.250733137829912 0.142578125 0.2668621700879765
0 0.6044921875 0.4472140762463343 0.140625 0.19941348973607037
0 0.27783203125 0.6957478005865103 0.185546875 0.20381231671554254
0 0.95703125 0.15102639296187684 0.0859375 0.3020527859237537
0 0.5859375 0.23973607038123168 0.08203125 0.14076246334310852