0 0.52392578125 0.7888563049853372 0.26171875 0.3870967741935484
0 0.5546875 0.5637829912023461 0.193359375 0.250733137829912
0 0.564453125 0.24486803519061584 0.23046875 0.32991202346041054
0 0.39111328125 0.3614369501466276 0.1064453125 0.17888563049853373
0 0.392578125 0.20161290322580644 0.091796875 0.15249266862170088
0 0.47802734375 0.06085043988269795 0.115234375 0.1217008797653959
0 0.63818359375 0.10703812316715543 0.1953125 0.20234604105571846
0 0.232421875 0.6847507331378299 0.2802734375 0.35777126099706746
0 0.2509765625 0.9112903225806451 0.2109375 0.17595307917888564
0 0.18017578125 0.3321114369501466 0.2607421875 0.2844574780058651
0 0.36767578125 0.06378299120234604 0.1142578125 0.12609970674486803
0 0.23876953125 0.08797653958944282 0.1767578125 0.17595307917888564
0 0.0888671875 0.09090909090909091 0.177734375 0.18181818181818182
0 0.06298828125 0.8291788856304986 0.1259765625 0.3416422287390029
0 0.06201171875 0.5681818181818182 0.1240234375 0.17008797653958943
0 0.03955078125 0.33357771260997066 0.0791015625 0.29472140762463345