0 0.76025390625 0.5835777126099707 0.1669921875 0.23313782991202345
0 0.947265625 0.9090909090909091 0.10546875 0.15835777126099707
0 0.79833984375 0.8775659824046921 0.1845703125 0.23313782991202345
0 0.56396484375 0.6664222873900293 0.1669921875 0.26832844574780057
0 0.4609375 0.4186217008797654 0.1943359375 0.18035190615835778
0 0.468933896484375 0.6724565263929618 0.37291708984375 0.4811096920821114 0.2766755439453125 0.4799741832844575 0.216090275390625 0.8217372170087978 0.3031004111328125 0.8670082390029326 0.468933896484375 0.6724565263929618
0 0 0.47284547067448685 0.002644833984375 0.7340573914956011 0.16073793359375 0.4610659120234604 0 0.4142582697947214 0 0.47284547067448685
0 0.0787413671875 0.5327130806451613 0.0307400322265625 0.7400378225806452 0.05680407421875 0.846029737536657 0.203636931640625 0.7982879384164223 0.244179958984375 0.5137460146627566 0.0787413671875 0.5327130806451613
0 0.2314453125 0.5036656891495601 0.15625 0.19941348973607037
0 0.04248046875 0.844574780058651 0.0791015625 0.13636363636363635
0 0.5693359375 0.9274193548387096 0.16796875 0.14516129032258066
0 0.28857421875 0.905425219941349 0.2021484375 0.18914956011730205
0 0.078125 0.9303519061583577 0.1484375 0.13929618768328444
0 0.474609375 0.8489736070381232 0.1298828125 0.21700879765395895