0 0.65087890625 0.9325513196480938 0.1826171875 0.1348973607038123
0 0.5419921875 0.7954545454545454 0.1748046875 0.3152492668621701
0 0.75830078125 0.8247800586510264 0.1455078125 0.35043988269794724
0 0.63671875 0.6920821114369502 0.1708984375 0.2624633431085044
0 0.19189453125 0.7441348973607038 0.05859375 0.26832844574780057
0 0.396484375 0.8995601173020528 0.3828125 0.20087976539589442
0 0.4697265625 0.8636363636363636 0.13671875 0.2727272727272727
0 0.40869140625 0.591642228739003 0.1171875 0.19941348973607037
0 0.31494140625 0.6502932551319648 0.0771484375 0.1627565982404692
0 0.2685546875 0.38929618768328444 0.205078125 0.43841642228739003
0 0.18017578125 0.4714076246334311 0.0283203125 0.24633431085043989