0 0.33935546875 0.45527859237536655 0.181640625 0.1744868035190616
0 0.47021484375 0.45234604105571846 0.087890625 0.19208211143695014
0 0.61962890625 0.5777126099706745 0.1279296875 0.2375366568914956
0 0.38671875 0.7382697947214076 0.220703125 0.37976539589442815
0 0.5693359375 0.9134897360703812 0.16796875 0.17302052785923755
0 0.693359375 0.8585043988269795 0.1669921875 0.2829912023460411
0 0.88134765625 0.9648093841642229 0.2275390625 0.07038123167155426
0 0.94287109375 0.6173020527859238 0.1142578125 0.21700879765395895
0 0.93359375 0.8665689149560117 0.126953125 0.2668621700879765
0 0.82080078125 0.27419354838709675 0.154296875 0.19794721407624633
0 0.7333984375 0.15762463343108504 0.154296875 0.30791788856304986
0 0.908203125 0.08797653958944282 0.18359375 0.15835777126099707
0 0.93310546875 0.23313782991202345 0.1337890625 0.34017595307917886
0 0.96826171875 0.43621700879765396 0.0634765625 0.13929618768328444
0 0.29296875 0.15835777126099707 0.2421875 0.31671554252199413
0 0.10400390625 0.20381231671554254 0.2060546875 0.40762463343108507
0 0.09423828125 0.6451612903225806 0.1884765625 0.47214076246334313
0 0.560546875 0.1781524926686217 0.234375 0.3563049853372434
0 0.78955078125 0.45527859237536655 0.1796875 0.1598240469208211