0 0.59765625 0.7096774193548387 0.1640625 0.250733137829912
0 0.552734375 0.9193548387096774 0.25732421875 0.16055718475073313
0 0.36865234375 0.9266862170087976 0.12255859375 0.1466275659824047
0 0.18603515625 0.8291788856304986 0.236328125 0.3416422287390029
0 0.044921875 0.783724340175953 0.0712890625 0.4318181818181818
0 0.1142578125 0.500733137829912 0.18408203125 0.2221407624633431
0 0.4931640625 0.49266862170087977 0.22509765625 0.25
0 0.7109375 0.34310850439882695 0.30322265625 0.6158357771260997
0 0.93310546875 0.23387096774193547 0.13330078125 0.41715542521994137
0 0.90576171875 0.4868035190615836 0.18798828125 0.2763929618768328
0 0.89013671875 0.7060117302052786 0.21923828125 0.21041055718475074
0 0.87646484375 0.8812316715542522 0.24658203125 0.2375366568914956
0 0.72216796875 0.8585043988269795 0.07666015625 0.2785923753665689
0 0.3359375 0.5095307917888563 0.18505859375 0.4809384164222874