0 0.92333984375 0.9090909090909091 0.1533203125 0.16422287390029325
0 0.83251953125 0.7521994134897361 0.2568359375 0.4222873900293255
0 0.9404296875 0.5608504398826979 0.1083984375 0.4750733137829912
0 0.919921875 0.15542521994134897 0.140625 0.31085043988269795
0 0.59423828125 0.8826979472140762 0.2490234375 0.23313782991202345
0 0.3671875 0.9046920821114369 0.205078125 0.1906158357771261
0 0.19677734375 0.873900293255132 0.1259765625 0.25219941348973607
0 0.06787109375 0.9002932551319648 0.1279296875 0.19941348973607037
0 0.43115234375 0.6862170087976539 0.1796875 0.20234604105571846
0 0.2685546875 0.5535190615835777 0.26171875 0.3812316715542522
0 0.06884765625 0.5696480938416423 0.1376953125 0.3709677419354839
0 0.13916015625 0.1781524926686217 0.2783203125 0.34457478005865105