0 0.24755859375 0.8819648093841642 0.0869140625 0.22434017595307917
0 0.40185546875 0.3878299120234604 0.1640625 0.30058651026392963
0 0.26025390625 0.22727272727272727 0.1826171875 0.187683284457478
0 0.20263671875 0.4479472140762463 0.0751953125 0.4208211143695015
0 0.76953125 0.6363636363636364 0.1259765625 0.2727272727272727
0 0.57177734375 0.4560117302052786 0.169921875 0.3313782991202346
0 0.6455078125 0.5637829912023461 0.109375 0.18035190615835778
0 0.474609375 0.8020527859237536 0.0947265625 0.17155425219941348
0 0.3828125 0.7316715542521994 0.146484375 0.17302052785923755
0 0.23681640625 0.7397360703812317 0.1474609375 0.17595307917888564
0 0.5908203125 0.8570381231671554 0.1171875 0.2859237536656892