0 0.078125 0.08211143695014662 0.15625 0.16422287390029325
0 0.169921875 0.24266862170087977 0.25146484375 0.41275659824046923
0 0.060546875 0.42961876832844575 0.10205078125 0.46920821114369504
0 0.07568359375 0.8401759530791789 0.1357421875 0.3196480938416422
0 0.408203125 0.1187683284457478 0.24560546875 0.22580645161290322
0 0.634765625 0.09750733137829912 0.20166015625 0.1942815249266862
0 0.80322265625 0.13269794721407624 0.1220703125 0.2595307917888563
0 0.93505859375 0.10703812316715543 0.1298828125 0.21407624633431085
0 0.56787109375 0.3181818181818182 0.17724609375 0.19648093841642228
0 0.728515625 0.45454545454545453 0.2568359375 0.3709677419354839
0 0.9306640625 0.4442815249266862 0.138671875 0.3658357771260997
0 0.8583984375 0.8321114369501467 0.283203125 0.3357771260997067