0 0.8994140625 0.16862170087976538 0.201171875 0.33724340175953077
0 0.693359375 0.16715542521994134 0.189453125 0.3343108504398827
0 0.79150390625 0.3782991202346041 0.1982421875 0.4252199413489736
0 0.86962890625 0.5498533724340176 0.259765625 0.46920821114369504
0 0.5927734375 0.48167155425219943 0.19921875 0.2844574780058651
0 0.48046875 0.18181818181818182 0.173828125 0.36363636363636365
0 0.3740234375 0.4340175953079179 0.189453125 0.3225806451612903
0 0.32666015625 0.7258064516129032 0.150390625 0.2727272727272727
0 0.12744140625 0.7463343108504399 0.2548828125 0.5073313782991202
0 0.07373046875 0.5850439882697948 0.146484375 0.2727272727272727
0 0.24072265625 0.9545454545454546 0.1123046875 0.09090909090909091
0 0.5498046875 0.8071847507331378 0.4599609375 0.3841642228739003
0 0.19189453125 0.1598240469208211 0.3837890625 0.3196480938416422
0 0.1337890625 0.39956011730205276 0.267578125 0.15835777126099707
0 0.28076171875 0.1781524926686217 0.201171875 0.30498533724340177
0 0.080078125 0.16642228739002932 0.16015625 0.31671554252199413