0 0.3203125 0.0689149560117302 0.12060546875 0.1378299120234604
0 0.22265625 0.2697947214076246 0.15478515625 0.24120234604105573
0 0.388671875 0.4318181818181818 0.1630859375 0.29472140762463345
0 0.11083984375 0.9288856304985337 0.2138671875 0.14222873900293256
0 0.2294921875 0.9413489736070382 0.1484375 0.11730205278592376
0 0.05810546875 0.7749266862170088 0.11572265625 0.2126099706744868
0 0.197265625 0.593841642228739 0.30126953125 0.43621700879765396
0 0.19189453125 0.4963343108504399 0.28271484375 0.24780058651026393
0 0.1953125 0.7155425219941349 0.3310546875 0.2126099706744868
0 0.3115234375 0.8218475073313783 0.15673828125 0.16788856304985336
0 0.95703125 0.5146627565982405 0.0859375 0.18328445747800587
0 0.958984375 0.7969208211143695 0.08203125 0.3533724340175953
0 0.9267578125 0.20674486803519063 0.14599609375 0.4002932551319648
0 0.0703125 0.18988269794721407 0.140625 0.3790322580645161
0 0.04248046875 0.5601173020527859 0.08447265625 0.2749266862170088