0 0.51318359375 0.05718475073313783 0.2744140625 0.11436950146627566
0 0.68701171875 0.12463343108504399 0.3037109375 0.24633431085043989
0 0.5791015625 0.2690615835777126 0.21875 0.3152492668621701
0 0.2900390625 0.093841642228739 0.23828125 0.187683284457478
0 0.279296875 0.19574780058651026 0.220703125 0.25513196480938416
0 0.2685546875 0.40175953079178883 0.203125 0.19648093841642228
0 0.24462890625 0.593841642228739 0.16015625 0.23607038123167157
0 0.42041015625 0.43548387096774194 0.1259765625 0.23460410557184752
0 0.61474609375 0.5755131964809385 0.2041015625 0.2287390029325513
0 0.77099609375 0.6979472140762464 0.123046875 0.375366568914956
0 0.76416015625 0.36950146627565983 0.1435546875 0.23900293255131966
0 0.400390625 0.7023460410557185 0.1474609375 0.2595307917888563
0 0.2568359375 0.874633431085044 0.19140625 0.24193548387096775
0 0.46630859375 0.9200879765395894 0.2509765625 0.1598240469208211
0 0.6142578125 0.8453079178885631 0.2216796875 0.2844574780058651
0 0.71435546875 0.9589442815249267 0.2255859375 0.08211143695014662