0 0.07177734375 0.08504398826979472 0.1435546875 0.17008797653958943
0 0.158203125 0.2529325513196481 0.263671875 0.4340175953079179
0 0.04833984375 0.44941348973607037 0.0966796875 0.49266862170087977
0 0.06494140625 0.8555718475073314 0.1298828125 0.28885630498533726
0 0.40771484375 0.12316715542521994 0.2578125 0.2375366568914956
0 0.6455078125 0.10117302052785923 0.2109375 0.20234604105571846
0 0.822265625 0.1378299120234604 0.1279296875 0.2727272727272727
0 0.9462890625 0.11143695014662756 0.107421875 0.22287390029325513
0 0.5751953125 0.3321114369501466 0.185546875 0.20527859237536658
0 0.74365234375 0.47580645161290325 0.26953125 0.39002932551319647
0 0.94140625 0.4640762463343108 0.1171875 0.3841642228739003
0 0.86572265625 0.8475073313782991 0.2685546875 0.30498533724340177