0 0.9384765625 0.10410557184750734 0.1171875 0.20821114369501467
0 0.95703125 0.5417888563049853 0.0859375 0.27712609970674484
0 0.9580078125 0.3086510263929619 0.08203125 0.18328445747800587
0 0.86083984375 0.25513196480938416 0.1337890625 0.17302052785923755
0 0.9619140625 0.8035190615835777 0.076171875 0.22580645161290322
0 0.3935546875 0.9406158357771262 0.130859375 0.1187683284457478
0 0.2529296875 0.9296187683284457 0.13671875 0.14076246334310852
0 0.33935546875 0.7668621700879765 0.2099609375 0.2785923753665689
0 0.091796875 0.9208211143695014 0.17578125 0.15835777126099707
0 0.1318359375 0.093841642228739 0.17578125 0.17302052785923755
0 0.17041015625 0.25219941348973607 0.19921875 0.16715542521994134
0 0.04833984375 0.2221407624633431 0.0966796875 0.14222873900293256
0 0.04052734375 0.08944281524926687 0.0810546875 0.15835777126099707
0 0.23583984375 0.4435483870967742 0.10546875 0.1348973607038123
0 0.1171875 0.375366568914956 0.234375 0.18181818181818182
0 0.08544921875 0.6348973607038123 0.1689453125 0.1187683284457478
0 0.08251953125 0.7683284457478006 0.1611328125 0.18181818181818182
0 0.06005859375 0.5278592375366569 0.1201171875 0.16715542521994134
0 0.1591796875 0.530791788856305 0.126953125 0.15689149560117302
0 0.20654296875 0.7302052785923754 0.126953125 0.27712609970674484