0 0.041015625 0.7294721407624634 0.08203125 0.2595307917888563
0 0.13720703125 0.8951612903225806 0.12890625 0.20967741935483872
0 0.49365234375 0.7844574780058651 0.1015625 0.2697947214076246
0 0.74169921875 0.6429618768328446 0.1083984375 0.3064516129032258
0 0.87548828125 0.5293255131964809 0.126953125 0.25513196480938416
0 0.97900390625 0.3350439882697947 0.0419921875 0.18914956011730205
0 0.646382845703125 1 0.6604098544921875 0.988035857771261 0.684306767578125 0.9108367668621702 0.6042425498046875 0.676260917888563 0.5493813828125 0.9076411217008798 0.5876013154296875 1 0.646382845703125 1
0 1 0.9647258225806451 0.892916744140625 0.7625382903225806 0.87071107421875 0.7782251099706744 0.9117541474609375 1 1 1 1 0.9647258225806451
0 0.28271484375 0.905425219941349 0.091796875 0.187683284457478
0 0.3623046875 0.842375366568915 0.111328125 0.22140762463343108
0 0.07177734375 0.49193548387096775 0.142578125 0.2903225806451613
0 0.0986328125 0.22947214076246333 0.130859375 0.39296187683284456
0 1 0.4581933313782991 0.9125100185546875 0.5311581759530791 1 0.6616561671554252 1 0.4581933313782991
0 0.78369140625 0.8211143695014663 0.109375 0.2785923753665689
0 0.98095703125 0.8482404692082112 0.0380859375 0.22727272727272727
0 0.322265625 0.10117302052785923 0.310546875 0.20234604105571846