0 0.5029296875 0.8042521994134897 0.1484375 0.20967741935483872
0 0.68798828125 0.7074780058651027 0.26953125 0.3563049853372434
0 0.7529296875 0.5718475073313783 0.16015625 0.19941348973607037
0 0.77734375 0.2932551319648094 0.111328125 0.27419354838709675
0 0.4933758369140625 1 0.450284400390625 0.889558771260997 0.409485521484375 0.7649557668621702 0.31944648046875 0.8494324882697947 0.354166064453125 1 0.4933758369140625 1
0 0.583984375 0.8629032258064516 0.154296875 0.27419354838709675
0 0.20947265625 0.9648093841642229 0.0849609375 0.07038123167155426
0 0.4677734375 0.11510263929618768 0.232421875 0.23020527859237536
0 0.19775390625 0.16715542521994134 0.0615234375 0.2404692082111437
0 0.361328125 0.20674486803519063 0.1396484375 0.21114369501466276
0 0.7001953125 0.1158357771260997 0.23828125 0.2316715542521994
0 0.66064453125 0.38049853372434017 0.1982421875 0.30791788856304986
0 0.55078125 0.31451612903225806 0.15625 0.2624633431085044
0 0.228515625 0.3585043988269795 0.123046875 0.3313782991202346
0 0.240234375 0.7719941348973607 0.146484375 0.28005865102639294
0 0.453125 0.5410557184750733 0.158203125 0.39296187683284456
0 0.298828125 0.47580645161290325 0.17578125 0.312316715542522
0 0.326171875 0.7030791788856305 0.1591796875 0.2595307917888563