0 0.34716796875 0.7793255131964809 0.1767578125 0.23460410557184752
0 0.5458984375 0.8504398826979472 0.220703125 0.2829912023460411
0 0.4013671875 0.48826979472140764 0.31640625 0.4046920821114369
0 0.62158203125 0.3020527859237537 0.251953125 0.3812316715542522
0 0.7421875 0.4567448680351906 0.00390625 0.007331378299120235
0 0.04736328125 0.8365102639296188 0.0947265625 0.3152492668621701
0 0.0654296875 0.4750733137829912 0.130859375 0.23900293255131966
0 0.0478515625 0.06524926686217009 0.095703125 0.13049853372434017
0 0.10546875 0.29472140762463345 0.2109375 0.1348973607038123
0 0.17333984375 0.041788856304985335 0.0810546875 0.08357771260997067
0 0.45361328125 0.06818181818181818 0.3876953125 0.13636363636363635