0 0.7333984375 0.9574780058651027 0.19921875 0.08504398826979472
0 0.48974609375 0.7360703812316716 0.2685546875 0.21994134897360704
0 0.47998046875 0.9545454545454546 0.3271484375 0.09090909090909091
0 0.2607421875 0.9230205278592375 0.1875 0.15395894428152493
0 0.5283203125 0.533724340175953 0.240234375 0.20527859237536658
0 0.44873046875 0.29765395894428154 0.2470703125 0.30058651026392963
0 0.423828125 0.08504398826979472 0.228515625 0.17008797653958943
0 0.26123046875 0.1744868035190616 0.103515625 0.1466275659824047
0 0.2412109375 0.06158357771260997 0.1484375 0.12316715542521994
0 0.22021484375 0.36436950146627567 0.1064453125 0.41055718475073316
0 0.30419921875 0.4706744868035191 0.0546875 0.30498533724340177
0 0.35888671875 0.5579178885630498 0.095703125 0.18035190615835778
0 0.20556640625 0.7206744868035191 0.0771484375 0.2434017595307918
0 0.2646484375 0.7287390029325513 0.18359375 0.10703812316715543