0 0.31884765625 0.9332844574780058 0.3037109375 0.13343108504398826
0 0.40966796875 0.17595307917888564 0.240234375 0.25806451612903225
0 0.4189453125 0.5696480938416423 0.2900390625 0.47214076246334313
0 0.49609375 0.908357771260997 0.1171875 0.1495601173020528
0 0.720703125 0.7895894428152492 0.140625 0.24486803519061584
0 0.794921875 0.9442815249266863 0.076171875 0.11143695014662756
0 0.8203125 0.7456011730205279 0.025390625 0.187683284457478
0 0.65625 0.3709677419354839 0.2158203125 0.5190615835777126
0 0.8056640625 0.5080645161290323 0.0546875 0.1656891495601173
0 0.7431640625 0.3519061583577713 0.1328125 0.1744868035190616
0 0.802734375 0.2998533724340176 0.060546875 0.14809384164222875
0 0.794921875 0.09604105571847507 0.076171875 0.19208211143695014
0 0.671875 0.04472140762463343 0.150390625 0.08944281524926687
0 0.5126953125 0.03372434017595308 0.140625 0.06744868035190615