0 0.29833984375 0.10483870967741936 0.154296875 0.20381231671554254
0 0.7919921875 0.0718475073313783 0.15234375 0.1436950146627566
0 0.9267578125 0.1312316715542522 0.140625 0.22580645161290322
0 0.9443359375 0.3709677419354839 0.111328125 0.2785923753665689
0 0.84130859375 0.6092375366568915 0.22265625 0.16715542521994134
0 0.9150390625 0.8203812316715543 0.169921875 0.32991202346041054
0 0.6357421875 0.6532258064516129 0.1943359375 0.29472140762463345
0 0.78173828125 0.7602639296187683 0.1240234375 0.22580645161290322
0 0.12646484375 0.23900293255131966 0.236328125 0.32404692082111436
0 0.3291015625 0.43255131964809385 0.1767578125 0.2375366568914956
0 0.40087890625 0.3225806451612903 0.1708984375 0.23900293255131966
0 0.578125 0.18988269794721407 0.18359375 0.37976539589442815
0 0.43994140625 0.09017595307917889 0.072265625 0.17888563049853373
0 0.62060546875 0.4413489736070381 0.29296875 0.18621700879765396
0 0.76611328125 0.25513196480938416 0.091796875 0.16715542521994134
0 0.83935546875 0.3914956011730205 0.0966796875 0.22434017595307917