0 0.36474609375 0.1906158357771261 0.2822265625 0.3255131964809384
0 0.6005859375 0.2375366568914956 0.15234375 0.2844574780058651
0 0.5625 0.032991202346041054 0.185546875 0.06598240469208211
0 0.4169921875 0.012463343108504398 0.064453125 0.024926686217008796
0 0.3017578125 0.6884164222873901 0.21484375 0.2844574780058651
0 0.2646484375 0.4574780058651026 0.1953125 0.17888563049853373
0 0.20947265625 0.7573313782991202 0.0849609375 0.3225806451612903
0 0.23681640625 0.9472140762463344 0.1396484375 0.10557184750733138
0 0.369140625 0.9655425219941349 0.126953125 0.0689149560117302
0 0.1962890625 0.10410557184750734 0.05859375 0.20821114369501467
0 0.1904296875 0.2829912023460411 0.046875 0.12609970674486803