0 0.48828125 0.9457478005865103 0.26171875 0.10850439882697947
0 0.318359375 0.8863636363636364 0.296875 0.22727272727272727
0 0.421875 0.748533724340176 0.2080078125 0.30058651026392963
0 0.7119140625 0.9039589442815249 0.25 0.187683284457478
0 0.720703125 0.8035190615835777 0.234375 0.2434017595307918
0 0.72607421875 0.6063049853372434 0.216796875 0.187683284457478
0 0.7451171875 0.4222873900293255 0.1767578125 0.22580645161290322
0 0.5693359375 0.5821114369501467 0.1201171875 0.22434017595307917
0 0.380859375 0.45821114369501464 0.1943359375 0.21700879765395895
0 0.22509765625 0.3497067448680352 0.1240234375 0.35777126099706746
0 0.2392578125 0.6605571847507331 0.1435546875 0.2287390029325513
0 0.58203125 0.3262463343108504 0.1396484375 0.24633431085043989
0 0.72216796875 0.13416422287390029 0.1982421875 0.26832844574780057
0 0.51416015625 0.09824046920821114 0.2392578125 0.19648093841642228
0 0.37548828125 0.20087976539589442 0.2109375 0.2727272727272727
0 0.27294921875 0.07038123167155426 0.2236328125 0.1348973607038123