0 0.515625 0.532258064516129 0.0859375 0.2155425219941349
0 0.6201171875 0.2763929618768328 0.265625 0.312316715542522
0 0.892578125 0.42961876832844575 0.21484375 0.34017595307917886
0 0.73486328125 0.6370967741935484 0.3125 0.4178885630498534
0 0.3681640625 0.4178885630498534 0.2568359375 0.27126099706744866
0 0.06396484375 0.7939882697947214 0.1259765625 0.4120234604105572
0 0.33935546875 0.7529325513196481 0.3623046875 0.4941348973607038
0 0.6689453125 0.8643695014662757 0.2822265625 0.2697947214076246
0 0.888671875 0.9362170087976539 0.1064453125 0.10997067448680352
0 0.978515625 0.9354838709677419 0.04296875 0.10557184750733138
0 0.94970703125 0.7382697947214076 0.1005859375 0.24486803519061584