0 0.64306640625 0.5439882697947214 0.1474609375 0.17888563049853373
0 0.751953125 0.04618768328445748 0.1328125 0.09237536656891496
0 0.59033203125 0.22434017595307917 0.158203125 0.27126099706744866
0 0.45556640625 0.623900293255132 0.193359375 0.2844574780058651
0 0.3525390625 0.3878299120234604 0.2890625 0.30498533724340177
0 0.32275390625 0.1598240469208211 0.279296875 0.3196480938416422
0 0.29150390625 0.6363636363636364 0.158203125 0.17888563049853373
0 0.27029196875 0.8568114369501467 0.313356572265625 0.8704955293255132 0.37643760546875 0.68478257771261 0.3281991689453125 0.664354215542522 0.27029196875 0.8568114369501467
0 0.2849081884765625 0.931780784457478 0.335620466796875 0.98192326686217 0.42990592578125 0.7538047551319648 0.4333341474609375 0.7497821187683285 0.3665424658203125 0.7126395117302053 0.2849081884765625 0.931780784457478
0 0.04638671875 0.07771260997067449 0.0927734375 0.15542521994134897
0 0.15771484375 0.28152492668621704 0.1650390625 0.21407624633431085
0 0.09423828125 0.8255131964809385 0.1884765625 0.32697947214076245
0 0.1513671875 0.9523460410557185 0.103515625 0.09530791788856305
0 0.26416015625 0.7668621700879765 0.0908203125 0.13049853372434017
0 0.423828125 0.9156891495601173 0.134765625 0.16715542521994134
0 0.0439453125 0.48900293255131966 0.087890625 0.2859237536656892
0 0.15283203125 0.5571847507331378 0.1357421875 0.1935483870967742