0 0.40087890625 0.8225806451612904 0.205078125 0.2873900293255132
0 0.3056640625 0.6158357771260997 0.150390625 0.20527859237536658
0 0.26123046875 0.7551319648093842 0.1162109375 0.17008797653958943
0 0.16259765625 0.8636363636363636 0.1044921875 0.13196480938416422
0 0.2080078125 0.9516129032258065 0.09765625 0.0967741935483871
0 0.05419921875 0.8482404692082112 0.1083984375 0.3035190615835777
0 0.04345703125 0.591642228739003 0.0869140625 0.16862170087976538
0 0.01953125 0.4010263929618768 0.0390625 0.2653958944281525
0 0.11279296875 0.40542521994134895 0.10546875 0.15249266862170088
0 0.12353515625 0.5190615835777126 0.154296875 0.15835777126099707
0 0.46337890625 0.5777126099706745 0.169921875 0.21994134897360704
0 0.39697265625 0.43914956011730205 0.111328125 0.18181818181818182
0 0.318359375 0.24853372434017595 0.1171875 0.15249266862170088
0 0.32568359375 0.3841642228739003 0.103515625 0.14222873900293256
0 0.45361328125 0.26759530791788855 0.166015625 0.22287390029325513
0 0.25048828125 0.48240469208211145 0.1494140625 0.1774193548387097
0 0.1904296875 0.32404692082111436 0.1484375 0.14516129032258066
0 0.17529296875 0.12609970674486803 0.2001953125 0.25219941348973607
0 0.380859375 0.09824046920821114 0.18359375 0.19648093841642228
0 0.04052734375 0.10850439882697947 0.0810546875 0.21700879765395895