0 0.1044921875 0.19134897360703812 0.20068359375 0.3709677419354839
0 0.33251953125 0.19501466275659823 0.16015625 0.33357771260997066
0 0.48828125 0.19134897360703812 0.12060546875 0.3101173020527859
0 0.6513671875 0.11656891495601172 0.16552734375 0.20454545454545456
0 0.79052734375 0.12976539589442815 0.1328125 0.22580645161290322
0 0.93603515625 0.16129032258064516 0.1279296875 0.2558651026392962
0 0.3056640625 0.45454545454545453 0.17236328125 0.2001466275659824
0 0.1044921875 0.48900293255131966 0.208984375 0.22727272727272727
0 0.1298828125 0.8123167155425219 0.259765625 0.375366568914956
0 0.41845703125 0.8482404692082112 0.2802734375 0.3035190615835777
0 0.6630859375 0.8101173020527859 0.1708984375 0.29178885630498536
0 0.91748046875 0.8460410557184751 0.1650390625 0.25513196480938416
0 0.88525390625 0.4318181818181818 0.2060546875 0.2587976539589443
0 0.68505859375 0.41935483870967744 0.17724609375 0.3057184750733138