0 0.10986328125 0.6370967741935484 0.2197265625 0.43548387096774194
0 0.12646484375 0.18841642228739003 0.2529296875 0.36656891495601174
0 0.3310546875 0.7346041055718475 0.2138671875 0.29472140762463345
0 0.46044921875 0.20234604105571846 0.220703125 0.38269794721407624
0 0.30810546875 0.16348973607038123 0.21484375 0.32697947214076245
0 0.240234375 0.8519061583577713 0.220703125 0.2961876832844575
0 0.56396484375 0.781524926686217 0.212890625 0.3489736070381232
0 0.892578125 0.5740469208211144 0.21484375 0.36950146627565983
0 0.658203125 0.4501466275659824 0.18359375 0.37976539589442815
0 0.8046875 0.18841642228739003 0.263671875 0.37683284457478006
0 0.9619140625 0.23240469208211142 0.076171875 0.3020527859237537
0 0.75732421875 0.8350439882697948 0.2373046875 0.32991202346041054
0 0.9365234375 0.843108504398827 0.126953125 0.31085043988269795