0 0.7275390625 0.3181818181818182 0.234375 0.4574780058651026
0 0.69384765625 0.7008797653958945 0.205078125 0.24633431085043989
0 0.90869140625 0.6400293255131965 0.1826171875 0.30058651026392963
0 0.92822265625 0.17228739002932553 0.1435546875 0.34457478005865105
0 0.9697265625 0.3489736070381232 0.060546875 0.17008797653958943
0 0.88671875 0.4032258064516129 0.080078125 0.10410557184750734
0 0.369140625 0.21627565982404692 0.205078125 0.3489736070381232
0 0.53564453125 0.15689149560117302 0.12890625 0.31378299120234604
0 0.3193359375 0.06744868035190615 0.232421875 0.1348973607038123
0 0.1171875 0.11217008797653959 0.20703125 0.22434017595307917
0 0.09765625 0.3247800586510264 0.1953125 0.20674486803519063
0 0.04541015625 0.4508797653958944 0.0908203125 0.16862170087976538
0 0.80908203125 0.04618768328445748 0.1875 0.09090909090909091
0 0.66064453125 0.03592375366568915 0.0908203125 0.0718475073313783