0 0.93408203125 0.20967741935483872 0.1318359375 0.18181818181818182
0 0.96923828125 0.5681818181818182 0.0615234375 0.20381231671554254
0 0.9423828125 0.8914956011730205 0.109375 0.21700879765395895
0 0.55029296875 0.4670087976539589 0.0771484375 0.1774193548387097
0 0.38232421875 0.5549853372434017 0.07421875 0.187683284457478
0 0.83544921875 0.6282991202346041 0.2216796875 0.2756598240469208
0 0.75732421875 0.32331378299120234 0.216796875 0.3313782991202346
0 0.80419921875 0.8504398826979472 0.15234375 0.1774193548387097
0 0.79541015625 0.9802052785923754 0.1298828125 0.039589442815249266
0 0.54150390625 0.9567448680351907 0.1337890625 0.08651026392961877
0 0.6630859375 0.6715542521994134 0.099609375 0.18181818181818182
0 0.091796875 0.26759530791788855 0.1337890625 0.39882697947214074