0 0.2412109375 0.1972140762463343 0.2998046875 0.3944281524926686
0 0.3134765625 0.5828445747800587 0.2265625 0.3548387096774194
0 0.4072265625 0.8497067448680352 0.26171875 0.30058651026392963
0 0.52197265625 0.5696480938416423 0.173828125 0.26392961876832843
0 0.61669921875 0.7705278592375366 0.12109375 0.1906158357771261
0 0.60693359375 0.9266862170087976 0.142578125 0.1466275659824047
0 0.51123046875 0.2221407624633431 0.2060546875 0.4178885630498534
0 0.6240234375 0.06304985337243402 0.1259765625 0.12609970674486803
0 0.81884765625 0.1598240469208211 0.361328125 0.3196480938416422
0 0.82080078125 0.4442815249266862 0.1796875 0.2375366568914956
0 0.6904296875 0.3709677419354839 0.1328125 0.38563049853372433
0 0.837890625 0.7346041055718475 0.32421875 0.530791788856305
0 0.93701171875 0.3658357771260997 0.125 0.22434017595307917