0 0.0380859375 0.9259530791788856 0.068359375 0.14809384164222875
0 0.0380859375 0.2624633431085044 0.0751953125 0.18328445747800587
0 0.1728515625 0.25733137829912023 0.18359375 0.38269794721407624
0 0.72998046875 0.22580645161290322 0.20703125 0.3196480938416422
0 0.91796875 0.25513196480938416 0.162109375 0.3651026392961877
0 0.1884765625 0.8123167155425219 0.1396484375 0.19208211143695014
0 0.13916015625 0.9340175953079178 0.1591796875 0.13196480938416422
0 0.3359375 0.9545454545454546 0.240234375 0.09090909090909091
0 0.0654296875 0.11217008797653959 0.130859375 0.20381231671554254
0 0.85791015625 0.05205278592375367 0.1123046875 0.10410557184750734
0 0.0478515625 0.5630498533724341 0.095703125 0.34310850439882695