0 0.19140625 0.1217008797653959 0.2431640625 0.22580645161290322
0 0.337890625 0.11803519061583578 0.11328125 0.23607038123167157
0 0.45458984375 0.0872434017595308 0.1455078125 0.1744868035190616
0 0.5615234375 0.1063049853372434 0.1025390625 0.2118768328445748
0 0.6552734375 0.07404692082111437 0.08984375 0.14809384164222875
0 0.7197265625 0.11950146627565983 0.08984375 0.1282991202346041
0 0.7607421875 0.04398826979472141 0.0810546875 0.0872434017595308
0 0.87109375 0.11290322580645161 0.10009765625 0.22580645161290322
0 0.9580078125 0.11363636363636363 0.06640625 0.21041055718475074
0 0.0361328125 0.17595307917888564 0.05712890625 0.2961876832844575
0 0.1328125 0.33724340175953077 0.1005859375 0.18475073313782991
0 0.20849609375 0.2895894428152493 0.109375 0.13929618768328444
0 0.35546875 0.32331378299120234 0.12890625 0.16348973607038123
0 0.4775390625 0.3313782991202346 0.12109375 0.17888563049853373
0 0.578125 0.31085043988269795 0.07763671875 0.13269794721407624
0 0.65478515625 0.2470674486803519 0.08837890625 0.17595307917888564
0 0.7373046875 0.2668621700879765 0.05517578125 0.1627565982404692
0 0.93115234375 0.4156891495601173 0.1376953125 0.3152492668621701
0 0.81005859375 0.3181818181818182 0.06201171875 0.1693548387096774
0 0.81591796875 0.5806451612903226 0.1435546875 0.3159824046920821
0 0.67822265625 0.5549853372434017 0.1494140625 0.36363636363636365
0 0.5068359375 0.533724340175953 0.06591796875 0.13416422287390029
0 0.46533203125 0.8592375366568915 0.06396484375 0.10557184750733138
0 0.49609375 0.7595307917888563 0.08154296875 0.12023460410557185
0 0.51416015625 0.6590909090909091 0.06591796875 0.08431085043988269
0 0.61376953125 0.8504398826979472 0.06494140625 0.08797653958944282
0 0.6005859375 0.7558651026392962 0.0419921875 0.0747800586510264
0 0.8720703125 0.9362170087976539 0.0986328125 0.12756598240469208
0 0.96240234375 0.8497067448680352 0.07470703125 0.26173020527859236
0 0.94580078125 0.6041055718475073 0.1083984375 0.2287390029325513
0 0.2490234375 0.5960410557184751 0.08740234375 0.13269794721407624
0 0.39208984375 0.6041055718475073 0.12548828125 0.1378299120234604
0 0.39501953125 0.4846041055718475 0.0986328125 0.10117302052785923
0 0.14111328125 0.7749266862170088 0.173828125 0.22653958944281524
0 0.10546875 0.5381231671554252 0.0966796875 0.16495601173020527
0 0.4072265625 0.7258064516129032 0.068359375 0.07917888563049853
0 0.33349609375 0.9252199413489736 0.0849609375 0.14442815249266863
0 0.8408203125 0.8299120234604106 0.1201171875 0.10263929618768329
0 0.78173828125 0.9494134897360704 0.0712890625 0.10117302052785923
0 0.3056640625 0.7683284457478006 0.1171875 0.1429618768328446
0 0.1328125 0.9604105571847508 0.162109375 0.07917888563049853
0 0.02880859375 0.48900293255131966 0.04541015625 0.19794721407624633
0 0.0341796875 0.7338709677419355 0.052734375 0.18988269794721407