0 0.56640625 0.40542521994134895 0.1767578125 0.2536656891495601
0 0.75146484375 0.5293255131964809 0.115234375 0.1495601173020528
0 0.7734375 0.6832844574780058 0.1171875 0.1495601173020528
0 0.75146484375 0.8203812316715543 0.1572265625 0.16862170087976538
0 0.67041015625 0.9457478005865103 0.2333984375 0.10850439882697947
0 0.18896484375 0.9142228739002932 0.0556640625 0.15689149560117302
0 0.3984375 0.8621700879765396 0.177734375 0.22434017595307917
0 0.5263671875 0.6869501466275659 0.1630859375 0.22580645161290322
0 0.24609375 0.3944281524926686 0.1591796875 0.2727272727272727
0 0.392578125 0.3152492668621701 0.134765625 0.2932551319648094
0 0.21533203125 0.7038123167155426 0.103515625 0.19648093841642228
0 0.369140625 0.6407624633431085 0.078125 0.12463343108504399