0 0.939453125 0.9560117302052786 0.12109375 0.08797653958944282
0 0.83544921875 0.9120234604105572 0.0546875 0.07331378299120235
0 0.38037109375 0.3350439882697947 0.19140625 0.1466275659824047
0 0.177734375 0.28885630498533726 0.083984375 0.12609970674486803
0 0.12255859375 0.08870967741935484 0.19140625 0.17595307917888564
0 0.00927734375 0.047653958944281524 0.017578125 0.093841642228739
0 0.06201171875 0.2587976539589443 0.1240234375 0.17008797653958943
0 0.43994140625 0.12316715542521994 0.12890625 0.24633431085043989
0 0.28759765625 0.12390029325513197 0.1357421875 0.24780058651026393
0 0.6162109375 0.1312316715542522 0.19140625 0.2624633431085044
0 0.80419921875 0.09824046920821114 0.2109375 0.19648093841642228
0 0.94775390625 0.09310850439882698 0.0986328125 0.18621700879765396