0 0.6845703125 0.9457478005865103 0.171875 0.10850439882697947
0 0.70751953125 0.7800586510263929 0.1708984375 0.15542521994134897
0 0.6552734375 0.6884164222873901 0.203125 0.16129032258064516
0 0.6953125 0.40615835777126097 0.25 0.3489736070381232
0 0.6376953125 0.09604105571847507 0.34375 0.19208211143695014
0 0.6806640625 0.10190615835777127 0.193359375 0.20381231671554254
0 0.3193359375 0.6759530791788856 0.271484375 0.28005865102639294
0 0.18505859375 0.7778592375366569 0.00390625 0.004398826979472141
0 0.29345703125 0.4215542521994135 0.2529296875 0.16422287390029325
0 0.2744140625 0.06158357771260997 0.21484375 0.12316715542521994
0 0.22265625 0.18621700879765396 0.111328125 0.20674486803519063