0 0.681640625 0.7287390029325513 0.203125 0.3313782991202346
0 0.49609375 0.8240469208211144 0.1328125 0.3519061583577713
0 0.71240234375 0.4244868035190616 0.1796875 0.21700879765395895
0 0.759765625 0.13929618768328444 0.302734375 0.2785923753665689
0 0.96240234375 0.10410557184750734 0.0751953125 0.20821114369501467
0 0 0.921163129032258 0.09222792578125 0.8592210953079179 0.146002880859375 0.7083333372434018 0.0573699658203125 0.6226401129032259 0 0.6532758651026392 0 0.921163129032258
0 0.5810546875 0.22434017595307917 0.28125 0.2697947214076246
0 0.2890625 0.32404692082111436 0.138671875 0.19648093841642228
0 0.8623046875 0.8233137829912024 0.1923828125 0.31085043988269795
0 0.9658203125 0.2895894428152493 0.068359375 0.187683284457478
0 0.9345703125 0.530791788856305 0.130859375 0.3519061583577713
0 0.8427734375 0.9765395894428153 0.12890625 0.0469208211143695
0 0.97412109375 0.8819648093841642 0.0517578125 0.23607038123167157
0 0.66162109375 0.9369501466275659 0.1708984375 0.12609970674486803
0 0.17236328125 0.8548387096774194 0.1572265625 0.23460410557184752
0 0.34912109375 0.9296187683284457 0.166015625 0.14076246334310852
0 0.0556640625 0.9618768328445748 0.111328125 0.07624633431085044
0 0.33837890625 0.7404692082111437 0.19921875 0.22580645161290322
0 0.1298828125 0.5278592375366569 0.208984375 0.3020527859237537
0 0.369140625 0.4714076246334311 0.244140625 0.2991202346041056
0 0.400390625 0.18255131964809385 0.22265625 0.2756598240469208
0 0.10302734375 0.38269794721407624 0.2060546875 0.2785923753665689