0 0.37744140625 0.9552785923753666 0.1259765625 0.08944281524926687
0 0.59716796875 0.25513196480938416 0.11328125 0.17155425219941348
0 0.75048828125 0.4274193548387097 0.1650390625 0.1656891495601173
0 0.77630114453125 0 0.6545161640625 0.16891367448680353 0.710789982421875 0.26854619501466276 0.8288860830078125 0.1410897478005865 0.827245865234375 0 0.77630114453125 0
0 0.73681640625 0.20674486803519063 0.1201171875 0.093841642228739
0 0.3046875 0.8196480938416423 0.2060546875 0.30058651026392963
0 0.244140625 0.9538123167155426 0.14453125 0.09237536656891496
0 0.24365234375 0.5227272727272727 0.09765625 0.13636363636363635
0 0.3447265625 0.6121700879765396 0.1689453125 0.12316715542521994
0 0.43994140625 0.4406158357771261 0.2333984375 0.2844574780058651
0 0.369140625 0.22947214076246333 0.1279296875 0.2785923753665689
0 0.2333984375 0.22434017595307917 0.14453125 0.43841642228739003
0 0.76220703125 0.655425219941349 0.1474609375 0.2697947214076246
0 0.7626953125 0.9200879765395894 0.15234375 0.15102639296187684