0 0.79736328125 0.2873900293255132 0.1875 0.22434017595307917
0 0.84033203125 0.1158357771260997 0.11328125 0.1348973607038123
0 0.69189453125 0.5674486803519062 0.11328125 0.24486803519061584
0 0.78662109375 0.8680351906158358 0.0625 0.20674486803519063
0 0.9140625 0.8695014662756598 0.171875 0.22580645161290322
0 0.8828125 0.6077712609970675 0.1728515625 0.24780058651026393
0 0.93359375 0.41055718475073316 0.1328125 0.21700879765395895
0 0.9443359375 0.2001466275659824 0.107421875 0.27712609970674484
0 0.71484375 0.03592375366568915 0.203125 0.0718475073313783
0 0.92236328125 0.02932551319648094 0.1455078125 0.05865102639296188
0 0.3798828125 0.2624633431085044 0.2421875 0.5249266862170088
0 0.2421875 0.3848973607038123 0.1689453125 0.33284457478005863
0 0.3349609375 0.7558651026392962 0.2021484375 0.3548387096774194
0 0.541015625 0.8255131964809385 0.13671875 0.3489736070381232
0 0.38623046875 0.9420821114369502 0.1669921875 0.1158357771260997
0 0.61474609375 0.17521994134897362 0.1904296875 0.27712609970674484
0 0.58544921875 0.45894428152492667 0.1396484375 0.2873900293255132
0 0.67919921875 0.8526392961876833 0.119140625 0.28885630498533726