0 0.66748046875 0.6979472140762464 0.1962890625 0.3181818181818182
0 0.490234375 0.8064516129032258 0.1318359375 0.3841642228739003
0 0.7001953125 0.41055718475073316 0.171875 0.21114369501466276
0 0.7490234375 0.14002932551319647 0.2900390625 0.27419354838709675
0 0.9521484375 0.11217008797653959 0.095703125 0.20381231671554254
0 0 0.8759169486803519 0.1077024638671875 0.8069445703812316 0.16034707421875 0.6652336202346041 0.077262603515625 0.58179107771261 0 0.6207817756598241 0 0.8759169486803519
0 0.578125 0.21774193548387097 0.26953125 0.2624633431085044
0 0.30029296875 0.30498533724340177 0.1337890625 0.1906158357771261
0 0.837890625 0.7917888563049853 0.185546875 0.30058651026392963
0 0.9541015625 0.28885630498533726 0.091796875 0.17888563049853373
0 0.9228515625 0.5153958944281525 0.154296875 0.3387096774193548
0 0.81787109375 0.9560117302052786 0.1240234375 0.08797653958944282
0 0.95751953125 0.8541055718475073 0.080078125 0.23313782991202345
0 0.6455078125 0.9164222873900293 0.1640625 0.16715542521994134
0 0.18408203125 0.8049853372434017 0.15234375 0.22580645161290322
0 0.35009765625 0.905425219941349 0.1591796875 0.18621700879765396
0 0.0625 0.9274193548387096 0.125 0.12463343108504399
0 0.34228515625 0.7001466275659824 0.1923828125 0.218475073313783
0 0.14697265625 0.4934017595307918 0.2001953125 0.29178885630498536
0 0.3740234375 0.44574780058651026 0.2333984375 0.2903225806451613
0 0.40771484375 0.17375366568914957 0.2138671875 0.2668621700879765
0 0.11865234375 0.3548387096774194 0.20703125 0.2697947214076246