0 0.4453125 0.17008797653958943 0.146484375 0.18328445747800587
0 0.27978515625 0.6935483870967742 0.1591796875 0.23313782991202345
0 0.5830078125 0.5410557184750733 0.09765625 0.16422287390029325
0 0.55322265625 0.7521994134897361 0.2216796875 0.26392961876832843
0 0.4990234375 0.5630498533724341 0.107421875 0.15835777126099707
0 0.35205078125 0.6524926686217009 0.12890625 0.21407624633431085
0 0.416015625 0.6686217008797654 0.0595703125 0.10703812316715543
0 0.13671875 0.6722873900293255 0.1845703125 0.25219941348973607
0 0.1591796875 0.5659824046920822 0.138671875 0.1935483870967742
0 0.31494140625 0.10483870967741936 0.140625 0.20234604105571846
0 0.08642578125 0.12756598240469208 0.1337890625 0.22580645161290322
0 0.0390625 0.28812316715542524 0.078125 0.18035190615835778
0 0.169921875 0.2939882697947214 0.1103515625 0.12316715542521994
0 0.78466796875 0.6363636363636364 0.21875 0.21700879765395895
0 0.7666015625 0.8328445747800587 0.162109375 0.13343108504398826
0 0.89088482421875 0.28847812316715543 0.833409296875 0.524292197947214 0.8650237099609375 0.5624573768328446 0.999243181640625 0.428347702346041 0.9974139306640625 0.2709974941348974 0.89088482421875 0.28847812316715543
0 0.9110768740234375 0.2785460586510264 0.818459484375 0.2611491319648094 0.816666208984375 0.5364291143695015 0.8544779404296875 0.549085995601173 0.9110768740234375 0.2785460586510264
0 0.81884616015625 0.27706385777126097 0.73119533203125 0.29850872140762463 0.7854823173828125 0.5352967331378299 0.827121224609375 0.5420041642228739 0.81884616015625 0.27706385777126097
0 0.935546875 0.6158357771260997 0.12890625 0.2404692082111437
0 0.90283203125 0.15469208211143695 0.1904296875 0.3093841642228739
0 0.691321357421875 0 0.7065211337890624 0.33459885483870966 0.7767018876953125 0.33860859970674484 0.8707266171875 0 0.691321357421875 0
0 0.6494140625 0.039589442815249266 0.0703125 0.07917888563049853