0 0.46142578125 0.20747800586510265 0.24609375 0.19941348973607037
0 0.39208984375 0.024926686217008796 0.189453125 0.04838709677419355
0 0.62060546875 0.6085043988269795 0.2021484375 0.19794721407624633
0 0.71044921875 0.9457478005865103 0.1533203125 0.10263929618768329
0 0.6435546875 0.4186217008797654 0.2421875 0.16422287390029325
0 0.66015625 0.19574780058651026 0.296875 0.18914956011730205
0 0.545310365234375 0 0.4586229326171875 0.20599024780058653 0.5075243544921875 0.23181291788856304 0.7554517333984375 0.17736128592375366 0.7465922177734375 0 0.545310365234375 0
0 0.66064058984375 0 0.6062377421875 0.12289310997067449 0.6359953564453125 0.1742371568914956 0.827286369140625 0.003484035190615836 0.8272458662109375 0 0.66064058984375 0
0 0.79443359375 0.29178885630498536 0.07421875 0.1744868035190616
0 0.68994140625 0.8049853372434017 0.2333984375 0.28005865102639294
0 0.794921875 0.8826979472140762 0.0869140625 0.17595307917888564
0 0.73779296875 0.5865102639296188 0.115234375 0.14076246334310852
0 0.7666015625 0.4479472140762463 0.1337890625 0.14076246334310852