0 0.9619140625 0.36730205278592376 0.076171875 0.24486803519061584
0 0.935546875 0.13856304985337242 0.12890625 0.2565982404692082
0 0.076171875 0.9633431085043989 0.15234375 0.05571847507331378
0 0.115234375 0.2961876832844575 0.228515625 0.2727272727272727
0 0.2724609375 0.46480938416422285 0.2080078125 0.2595307917888563
0 0.24853515625 0.12463343108504399 0.2548828125 0.24926686217008798
0 0.34375 0.32697947214076245 0.1728515625 0.2536656891495601
0 0.29443359375 0.969208211143695 0.1767578125 0.05571847507331378
0 0.1318359375 0.6744868035190615 0.263671875 0.5718475073313783
0 0.04150390625 0.5153958944281525 0.0830078125 0.3152492668621701
0 0.220703125 0.5689149560117303 0.185546875 0.20234604105571846
0 0.40234375 0.6693548387096774 0.130859375 0.17302052785923755
0 0.35986328125 0.8057184750733137 0.107421875 0.11436950146627566
0 0.53076171875 0.8658357771260997 0.2880859375 0.26832844574780057
0 0.072265625 0.045454545454545456 0.134765625 0.09090909090909091