0 0.65966796875 0.874633431085044 0.185546875 0.22140762463343108
0 0.6337890625 0.7419354838709677 0.119140625 0.14076246334310852
0 0.521484375 0.9134897360703812 0.154296875 0.11436950146627566
0 0.53955078125 0.7609970674486803 0.1171875 0.17008797653958943
0 0.49560546875 0.6326979472140762 0.1328125 0.1436950146627566
0 0.40673828125 0.5747800586510264 0.1015625 0.12903225806451613
0 0.38427734375 0.45821114369501464 0.0966796875 0.1627565982404692
0 0.31787109375 0.7302052785923754 0.08203125 0.09090909090909091
0 0.2626953125 0.6085043988269795 0.1435546875 0.14076246334310852
0 0.251953125 0.45821114369501464 0.1220703125 0.19941348973607037
0 0.16845703125 0.7096774193548387 0.0869140625 0.093841642228739
0 0.12353515625 0.5351906158357771 0.115234375 0.17008797653958943
0 0.06787109375 0.6913489736070382 0.09765625 0.12316715542521994
0 0.04052734375 0.8731671554252199 0.046875 0.09970674486803519
0 0.0107421875 0.8907624633431085 0.021484375 0.07917888563049853
0 0.02294921875 0.7859237536656891 0.0458984375 0.1187683284457478
0 0.02294921875 0.6935483870967742 0.0458984375 0.1187683284457478
0 0.00634765625 0.5718475073313783 0.0126953125 0.1906158357771261
0 0.55517578125 0.4010263929618768 0.12890625 0.2316715542521994
0 0.4833984375 0.48240469208211145 0.0888671875 0.1935483870967742
0 0.82666015625 0.844574780058651 0.169921875 0.17008797653958943
0 0.7841796875 0.6957478005865103 0.169921875 0.19648093841642228
0 0.73046875 0.5806451612903226 0.1171875 0.12316715542521994
0 0.71533203125 0.4875366568914956 0.1103515625 0.18475073313782991
0 0.97412109375 0.5762463343108505 0.0517578125 0.1436950146627566
0 0.94775390625 0.42302052785923755 0.103515625 0.18621700879765396
0 0.91064453125 0.5843108504398827 0.11328125 0.13049853372434017
0 0.8515625 0.46920821114369504 0.181640625 0.18475073313782991
0 0.80419921875 0.30791788856304986 0.140625 0.16715542521994134
0 0.732421875 0.1972140762463343 0.173828125 0.16715542521994134
0 0.919921875 0.23533724340175954 0.13671875 0.21700879765395895
0 0.8623046875 0.12243401759530792 0.12890625 0.15542521994134897
0 0.95654296875 0.9831378299120235 0.0859375 0.03372434017595308
0 0.96142578125 0.9142228739002932 0.0771484375 0.16422287390029325
0 0.9306640625 0.7375366568914956 0.1279296875 0.17888563049853373
0 0.48486328125 0.9853372434017595 0.10546875 0.02932551319648094
0 0.384765625 0.9831378299120235 0.1015625 0.03372434017595308
0 0.43505859375 0.8101173020527859 0.1484375 0.12903225806451613
0 0.3623046875 0.8973607038123167 0.1162109375 0.1378299120234604
0 0.29345703125 0.9508797653958945 0.15625 0.09824046920821114
0 0.2353515625 0.8350439882697948 0.142578125 0.16129032258064516
0 0.14697265625 0.9296187683284457 0.1171875 0.12023460410557185
0 0.078125 0.9736070381231672 0.1328125 0.05278592375366569
0 0.10791015625 0.8027859237536656 0.083984375 0.11436950146627566
0 0.95068359375 0.05498533724340176 0.0986328125 0.10997067448680352
0 0.8212890625 0.04252199413489736 0.1201171875 0.08504398826979472
0 0.71533203125 0.06818181818181818 0.0859375 0.093841642228739
0 0.5966796875 0.05718475073313783 0.09765625 0.11436950146627566
0 0.49609375 0.22947214076246333 0.119140625 0.14809384164222875
0 0.5390625 0.14882697947214077 0.076171875 0.12463343108504399
0 0.4453125 0.0813782991202346 0.1591796875 0.14809384164222875
0 0.34130859375 0.2602639296187683 0.109375 0.13636363636363635
0 0.37109375 0.06304985337243402 0.099609375 0.12609970674486803
0 0.2978515625 0.09750733137829912 0.0859375 0.15249266862170088
0 0.236328125 0.2558651026392962 0.1044921875 0.1466275659824047
0 0.154296875 0.3936950146627566 0.078125 0.1348973607038123
0 0.13330078125 0.23900293255131966 0.0703125 0.1495601173020528
0 0.154296875 0.0872434017595308 0.078125 0.17302052785923755
0 0.232421875 0.04838709677419355 0.0625 0.0967741935483871
0 0.0947265625 0.374633431085044 0.037109375 0.1158357771260997
0 0.04931640625 0.44281524926686217 0.0302734375 0.05865102639296188
0 0.04443359375 0.3592375366568915 0.0458984375 0.093841642228739
0 0.0576171875 0.24413489736070382 0.0869140625 0.16862170087976538
0 0.07177734375 0.09457478005865103 0.08984375 0.13636363636363635
0 0.0107421875 0.2060117302052786 0.021484375 0.1656891495601173