0 0.1669921875 0.907903508797654 0.314310388671875 0.9888043856304986 0.327939169921875 0.906018202346041 0.1669921875 0.7743904838709678 0.1669921875 0.907903508797654
0 0.1669921875 0.6950662038123167 0.309569947265625 0.828573133431085 0.3172731689453125 0.7805037140762463 0.1669921875 0.6749194750733137 0.1669921875 0.6950662038123167
0 0.1669921875 0.6350112463343108 0.273424046875 0.756469004398827 0.2888304892578125 0.7244227536656891 0.1669921875 0.6092399369501467 0.1669921875 0.6350112463343108
0 0.1669921875 0.6059691671554251 0.2722389287109375 0.7173014134897361 0.27816448828125 0.6843649633431085 0.1669921875 0.4836638401759531 0.1669921875 0.6059691671554251
0 0.1669921875 0.6248722199413489 0.243203705078125 0.6977175293255131 0.2473516025390625 0.6727927082111437 0.1669921875 0.5920129897360704 0.1669921875 0.6248722199413489
0 0.1669921875 0.464972297653959 0.2262078828125 0.5955852038123167 0.246759029296875 0.5579602727272728 0.1669921875 0.40106613343108505 0.1669921875 0.464972297653959
0 0.574445818359375 1 0.419701826171875 0.7843281876832845 0.3817782490234375 0.9178542170087977 0.4808480712890625 1 0.574445818359375 1
0 0.41614648828125 0.8831374530791789 0.4315529306640625 0.806582495601173 0.289734818359375 0.6440580351906159 0.262674544921875 0.762963991202346 0.41614648828125 0.8831374530791789
0 0.2079029443359375 0 0.2499911533203125 0.1161485469208211 0.278433802734375 0.09745486217008796 0.242017876953125 0 0.2079029443359375 0
0 0.1690563642578125 0 0.215076677734375 0.16159165835777126 0.24233426953125 0.14467828739002933 0.1910007919921875 0 0.1690563642578125 0
0 0.4345703125 0.5073313782991202 0.1015625 0.24633431085043989