0 0.03369140625 0.5821114369501467 0.0673828125 0.21407624633431085
0 0.09375 0.7016129032258065 0.173828125 0.22580645161290322
0 0.8564453125 0.7998533724340176 0.064453125 0.1627565982404692
0 0.94384765625 0.7976539589442815 0.1123046875 0.1466275659824047
0 0.41943359375 0.6546920821114369 0.0595703125 0.0967741935483871
0 0.134765625 0.4112903225806452 0.130859375 0.07331378299120235
0 0.369140625 0.8907624633431085 0.12109375 0.13636363636363635
0 0.23828125 0.9156891495601173 0.064453125 0.08651026392961877
0 0.2880859375 0.966275659824047 0.056640625 0.06744868035190615
0 0.32275390625 0.8013196480938416 0.119140625 0.12023460410557185
0 0.552734375 0.717008797653959 0.095703125 0.10263929618768329
0 0.6875 0.658357771260997 0.08984375 0.15249266862170088
0 0.67431640625 0.7719941348973607 0.060546875 0.0747800586510264
0 0.763671875 0.6847507331378299 0.06640625 0.11730205278592376
0 0.4853515625 0.6781524926686217 0.078125 0.11436950146627566
0 0.23046875 0.5058651026392962 0.072265625 0.12316715542521994
0 0.01806640625 0.1810850439882698 0.0361328125 0.08944281524926687
0 0.0595703125 0.3255131964809384 0.080078125 0.09970674486803519