0 0.95166015625 0.5527859237536656 0.095703125 0.28152492668621704
0 0.97265625 0.34310850439882695 0.0546875 0.14076246334310852
0 0.93212890625 0.19574780058651026 0.1357421875 0.21407624633431085
0 0.95654296875 0.04472140762463343 0.0859375 0.08944281524926687
0 0.853515625 0.09090909090909091 0.140625 0.18181818181818182
0 0.8466796875 0.5271260997067448 0.1171875 0.15835777126099707
0 0.79345703125 0.6957478005865103 0.138671875 0.18181818181818182
0 0.71435546875 0.5527859237536656 0.11328125 0.17302052785923755
0 0.9638671875 0.9200879765395894 0.072265625 0.1598240469208211
0 0.89306640625 0.8995601173020528 0.166015625 0.16422287390029325
0 0.92578125 0.7412023460410557 0.11328125 0.1436950146627566
0 0.736328125 0.8922287390029325 0.142578125 0.187683284457478
0 0.6474609375 0.716275659824047 0.1171875 0.14076246334310852
0 0.8701171875 0.36950146627565983 0.1201171875 0.1187683284457478
0 0.80859375 0.24780058651026393 0.115234375 0.13343108504398826
0 0.6875 0.2785923753665689 0.12890625 0.16715542521994134
0 0.59375 0.6011730205278593 0.107421875 0.11143695014662756
0 0.61572265625 0.4743401759530792 0.0634765625 0.10850439882697947
0 0.52392578125 0.4912023460410557 0.08203125 0.14076246334310852
0 0.546875 0.34310850439882695 0.15234375 0.18621700879765396
0 0.57861328125 0.21994134897360704 0.126953125 0.15249266862170088
0 0.658203125 0.1429618768328446 0.08984375 0.1436950146627566
0 0.61328125 0.04985337243401759 0.076171875 0.09970674486803519
0 0.50244140625 0.09750733137829912 0.15625 0.10850439882697947
0 0.4306640625 0.2126099706744868 0.1640625 0.14516129032258066
0 0.55322265625 0.9846041055718475 0.0908203125 0.030791788856304986
0 0.5546875 0.8900293255131965 0.13671875 0.11730205278592376
0 0.49560546875 0.7580645161290323 0.1376953125 0.13049853372434017
0 0.435546875 0.5769794721407625 0.16015625 0.1466275659824047
0 0.41162109375 0.4398826979472141 0.1162109375 0.11143695014662756
0 0.3466796875 0.35777126099706746 0.12890625 0.11290322580645161
0 0.30908203125 0.21627565982404692 0.11328125 0.1436950146627566
0 0.48486328125 0.026392961876832845 0.10546875 0.05278592375366569
0 0.38525390625 0.03519061583577713 0.1025390625 0.07038123167155426
0 0.25341796875 0.04472140762463343 0.076171875 0.08944281524926687
0 0.19287109375 0.06598240469208211 0.111328125 0.12023460410557185
0 0.34765625 0.6994134897360704 0.1513671875 0.23460410557184752
0 0.294921875 0.4472140762463343 0.109375 0.08944281524926687
0 0.24462890625 0.3255131964809384 0.08203125 0.17008797653958943
0 0.1533203125 0.4736070381231672 0.1162109375 0.12316715542521994
0 0.16650390625 0.3255131964809384 0.103515625 0.1774193548387097
0 0.47216796875 0.9406158357771262 0.10546875 0.1187683284457478
0 0.43603515625 0.8174486803519062 0.1162109375 0.12903225806451613
0 0.39404296875 0.9633431085043989 0.12109375 0.07331378299120235
0 0.2734375 0.9633431085043989 0.140625 0.07331378299120235
0 0.22119140625 0.8790322580645161 0.177734375 0.16129032258064516
0 0.2412109375 0.7067448680351907 0.0947265625 0.16715542521994134
0 0.14306640625 0.7529325513196481 0.1005859375 0.18475073313782991
0 0.0693359375 0.7214076246334311 0.1005859375 0.19648093841642228
0 0.16748046875 0.594574780058651 0.125 0.1627565982404692
0 0.06396484375 0.5784457478005866 0.07421875 0.11290322580645161
0 0.06396484375 0.48607038123167157 0.080078125 0.1217008797653959
0 0.0126953125 0.6532258064516129 0.025390625 0.1627565982404692
0 0.04296875 0.39222873900293254 0.0859375 0.1466275659824047
0 0.03125 0.27052785923753664 0.0537109375 0.16129032258064516
0 0.0126953125 0.17888563049853373 0.025390625 0.1436950146627566
0 0.078125 0.04472140762463343 0.1328125 0.08944281524926687
0 0.02001953125 0.9728739002932552 0.0400390625 0.05278592375366569