0 0.0341796875 0.9318181818181818 0.06787109375 0.1217008797653959
0 0.01171875 0.7551319648093842 0.02294921875 0.11363636363636363
0 0.00439453125 0.6671554252199413 0.0087890625 0.11363636363636363
0 0.03515625 0.5513196480938416 0.0703125 0.18255131964809385
0 0.06201171875 0.7565982404692082 0.09130859375 0.12463343108504399
0 0.10546875 0.6092375366568915 0.1083984375 0.1656891495601173
0 0.1025390625 0.9574780058651027 0.14306640625 0.08504398826979472
0 0.1904296875 0.8878299120234604 0.1416015625 0.1312316715542522
0 0.1923828125 0.7771260997067448 0.0810546875 0.11290322580645161
0 0.23681640625 0.6488269794721407 0.12841796875 0.12903225806451613
0 0.2236328125 0.968475073313783 0.08447265625 0.06304985337243402
0 0.2861328125 0.8335777126099707 0.0625 0.12756598240469208
0 0.34033203125 0.9640762463343109 0.08203125 0.0718475073313783
0 0.37060546875 0.8541055718475073 0.09228515625 0.1282991202346041
0 0.0185546875 0.19941348973607037 0.037109375 0.15835777126099707
0 0.02783203125 0.08870967741935484 0.0556640625 0.1158357771260997
0 0.080078125 0.1092375366568915 0.07470703125 0.18988269794721407
0 0.0703125 0.4274193548387097 0.13134765625 0.11143695014662756
0 0.10107421875 0.2925219941348974 0.0751953125 0.14149560117302054
0 0.1953125 0.3944281524926686 0.0751953125 0.15029325513196481
0 0.1748046875 0.1429618768328446 0.06396484375 0.17888563049853373
0 0.2451171875 0.26099706744868034 0.09814453125 0.21920821114369501
0 0.20849609375 0.18988269794721407 0.00146484375 0.015395894428152493
0 0.24951171875 0.06744868035190615 0.0654296875 0.13269794721407624
0 0.25634765625 0.46187683284457476 0.0615234375 0.2060117302052786
0 0.31103515625 0.436950146627566 0.04150390625 0.1217008797653959
0 0.3134765625 0.3453079178885631 0.064453125 0.1063049853372434
0 0.3876953125 0.716275659824047 0.1240234375 0.1495601173020528
0 0.35302734375 0.5887096774193549 0.06103515625 0.10703812316715543
0 0.38232421875 0.5381231671554252 0.078125 0.06744868035190615
0 0.36669921875 0.436950146627566 0.076171875 0.1217008797653959
0 0.38525390625 0.34310850439882695 0.095703125 0.1187683284457478
0 0.3408203125 0.24780058651026393 0.0478515625 0.0689149560117302
0 0.34716796875 0.125366568914956 0.07275390625 0.15102639296187684
0 0.3828125 0.07551319648093842 0.09619140625 0.1312316715542522
0 0.5673828125 0.2287390029325513 0.13623046875 0.1282991202346041
0 0.53564453125 0.05498533724340176 0.1015625 0.09970674486803519
0 0.3974609375 0.24413489736070382 0.0380859375 0.08944281524926687
0 0.49560546875 0.4002932551319648 0.1103515625 0.14516129032258066
0 0.46630859375 0.2565982404692082 0.0751953125 0.11436950146627566
0 0.408203125 0.9948680351906158 0.0537109375 0.009530791788856305
0 0.46875 0.9772727272727273 0.07958984375 0.045454545454545456
0 0.4619140625 0.8863636363636364 0.06005859375 0.1627565982404692
0 0.52783203125 0.9127565982404692 0.05078125 0.14516129032258066
0 0.603515625 0.9464809384164223 0.0966796875 0.10703812316715543
0 0.470703125 0.7008797653958945 0.08447265625 0.10997067448680352
0 0.4921875 0.5557184750733137 0.10302734375 0.17375366568914957
0 0.6123046875 0.8167155425219942 0.13134765625 0.1744868035190616
0 0.62646484375 0.6099706744868035 0.11279296875 0.11436950146627566
0 0.60302734375 0.4831378299120235 0.0888671875 0.1348973607038123
0 0.6865234375 0.5212609970674487 0.09130859375 0.1656891495601173
0 0.609375 0.36656891495601174 0.1083984375 0.14882697947214077
0 0.70654296875 0.3709677419354839 0.08447265625 0.18328445747800587
0 0.7421875 0.20087976539589442 0.09716796875 0.17008797653958943
0 0.6494140625 0.08944281524926687 0.11328125 0.17888563049853373
0 0.7578125 0.0593841642228739 0.07568359375 0.1187683284457478
0 0.7841796875 0.4706744868035191 0.07470703125 0.2595307917888563
0 0.8046875 0.27346041055718473 0.0810546875 0.17375366568914957
0 0.81005859375 0.11070381231671554 0.07958984375 0.09530791788856305
0 0.71826171875 0.8585043988269795 0.1552734375 0.13416422287390029
0 0.75048828125 0.7060117302052786 0.142578125 0.12023460410557185
0 0.78515625 0.9882697947214076 0.0771484375 0.022727272727272728
0 0.8525390625 0.9904692082111437 0.0703125 0.018328445747800588
0 0.8935546875 0.8665689149560117 0.17626953125 0.12390029325513197
0 0.916015625 0.7397360703812317 0.16796875 0.17961876832844575
0 0.86376953125 0.5784457478005866 0.0810546875 0.1217008797653959
0 0.88720703125 0.4530791788856305 0.10986328125 0.14516129032258066
0 0.90478515625 0.32697947214076245 0.14501953125 0.12243401759530792
0 0.880859375 0.15762463343108504 0.10302734375 0.20674486803519063
0 0.8564453125 0.04325513196480939 0.103515625 0.08651026392961877
0 0.3955078125 0.2001466275659824 0.009765625 0.001466275659824047
0 0.96728515625 0.20381231671554254 0.0654296875 0.1495601173020528
0 0.96142578125 0.06158357771260997 0.0771484375 0.12316715542521994
0 0.95703125 0.5432551319648093 0.0859375 0.15689149560117302
0 0.97607421875 0.41275659824046923 0.0478515625 0.08357771260997067
0 0.82861328125 0.7961876832844574 0.1044921875 0.12390029325513197
0 0.9716796875 0.9288856304985337 0.056640625 0.09824046920821114