0 0.0576171875 0.532258064516129 0.1083984375 0.27126099706744866
0 0.0361328125 0.3313782991202346 0.0712890625 0.1348973607038123
0 0.07666015625 0.18988269794721407 0.14599609375 0.20527859237536658
0 0.0556640625 0.04398826979472141 0.0927734375 0.08797653958944282
0 0.1591796875 0.08797653958944282 0.13525390625 0.17595307917888564
0 0.166015625 0.5073313782991202 0.11279296875 0.15102639296187684
0 0.21728515625 0.6693548387096774 0.1328125 0.17375366568914957
0 0.29296875 0.532258064516129 0.1083984375 0.16495601173020527
0 0.046875 0.9032258064516129 0.08203125 0.1935483870967742
0 0.12158203125 0.8643695014662757 0.1591796875 0.15835777126099707
0 0.09033203125 0.7126099706744868 0.10888671875 0.13709677419354838
0 0.27197265625 0.8570381231671554 0.13623046875 0.17888563049853373
0 0.35693359375 0.6891495601173021 0.1123046875 0.13416422287390029
0 0.1435546875 0.3563049853372434 0.115234375 0.11363636363636363
0 0.20263671875 0.23973607038123168 0.10986328125 0.12756598240469208
0 0.318359375 0.2690615835777126 0.12353515625 0.16055718475073313
0 0.40869140625 0.5784457478005866 0.103515625 0.10777126099706745
0 0.38720703125 0.4567448680351906 0.06103515625 0.10337243401759531
0 0.4755859375 0.47287390029325516 0.078125 0.1348973607038123
0 0.453125 0.3313782991202346 0.14599609375 0.1781524926686217
0 0.42333984375 0.21334310850439883 0.12109375 0.14516129032258066
0 0.3466796875 0.13929618768328444 0.0859375 0.13856304985337242
0 0.390625 0.04912023460410557 0.0732421875 0.09824046920821114
0 0.49658203125 0.09530791788856305 0.1494140625 0.10483870967741936
0 0.5654296875 0.2060117302052786 0.15771484375 0.13929618768328444
0 0.447265625 0.9655425219941349 0.0869140625 0.0689149560117302
0 0.4462890625 0.8548387096774194 0.1318359375 0.11290322580645161
0 0.50244140625 0.7287390029325513 0.13232421875 0.125366568914956
0 0.56005859375 0.5549853372434017 0.1533203125 0.14002932551319647
0 0.58349609375 0.4237536656891496 0.11181640625 0.1063049853372434
0 0.6455078125 0.34457478005865105 0.1240234375 0.10850439882697947
0 0.681640625 0.20967741935483872 0.10791015625 0.13856304985337242
0 0.51318359375 0.026392961876832845 0.10107421875 0.05205278592375367
0 0.60888671875 0.03519061583577713 0.09814453125 0.07038123167155426
0 0.73486328125 0.04398826979472141 0.07275390625 0.08797653958944282
0 0.79296875 0.06598240469208211 0.10693359375 0.11510263929618768
0 0.64453125 0.6722873900293255 0.14501953125 0.22434017595307917
0 0.6953125 0.4303519061583578 0.10498046875 0.08577712609970674
0 0.74365234375 0.31451612903225806 0.07861328125 0.16202346041055718
0 0.8310546875 0.4560117302052786 0.11181640625 0.1187683284457478
0 0.818359375 0.31378299120234604 0.0986328125 0.17008797653958943
0 0.525390625 0.9090909090909091 0.10107421875 0.12463343108504399
0 0.56005859375 0.7859237536656891 0.11181640625 0.12463343108504399
0 0.60009765625 0.9420821114369502 0.11572265625 0.10117302052785923
0 0.7158203125 0.9457478005865103 0.134765625 0.10850439882697947
0 0.76611328125 0.844574780058651 0.17041015625 0.15469208211143695
0 0.7470703125 0.6796187683284457 0.0908203125 0.1598240469208211
0 0.8408203125 0.7236070381231672 0.09619140625 0.1774193548387097
0 0.91162109375 0.6935483870967742 0.09619140625 0.187683284457478
0 0.8173828125 0.5718475073313783 0.11962890625 0.156158357771261
0 0.9169921875 0.5571847507331378 0.07177734375 0.10850439882697947
0 0.91650390625 0.46774193548387094 0.07666015625 0.11656891495601172
0 0.97705078125 0.6282991202346041 0.0458984375 0.15542521994134897
0 0.9873046875 0.501466275659824 0.025390625 0.13196480938416422
0 0.94287109375 0.3782991202346041 0.0947265625 0.14002932551319647
0 0.98876953125 0.36656891495601174 0.0224609375 0.1906158357771261
0 0.9482421875 0.26173020527859236 0.0517578125 0.15395894428152493
0 0.97705078125 0.17375366568914957 0.0458984375 0.13856304985337242
0 0.90283203125 0.04398826979472141 0.126953125 0.08797653958944282
0 0.9697265625 0.9545454545454546 0.060546875 0.09017595307917889
0 0.99169921875 0.8797653958944281 0.0166015625 0.18181818181818182