0 0.17919921875 0.9838709677419355 0.076171875 0.03225806451612903
0 0.4013671875 0.8401759530791789 0.0615234375 0.07917888563049853
0 0.0654296875 0.21407624633431085 0.07421875 0.06744868035190615
0 0.3955078125 0.7551319648093842 0.0703125 0.08651026392961877
0 0.06591796875 0.783724340175953 0.1318359375 0.1627565982404692
0 0.0341796875 0.6378299120234604 0.068359375 0.10557184750733138
0 0.1591796875 0.5212609970674487 0.095703125 0.0689149560117302
0 0.1357421875 0.44574780058651026 0.111328125 0.07624633431085044
0 0.10791015625 0.3651026392961877 0.07421875 0.08944281524926687
0 0.07763671875 0.2793255131964809 0.08203125 0.0689149560117302
0 0.20556640625 0.5777126099706745 0.125 0.05571847507331378
0 0.21728515625 0.6436950146627566 0.138671875 0.08211143695014662
0 0.0166015625 0.43621700879765396 0.033203125 0.25513196480938416