0 0.244140625 0.125366568914956 0.142578125 0.250733137829912
0 0.1669921875 0.26008906011730204 0.1669921875 0.43696071994134894 0.22854694140625 0.4044003695014663 0.1669921875 0.26008906011730204
0 0.789537841796875 0.5011777214076246 0.60703066015625 0.3418366700879765 0.587741333984375 0.3912282228739003 0.764650515625 0.5848541055718475 0.789537841796875 0.5011777214076246
0 0.60548356640625 0.503724215542522 0.8063599560546875 0.7805683035190616 0.795101380859375 0.6666260703812317 0.610220095703125 0.4749540234604105 0.60548356640625 0.503724215542522
0 0.61377933203125 0.4796895058651026 0.7868056162109375 0.6684063826979473 0.7974716171875 0.5767184574780059 0.6170614580078125 0.4411699281524926 0.61377933203125 0.4796895058651026
0 0.4200591357421875 0.4398989486803519 0.623898365234375 0.718523348973607 0.612639759765625 0.4817370513196481 0.4391860390625 0.3794772331378299 0.4200591357421875 0.4398989486803519
0 0.2679021640625 0.4471548181818182 0.354415291015625 0.79254223313783 0.3970793251953125 0.746253215542522 0.2994267802734375 0.4235434442815249 0.2679021640625 0.4471548181818182
0 0.1669921875 0.509294146627566 0.1669921875 0.6079901173020529 0.1992032373046875 0.6084072375366569 0.1669921875 0.509294146627566
0 0.3368383984375 0.8617173020527858 0.283508392578125 0.5252315381231671 0.26228795703125 0.5337089706744867 0.23847415234375 0.8421334164222873 0.3368383984375 0.8617173020527858
0 0.3996501240234375 0.44631928885630495 0.380688357421875 0.4570013870967742 0.4594982626953125 0.7721229545454545 0.512235724609375 0.7089205645161291 0.4049792265625 0.43823218035190614 0.3996501240234375 0.44631928885630495
0 0.367059546875 0.6207934428152493 0.478460029296875 0.8985276422287389 0.518753828125 0.8077299178885631 0.3942285146484375 0.5763063079178886 0.367059546875 0.6207934428152493
0 0.1669921875 0.8419714677419355 0.26141439453125 0.7068339340175953 0.1754938115234375 0.4362211187683284 0.1669921875 0.4336667829912023 0.1669921875 0.8419714677419355
0 0.66259765625 0.7074780058651027 0.0947265625 0.15542521994134897
0 0.1669921875 0.9800873240469208 0.1865753740234375 0.9903091876832844 0.2493862919921875 0.8550027580645162 0.1669921875 0.8181154574780058 0.1669921875 0.9800873240469208
0 0.75 0.9824046920821115 0.060546875 0.03519061583577713
0 0.583218443359375 1 0.6395402197265625 0.9640889648093842 0.49712296875 0.6239254692082111 0.460977044921875 0.6479601788856305 0.5545995166015625 1 0.583218443359375 1
0 0.65380859375 0.8343108504398827 0.0859375 0.13343108504398826
0 0.462890625 0.9545454545454546 0.052734375 0.09090909090909091
0 0.5107421875 0.9428152492668622 0.05078125 0.11436950146627566
0 0.39794921875 0.8900293255131965 0.052734375 0.10557184750733138
0 0.328125 0.9618768328445748 0.052734375 0.07624633431085044
0 0.74755859375 0.8819648093841642 0.04296875 0.08211143695014662
0 0.8154296875 0.13636363636363635 0.03515625 0.20381231671554254