0 0.9130859375 0.03372434017595308 0.1484375 0.06744868035190615
0 0.78662109375 0.0689149560117302 0.087890625 0.1378299120234604
0 0.70458984375 0.11290322580645161 0.056640625 0.19648093841642228
0 0.61572265625 0.23093841642228738 0.154296875 0.25513196480938416
0 0.6650390625 0.04985337243401759 0.0859375 0.09970674486803519
0 0.9755859375 0.6539589442815249 0.048828125 0.16129032258064516
0 0.9755859375 0.5219941348973607 0.048828125 0.1378299120234604
0 0.96240234375 0.38049853372434017 0.0751953125 0.19794721407624633
0 0.96484375 0.2250733137829912 0.0703125 0.12609970674486803
0 0.8837890625 0.43548387096774194 0.08984375 0.18621700879765396
0 0.86767578125 0.2375366568914956 0.09765625 0.14076246334310852
0 0.9892578125 0.9728739002932552 0.021484375 0.05278592375366569
0 0.9521484375 0.9105571847507331 0.095703125 0.17888563049853373
0 0.8935546875 0.9794721407624634 0.109375 0.04105571847507331
0 0.87158203125 0.8541055718475073 0.08984375 0.16715542521994134
0 0.81396484375 0.6920821114369502 0.1376953125 0.21994134897360704
0 0.791015625 0.501466275659824 0.0673828125 0.17888563049853373
0 0.80810546875 0.2829912023460411 0.08203125 0.16715542521994134
0 0.73876953125 0.3313782991202346 0.1103515625 0.25513196480938416
0 0.77294921875 0.8658357771260997 0.08984375 0.15249266862170088
0 0.59375 0.07258064516129033 0.056640625 0.1436950146627566
0 0.70458984375 0.531524926686217 0.0859375 0.14809384164222875
0 0.66064453125 0.4281524926686217 0.076171875 0.1627565982404692
0 0.67431640625 0.8372434017595308 0.12890625 0.25219941348973607
0 0.57861328125 0.6070381231671554 0.123046875 0.19648093841642228
0 0.578125 0.42668621700879766 0.087890625 0.23313782991202345
0 0.4365234375 0.48533724340175954 0.193359375 0.2404692082111437
0 0.51904296875 0.24120234604105573 0.064453125 0.1378299120234604
0 0.52099609375 0.11070381231671554 0.048828125 0.09824046920821114
0 0.53125 0.03372434017595308 0.0830078125 0.06744868035190615
0 0.642578125 0.6781524926686217 0.099609375 0.16422287390029325
0 0.56494140625 0.8335777126099707 0.1015625 0.17155425219941348
0 0.654296875 0.9750733137829912 0.2109375 0.04985337243401759
0 0.50146484375 0.967741935483871 0.1201171875 0.06451612903225806
0 0.4306640625 0.9039589442815249 0.162109375 0.19208211143695014
0 0.34619140625 0.9362170087976539 0.1591796875 0.12756598240469208
0 0.19091796875 0.9611436950146628 0.14453125 0.07624633431085044
0 0.4306640625 0.6964809384164223 0.0634765625 0.12903225806451613
0 0.3525390625 0.7199413489736071 0.0595703125 0.1187683284457478
0 0.318359375 0.8101173020527859 0.0546875 0.11436950146627566
0 0.2421875 0.8929618768328446 0.083984375 0.13343108504398826
0 0.09619140625 0.8453079178885631 0.19140625 0.17595307917888564
0 0.2265625 0.7206744868035191 0.146484375 0.17595307917888564
0 0.4130859375 0.3255131964809384 0.1171875 0.13196480938416422
0 0.41650390625 0.15395894428152493 0.134765625 0.20234604105571846
0 0.390625 0.030058651026392963 0.1015625 0.05865102639296188
0 0.29052734375 0.24193548387096775 0.123046875 0.15835777126099707
0 0.28369140625 0.1217008797653959 0.099609375 0.11143695014662756
0 0.20947265625 0.10337243401759531 0.087890625 0.07624633431085044
0 0.1640625 0.15249266862170088 0.10546875 0.11730205278592376
0 0.201171875 0.04105571847507331 0.080078125 0.08211143695014662
0 0.130859375 0.06304985337243402 0.0732421875 0.12609970674486803
0 0.21630859375 0.5740469208211144 0.1357421875 0.08504398826979472
0 0.14990234375 0.45894428152492667 0.1953125 0.20527859237536658
0 0.0693359375 0.3255131964809384 0.091796875 0.10410557184750734
0 0.05615234375 0.2118768328445748 0.1123046875 0.15249266862170088
0 0.03466796875 0.09970674486803519 0.0693359375 0.14222873900293256
0 0.2734375 0.05865102639296188 0.0830078125 0.10557184750733138
0 0.0654296875 0.6517595307917888 0.130859375 0.19501466275659823
0 0.01953125 0.4772727272727273 0.0390625 0.12316715542521994
0 0.01318359375 0.28885630498533726 0.0263671875 0.09530791788856305