0 0.88580716015625 1 0.8708129287109375 0.9323612346041056 0.6883831904296875 0.708847293255132 0.66039396875 0.7568502639296187 0.851320443359375 1 0.88580716015625 1
0 0.6958803056640624 0.7230981656891495 0.8813089052734375 0.9578628123167156 0.92879061328125 0.9121099574780058 0.7313666435546875 0.6660945953079179 0.6958803056640624 0.7230981656891495
0 0.87158203125 0.4479472140762463 0.13232421875 0.17302052785923755
0 0.6796875 0.5696480938416423 0.0751953125 0.11510263929618768
0 0.7451171875 0.5432551319648093 0.06689453125 0.09164222873900293
0 0.35546875 0.6326979472140762 0.09521484375 0.13416422287390029
0 0.52490234375 0.8841642228739003 0.05322265625 0.11510263929618768
0 0.72705078125 0.39296187683284456 0.06982421875 0.10483870967741936
0 0.3369140625 0.14149560117302054 0.12646484375 0.15762463343108504
0 0.46142578125 0.2844574780058651 0.1201171875 0.14589442815249268
0 1 0.7777749076246335 0.8088002685546875 0.6094469222873901 0.7766854248046875 0.6448005615835777 1 0.875012969208211 1 0.7777749076246335
0 0.634327646484375 0.8241186041055719 0.7562972333984375 1 0.830894681640625 0.9998007038123167 0.6580847626953125 0.7849649809384165 0.634327646484375 0.8241186041055719
0 0.1435546875 0.9340175953079178 0.09912109375 0.1312316715542522
0 0.232421875 0.5806451612903226 0.12890625 0.17082111436950145
0 0.6328125 0.4046920821114369 0.09423828125 0.1590909090909091
0 0.76025390625 0.26392961876832843 0.11328125 0.1598240469208211
0 0.55322265625 0.46480938416422285 0.095703125 0.17155425219941348
0 0.30029296875 0.9039589442815249 0.087890625 0.19134897360703812
0 0.43505859375 0.530791788856305 0.11962890625 0.21114369501466276
0 0.3876953125 0.8365102639296188 0.06787109375 0.13636363636363635
0 0.0029296875 0.7096774193548387 0.00537109375 0.18548387096774194