0 0.1025390625 0.032991202346041054 0.14306640625 0.06598240469208211
0 0.2236328125 0.06671554252199413 0.08447265625 0.13343108504398826
0 0.302734375 0.11070381231671554 0.0537109375 0.187683284457478
0 0.3876953125 0.22360703812316715 0.1474609375 0.24560117302052786
0 0.34033203125 0.04912023460410557 0.08203125 0.09824046920821114
0 0.03271484375 0.6282991202346041 0.0654296875 0.15542521994134897
0 0.03271484375 0.5021994134897361 0.0654296875 0.13269794721407624
0 0.0458984375 0.36730205278592376 0.09130859375 0.18988269794721407
0 0.01171875 0.17375366568914957 0.02294921875 0.13856304985337242
0 0.04443359375 0.218475073313783 0.0849609375 0.12096774193548387
0 0.13037109375 0.41935483870967744 0.0869140625 0.1781524926686217
0 0.14599609375 0.22947214076246333 0.09375 0.13416422287390029
0 0.01953125 0.9538123167155426 0.0390625 0.08944281524926687
0 0.05517578125 0.8804985337243402 0.1103515625 0.18181818181818182
0 0.12158203125 0.9611436950146628 0.1044921875 0.07771260997067449
0 0.142578125 0.8211143695014663 0.0869140625 0.1598240469208211
0 0.197265625 0.6649560117302052 0.13232421875 0.21041055718475074
0 0.2197265625 0.48240469208211145 0.064453125 0.17228739002932553
0 0.203125 0.27346041055718473 0.07861328125 0.1598240469208211
0 0.26953125 0.3196480938416422 0.10546875 0.2434017595307918
0 0.236328125 0.8313782991202346 0.0869140625 0.14589442815249268
0 0.408203125 0.07038123167155426 0.0537109375 0.14076246334310852
0 0.30224609375 0.5117302052785924 0.08251953125 0.14222873900293256
0 0.3447265625 0.41275659824046923 0.0732421875 0.156158357771261
0 0.33154296875 0.8049853372434017 0.12353515625 0.24193548387096775
0 0.42333984375 0.5835777126099707 0.11865234375 0.18914956011730205
0 0.423828125 0.4112903225806452 0.08447265625 0.22360703812316715
0 0.5595703125 0.46774193548387094 0.18505859375 0.23020527859237536
0 0.47998046875 0.23313782991202345 0.0615234375 0.13343108504398826
0 0.478515625 0.10777126099706745 0.0458984375 0.093841642228739
0 0.46875 0.032991202346041054 0.07958984375 0.06598240469208211
0 0.36181640625 0.6524926686217009 0.095703125 0.15762463343108504
0 0.43603515625 0.8013196480938416 0.09716796875 0.16422287390029325
0 0.3505859375 0.9567448680351907 0.20263671875 0.08651026392961877
0 0.498046875 0.9501466275659824 0.115234375 0.09970674486803519
0 0.56494140625 0.8863636363636364 0.1552734375 0.21994134897360704
0 0.64599609375 0.9186217008797654 0.1533203125 0.1627565982404692
0 0.794921875 0.9435483870967742 0.13818359375 0.11290322580645161
0 0.56494140625 0.6700879765395894 0.06103515625 0.12243401759530792
0 0.64013671875 0.6920821114369502 0.05712890625 0.11363636363636363
0 0.6728515625 0.7785923753665689 0.052734375 0.10997067448680352
0 0.74609375 0.8577712609970675 0.0810546875 0.1282991202346041
0 0.89697265625 0.8123167155425219 0.2060546875 0.1693548387096774
0 0.7607421875 0.6928152492668622 0.14013671875 0.16862170087976538
0 0.58203125 0.31451612903225806 0.1123046875 0.12683284457478006
0 0.57861328125 0.1495601173020528 0.12841796875 0.19501466275659823
0 0.60302734375 0.02932551319648094 0.0966796875 0.05865102639296188
0 0.69921875 0.23460410557184752 0.1171875 0.15249266862170088
0 0.7060546875 0.1187683284457478 0.09521484375 0.10777126099706745
0 0.77734375 0.10117302052785923 0.08447265625 0.0718475073313783
0 0.82080078125 0.14809384164222875 0.10107421875 0.11290322580645161
0 0.78515625 0.04032258064516129 0.0771484375 0.08064516129032258
0 0.8525390625 0.06158357771260997 0.0703125 0.12316715542521994
0 0.7705078125 0.5527859237536656 0.13037109375 0.08211143695014662
0 0.83447265625 0.44208211143695014 0.18701171875 0.19648093841642228
0 0.91162109375 0.31378299120234604 0.08837890625 0.09970674486803519
0 0.93505859375 0.20527859237536658 0.1298828125 0.1466275659824047
0 0.95556640625 0.0967741935483871 0.0888671875 0.1348973607038123
0 0.7158203125 0.05865102639296188 0.07958984375 0.10117302052785923
0 0.92626953125 0.6268328445747801 0.1474609375 0.18695014662756598
0 0.97021484375 0.4596774193548387 0.0595703125 0.1187683284457478
0 0.97607421875 0.27785923753665687 0.0478515625 0.09237536656891496