0 0.06005859375 0.9017595307917888 0.0517578125 0.08944281524926687
0 0.4521484375 0.9252199413489736 0.1005859375 0.11143695014662756
0 0.5576171875 0.8812316715542522 0.216796875 0.1744868035190616
0 0.541015625 0.9589442815249267 0.0498046875 0.08064516129032258
0 0.58154296875 0.9912023460410557 0.0498046875 0.01466275659824047
0 0.46240234375 0.4567448680351906 0.0751953125 0.09530791788856305
0 0.3759765625 0.4934017595307918 0.0859375 0.11730205278592376
0 0.16064453125 0.0813782991202346 0.0859375 0.14516129032258066
0 0.15185546875 0.15029325513196481 0.06640625 0.10703812316715543
0 0.0556640625 0.2859237536656892 0.05859375 0.08064516129032258
0 0.00634765625 0.31158357771260997 0.0126953125 0.1187683284457478
0 0.37744140625 0.19208211143695014 0.08984375 0.16862170087976538
0 0.51220703125 0.20821114369501467 0.0615234375 0.10703812316715543
0 0.4560546875 0.1532258064516129 0.0576171875 0.0967741935483871
0 0.80224609375 0.2368035190615836 0.12890625 0.16129032258064516
0 0.65283203125 0.18695014662756598 0.0791015625 0.09824046920821114
0 0.603515625 0.3687683284457478 0.2509765625 0.2873900293255132
0 0.640625 0.5 0.0703125 0.08064516129032258
0 0.60791015625 0.6304985337243402 0.0869140625 0.13636363636363635
0 0.77685546875 0.4508797653958944 0.2041015625 0.23020527859237536
0 0.4921875 0.5784457478005866 0.0947265625 0.08944281524926687
0 0.40966796875 0.5989736070381232 0.05078125 0.0747800586510264
0 0.76171875 0.8467741935483871 0.1201171875 0.12903225806451613
0 0.75341796875 0.6766862170087976 0.1220703125 0.0967741935483871
0 0.1943359375 0.9721407624633431 0.103515625 0.05571847507331378
0 0.22314453125 0.8892961876832844 0.1044921875 0.093841642228739
0 0.33447265625 0.9369501466275659 0.0751953125 0.10703812316715543
0 0.2958984375 0.9648093841642229 0.076171875 0.07038123167155426
0 0.35595703125 0.7888563049853372 0.0966796875 0.15102639296187684
0 0.45361328125 0.780791788856305 0.1142578125 0.12756598240469208
0 0.884765625 0.7741935483870968 0.0634765625 0.0718475073313783
0 0.85595703125 0.7089442815249267 0.0712890625 0.04838709677419355
0 0.79736328125 0.7668621700879765 0.126953125 0.09530791788856305
0 0.67578125 0.7602639296187683 0.125 0.11436950146627566
0 0.5673828125 0.8262463343108505 0.2109375 0.15835777126099707
0 0.939453125 0.624633431085044 0.0849609375 0.11290322580645161
0 0.69775390625 0.593108504398827 0.09375 0.093841642228739
0 0.13525390625 0.4083577712609971 0.0771484375 0.1217008797653959
0 0.01416015625 0.8079178885630498 0.0234375 0.18914956011730205
0 0.11181640625 0.7456011730205279 0.0810546875 0.12756598240469208
0 0.05224609375 0.6979472140762464 0.1015625 0.16715542521994134
0 0.07666015625 0.5769794721407625 0.0693359375 0.08944281524926687
0 0.02099609375 0.5762463343108505 0.0400390625 0.10117302052785923
0 0.04736328125 0.1158357771260997 0.091796875 0.16715542521994134
0 0.287109375 0.14736070381231672 0.0830078125 0.11290322580645161
0 0.1767578125 0.2859237536656892 0.103515625 0.1436950146627566
0 0.00732421875 0.22947214076246333 0.0146484375 0.11290322580645161
0 0.0166015625 0.4252199413489736 0.033203125 0.10263929618768329
0 0.3076171875 0.36363636363636365 0.1015625 0.18475073313782991
0 0.48193359375 0.30718475073313783 0.1025390625 0.08504398826979472
0 0.4541015625 0.3870967741935484 0.0947265625 0.08211143695014662
0 0.583984375 0.09237536656891496 0.095703125 0.1158357771260997
0 0.572265625 0.20307917888563048 0.0947265625 0.12023460410557185
0 0.7890625 0.09164222873900293 0.0517578125 0.07771260997067449
0 0.81103515625 0.18181818181818182 0.0830078125 0.09824046920821114
0 0.83837890625 0.6129032258064516 0.1630859375 0.1187683284457478
0 0.8857421875 0.9296187683284457 0.1748046875 0.12463343108504399
0 0.2353515625 0.024926686217008796 0.068359375 0.036656891495601175
0 0.86865234375 0.1187683284457478 0.0869140625 0.0967741935483871
0 0.87548828125 0.28079178885630496 0.0869140625 0.08944281524926687
0 0.18115234375 0.5527859237536656 0.083984375 0.13196480938416422
0 0.0673828125 0.3841642228739003 0.05859375 0.09824046920821114
0 0.26806640625 0.5659824046920822 0.0947265625 0.14222873900293256