0 0.974609375 0.9530791788856305 0.05078125 0.093841642228739
0 0.97314453125 0.5725806451612904 0.052734375 0.1906158357771261
0 0.95361328125 0.7873900293255132 0.0927734375 0.13049853372434017
0 0.90966796875 0.6334310850439883 0.11328125 0.17302052785923755
0 0.91357421875 0.9758064516129032 0.1494140625 0.04838709677419355
0 0.8212890625 0.9244868035190615 0.1474609375 0.1378299120234604
0 0.8193359375 0.8086510263929618 0.083984375 0.11730205278592376
0 0.77294921875 0.6744868035190615 0.134765625 0.1348973607038123
0 0.78662109375 0.9875366568914956 0.087890625 0.024926686217008796
0 0.72119140625 0.8673020527859238 0.0654296875 0.13343108504398826
0 0.6650390625 0.9831378299120235 0.0859375 0.03372434017595308
0 0.63330078125 0.8885630498533724 0.095703125 0.1348973607038123
0 0.990234375 0.2060117302052786 0.01953125 0.1656891495601173
0 0.98095703125 0.09017595307917889 0.0380859375 0.1217008797653959
0 0.93603515625 0.11143695014662756 0.078125 0.19941348973607037
0 0.93896484375 0.4435483870967742 0.1220703125 0.1158357771260997
0 0.91455078125 0.3027859237536657 0.078125 0.14809384164222875
0 0.81591796875 0.4090909090909091 0.078125 0.15689149560117302
0 0.83740234375 0.14736070381231672 0.06640625 0.18621700879765396
0 0.76416015625 0.2697947214076246 0.1015625 0.2287390029325513
0 0.80224609375 0.19574780058651026 0.001953125 0.016129032258064516
0 0.759765625 0.06818181818181818 0.068359375 0.13636363636363635
0 0.75244140625 0.47947214076246336 0.064453125 0.21407624633431085
0 0.6953125 0.4538123167155425 0.04296875 0.12609970674486803
0 0.69287109375 0.3585043988269795 0.0673828125 0.11143695014662756
0 0.61572265625 0.7448680351906158 0.12890625 0.15542521994134897
0 0.6513671875 0.6121700879765396 0.0634765625 0.11143695014662756
0 0.62109375 0.5593841642228738 0.0810546875 0.07038123167155426
0 0.6376953125 0.4538123167155425 0.080078125 0.12609970674486803
0 0.6181640625 0.3555718475073314 0.099609375 0.12316715542521994
0 0.66455078125 0.2558651026392962 0.0498046875 0.0718475073313783
0 0.65771484375 0.1282991202346041 0.076171875 0.15835777126099707
0 0.62109375 0.07624633431085044 0.099609375 0.13636363636363635
0 0.42822265625 0.23607038123167157 0.142578125 0.1348973607038123
0 0.46142578125 0.05571847507331378 0.10546875 0.10410557184750734
0 0.60546875 0.2529325513196481 0.0390625 0.093841642228739
0 0.5029296875 0.4156891495601173 0.115234375 0.15249266862170088
0 0.53369140625 0.2653958944281525 0.078125 0.12023460410557185
0 0.53857421875 0.9186217008797654 0.0625 0.1627565982404692
0 0.4697265625 0.9369501466275659 0.052734375 0.12609970674486803
0 0.390625 0.9648093841642229 0.1015625 0.07038123167155426
0 0.52880859375 0.7287390029325513 0.087890625 0.11436950146627566
0 0.5068359375 0.5777126099706745 0.107421875 0.18181818181818182
0 0.38134765625 0.8504398826979472 0.13671875 0.18181818181818182
0 0.36669921875 0.6341642228739003 0.1171875 0.12023460410557185
0 0.39111328125 0.5021994134897361 0.0927734375 0.14076246334310852
0 0.30419921875 0.5410557184750733 0.095703125 0.17302052785923755
0 0.38427734375 0.38049853372434017 0.11328125 0.15542521994134897
0 0.283203125 0.3848973607038123 0.087890625 0.1906158357771261
0 0.24560546875 0.20674486803519063 0.1015625 0.1774193548387097
0 0.34228515625 0.09237536656891496 0.1171875 0.18475073313782991
0 0.2294921875 0.06085043988269795 0.0791015625 0.1217008797653959
0 0.2021484375 0.48900293255131966 0.078125 0.2697947214076246
0 0.1806640625 0.2829912023460411 0.083984375 0.18181818181818182
0 0.17529296875 0.11290322580645161 0.0830078125 0.09970674486803519
0 0.27099609375 0.8936950146627566 0.162109375 0.14076246334310852
0 0.2373046875 0.7346041055718475 0.1484375 0.12609970674486803
0 0.08984375 0.9017595307917888 0.1796875 0.12903225806451613
0 0.076171875 0.7697947214076246 0.15234375 0.187683284457478
0 0.119140625 0.6011730205278593 0.083984375 0.12609970674486803
0 0.09521484375 0.4706744868035191 0.1142578125 0.15249266862170088
0 0.07666015625 0.3387096774193548 0.1513671875 0.12756598240469208
0 0.1015625 0.16202346041055718 0.107421875 0.21700879765395895
0 0.1259765625 0.04398826979472141 0.107421875 0.08797653958944282
0 0.60791015625 0.20674486803519063 0.009765625 0.001466275659824047
0 0.0224609375 0.21041055718475074 0.044921875 0.15542521994134897
0 0.02880859375 0.06304985337243402 0.056640625 0.12609970674486803
0 0.033203125 0.5637829912023461 0.06640625 0.16422287390029325
0 0.01318359375 0.42888563049853373 0.0263671875 0.08797653958944282
0 0.15625 0.8284457478005866 0.109375 0.12903225806451613
0 0.01806640625 0.9574780058651027 0.03515625 0.08504398826979472