0 0.0712890625 0.2001466275659824 0.103515625 0.09824046920821114
0 0.0390625 0.09310850439882698 0.078125 0.10410557184750734
0 0.02099609375 0.019794721407624633 0.0419921875 0.039589442815249266
0 0.9580078125 0.9633431085043989 0.064453125 0.07331378299120235
0 0.93212890625 0.8892961876832844 0.0615234375 0.0967741935483871
0 0.8359375 0.8548387096774194 0.0849609375 0.11730205278592376
0 0.87841796875 0.9633431085043989 0.10546875 0.07331378299120235
0 0.1396484375 0.7052785923753666 0.15234375 0.13929618768328444
0 0.08740234375 0.5381231671554252 0.107421875 0.12316715542521994
0 0.03369140625 0.6803519061583577 0.06640625 0.10850439882697947
0 0.15087890625 0.26759530791788855 0.1201171875 0.16129032258064516
0 0.748046875 0.7573313782991202 0.08984375 0.15542521994134897
0 0.1102085244140625 1 0.2361648935546875 0.9414321011730206 0.1603281162109375 0.8368991231671555 0.0176426142578125 0.9920125542521994 0.0285803271484375 1 0.1102085244140625 1
0 0.07421875 0.8159824046920822 0.1328125 0.06304985337243402
0 0.33349609375 0.9237536656891495 0.2138671875 0.15249266862170088
0 0.61376953125 0.9230205278592375 0.1015625 0.1348973607038123
0 0.72412109375 0.969208211143695 0.103515625 0.06158357771260997
0 0.79296875 0.9200879765395894 0.0654296875 0.09970674486803519
0 0.26904296875 0.3196480938416422 0.1005859375 0.12903225806451613
0 0.39697265625 0.5718475073313783 0.0888671875 0.17008797653958943
0 0.95849609375 0.7236070381231672 0.08203125 0.19208211143695014