0 0.345703125 0.8401759530791789 0.177734375 0.2126099706744868
0 0.3701171875 0.7133431085043989 0.11474609375 0.1348973607038123
0 0.47802734375 0.8775659824046921 0.14794921875 0.10997067448680352
0 0.46044921875 0.7309384164222874 0.11279296875 0.16202346041055718
0 0.5029296875 0.6085043988269795 0.126953125 0.1378299120234604
0 0.58837890625 0.5527859237536656 0.09765625 0.12316715542521994
0 0.609375 0.4406158357771261 0.0927734375 0.156158357771261
0 0.6728515625 0.7023460410557185 0.07861328125 0.08577712609970674
0 0.72607421875 0.5857771260997068 0.1376953125 0.13563049853372433
0 0.736328125 0.4406158357771261 0.11669921875 0.19134897360703812
0 0.81689453125 0.6818181818181818 0.08349609375 0.09017595307917889
0 0.85986328125 0.5153958944281525 0.1103515625 0.1627565982404692
0 0.9130859375 0.6649560117302052 0.09326171875 0.11803519061583578
0 0.93896484375 0.8387096774193549 0.04541015625 0.09530791788856305
0 0.990234375 0.9318181818181818 0.01953125 0.1217008797653959
0 0.978515625 0.8555718475073314 0.0419921875 0.07551319648093842
0 0.966796875 0.7551319648093842 0.06591796875 0.11363636363636363
0 0.966796875 0.6671554252199413 0.06591796875 0.11363636363636363
0 0.98291015625 0.5505865102639296 0.0341796875 0.18328445747800587
0 0.4453125 0.38636363636363635 0.1240234375 0.22287390029325513
0 0.51416015625 0.46480938416422285 0.0849609375 0.18621700879765396
0 0.185546875 0.8115835777126099 0.16357421875 0.16422287390029325
0 0.22607421875 0.6686217008797654 0.162109375 0.187683284457478
0 0.27734375 0.5586510263929618 0.11181640625 0.11803519061583578
0 0.2919921875 0.46920821114369504 0.10595703125 0.17668621700879766
0 0.041015625 0.5557184750733137 0.05712890625 0.1378299120234604
0 0.068359375 0.4083577712609971 0.1005859375 0.17888563049853373
0 0.10498046875 0.5623167155425219 0.1083984375 0.12463343108504399
0 0.1611328125 0.45161290322580644 0.17431640625 0.17668621700879766
0 0.20654296875 0.29765395894428154 0.13525390625 0.16055718475073313
0 0.275390625 0.19134897360703812 0.1669921875 0.1598240469208211
0 0.095703125 0.2280058651026393 0.13134765625 0.20674486803519063
0 0.15087890625 0.11950146627565983 0.1240234375 0.14882697947214077
0 0.0556640625 0.9640762463343109 0.0927734375 0.0718475073313783
0 0.04833984375 0.8790322580645161 0.08935546875 0.15689149560117302
0 0.08544921875 0.7089442815249267 0.123046875 0.17082111436950145
0 0.1591796875 0.9904692082111437 0.13525390625 0.018328445747800588
0 0.390625 0.9772727272727273 0.0732421875 0.045454545454545456
0 0.51318359375 0.966275659824047 0.10107421875 0.06744868035190615
0 0.60888671875 0.9640762463343109 0.09814453125 0.0718475073313783
0 0.56103515625 0.7785923753665689 0.14306640625 0.12390029325513197
0 0.63037109375 0.8621700879765396 0.11181640625 0.13269794721407624
0 0.69677734375 0.9296187683284457 0.1494140625 0.12609970674486803
0 0.75244140625 0.8020527859237536 0.13671875 0.15395894428152493
0 0.73486328125 0.999266862170088 0.07275390625 0.0007331378299120235
0 0.83740234375 0.8929618768328446 0.11279296875 0.11436950146627566
0 0.90283203125 0.9552785923753666 0.126953125 0.08944281524926687
0 0.87451171875 0.7712609970674487 0.0810546875 0.10997067448680352
0 0.06005859375 0.054252199413489736 0.10791015625 0.10850439882697947
0 0.1904296875 0.041788856304985335 0.115234375 0.08357771260997067
0 0.2919921875 0.06744868035190615 0.08203125 0.08944281524926687
0 0.40673828125 0.056451612903225805 0.09326171875 0.11143695014662756
0 0.50244140625 0.2221407624633431 0.1142578125 0.14149560117302054
0 0.46142578125 0.14442815249266863 0.0732421875 0.11950146627565983
0 0.55126953125 0.08064516129032258 0.15283203125 0.14149560117302054
0 0.650390625 0.25219941348973607 0.1044921875 0.1312316715542522
0 0.62255859375 0.06158357771260997 0.09521484375 0.12316715542521994
0 0.6923828125 0.09604105571847507 0.08203125 0.14589442815249268
0 0.75146484375 0.24780058651026393 0.1005859375 0.14002932551319647
0 0.830078125 0.37976539589442815 0.0751953125 0.13049853372434017
0 0.85009765625 0.2316715542521994 0.06787109375 0.1436950146627566
0 0.830078125 0.08431085043988269 0.0751953125 0.16862170087976538
0 0.75537109375 0.047653958944281524 0.060546875 0.09457478005865103
0 0.88720703125 0.36070381231671556 0.0361328125 0.11070381231671554
0 0.93115234375 0.42668621700879766 0.029296875 0.05718475073313783
0 0.935546875 0.3467741935483871 0.0439453125 0.09017595307917889
0 0.9228515625 0.2368035190615836 0.08349609375 0.16202346041055718
0 0.90966796875 0.09310850439882698 0.08642578125 0.1312316715542522
0 0.978515625 0.19941348973607037 0.04296875 0.15835777126099707
0 0.98876953125 0.08870967741935484 0.0224609375 0.1158357771260997