0 0.6785560009765625 0 0.768456349609375 0.24781524926686216 0.822746841796875 0.22766622140762463 0.7672888359375 0 0.6785560009765625 0
0 0.61434143359375 0.0016466715542521994 0.686144990234375 0.2320464457478006 0.7176685166015625 0.22065786950146626 0.6260168681640625 0 0.61434143359375 0.0016466715542521994
0 0.569693341796875 0 0.6493675615234376 0.18999629325513195 0.6703832265625 0.16721913929618767 0.5857368388671875 0 0.569693341796875 0
0 0.48357726953125 0 0.6230979951171876 0.17422748973607038 0.6446974462890624 0.1654670395894428 0.5670561728515625 0 0.48357726953125 0
0 0.5581340390625 0 0.615509005859375 0.12867318328445748 0.6318544970703125 0.12254085923753666 0.579899091796875 0 0.5581340390625 0
0 0.42870301953125 0 0.5402028486328125 0.12779711143695013 0.5648769658203125 0.09741393841642229 0.469566806640625 0 0.42870301953125 0
0 0.688653048828125 0.38347876099706746 0.8310925888671875 0.6138785806451613 0.875459005859375 0.597233706744868 0.7762183095703125 0.32741188269794724 0.688653048828125 0.38347876099706746
0 0.7032472392578125 0.40099964076246336 0.7534513447265625 0.3782224868035191 0.6746425859375 0.1513268870967742 0.596665046875 0.19133326832844577 0.7032472392578125 0.40099964076246336
0 0.9534700556640625 0 1 0.4124151950146627 1 0 0.9534700556640625 0
0 0.8288593359375 0 0.908251880859375 0.28938753519061583 0.9444455234375 0.3007761129032258 0.87906344140625 0 0.8288593359375 0
0 0 0 0 0.0826409633431085 0.2046120478515625 0.23757047800586512 0.2329533212890625 0.17988190322580644 0.0233803388671875 0 0 0
0 0 0.1308233973607038 0.19305274609375 0.2809178607038123 0.2154402568359375 0.2306925073313783 0 0.04935123753665689 0 0.1308233973607038
0 0.088178693359375 0 0.0478986640625 0.014309480938416424 0.23820722265625 0.1746256495601173 0.250466384765625 0.13257554105571848 0.088178693359375 0
0 0.15417355078125 0 0.145417048828125 0.022262365102639296 0.2691759521484375 0.1212554706744868 0.2802676005859375 0.08095737096774194 0.15417355078125 0
0 0 0.22550478299120236 0.1391093359375 0.30837120234604104 0.154757337890625 0.25791841495601175 0 0.15279309677419356 0 0.22550478299120236
0 0 0.45463154252199417 0.0026537197265625 0.5343516246334311 0.1400726103515625 0.600243582111437 0.1585199365234375 0.5203349208211144 0 0.45463154252199417
0 0 0.37873406598240467 0.1419991611328125 0.4571972184750733 0.1680366142578125 0.4102716700879765 0 0.28499725806451615 0 0.37873406598240467
0 0 0.43742904985337244 0.1092478056640625 0.48176073607038117 0.120167595703125 0.4312967258064516 0 0.3559568680351906 0 0.43742904985337244
0 0.5068359375 0.40542521994134895 0.162109375 0.1495601173020528