0 0.2646484375 0.5667155425219942 0.09375 0.1158357771260997
0 0.2255859375 0.6781524926686217 0.072265625 0.11730205278592376
0 0.1806640625 0.8211143695014663 0.115234375 0.1627565982404692
0 0.0830078125 0.9618768328445748 0.09375 0.07624633431085044
0 0.162109375 0.24193548387096775 0.080078125 0.1436950146627566
0 0.25244140625 0.20821114369501467 0.087890625 0.10557184750733138
0 0.31005859375 0.04032258064516129 0.0712890625 0.08064516129032258
0 0.18896484375 0.07258064516129033 0.1005859375 0.13343108504398826
0 0.35498046875 0.4934017595307918 0.109375 0.19941348973607037
0 0.466796875 0.4178885630498534 0.09375 0.12609970674486803
0 0.59375 0.1217008797653959 0.091796875 0.11730205278592376