0 0.1875 0.021994134897360705 0.07421875 0.04398826979472141
0 0.40478515625 0.16862170087976538 0.06005859375 0.07697947214076246
0 0.07568359375 0.781524926686217 0.0732421875 0.06671554252199413
0 0.3994140625 0.25146627565982405 0.06884765625 0.08504398826979472
0 0.07080078125 0.2250733137829912 0.14111328125 0.1598240469208211
0 0.03955078125 0.36730205278592376 0.0791015625 0.10337243401759531
0 0.16748046875 0.4802052785923754 0.09326171875 0.06744868035190615
0 0.14453125 0.5549853372434017 0.10888671875 0.07404692082111437
0 0.1171875 0.6334310850439883 0.072265625 0.0872434017595308
0 0.087890625 0.717741935483871 0.08056640625 0.06744868035190615
0 0.212890625 0.4252199413489736 0.123046875 0.054252199413489736
0 0.224609375 0.36070381231671556 0.13525390625 0.08064516129032258
0 0.02197265625 0.5645161290322581 0.0439453125 0.250733137829912