0 0.889115763671875 1 0.8787873955078125 0.9534088768328447 0.69057933984375 0.7228153079178885 0.66170358203125 0.7723387346041055 0.840468171875 1 0.889115763671875 1
0 0.6983139208984375 0.737517564516129 0.88961582421875 0.9797181964809385 0.9386014765625 0.9325161554252199 0.734924259765625 0.6787084501466276 0.6983139208984375 0.737517564516129
0 0.8798828125 0.4538123167155425 0.13671875 0.17888563049853373
0 0.681640625 0.5791788856304986 0.078125 0.1187683284457478
0 0.7490234375 0.5520527859237536 0.0693359375 0.09530791788856305
0 0.3466796875 0.6436950146627566 0.0986328125 0.1378299120234604
0 0.52197265625 0.9032258064516129 0.0546875 0.1187683284457478
0 0.73046875 0.3966275659824047 0.072265625 0.10850439882697947
0 0.32763671875 0.1378299120234604 0.130859375 0.1627565982404692
0 0.4560546875 0.28519061583577715 0.1240234375 0.15102639296187684
0 1 0.7833031906158358 0.814810533203125 0.6202665073313782 0.7816784775390625 0.6567399457478006 1 0.881805073313783 1 0.7833031906158358
0 0.8191165107421875 1 0.6593212333984375 0.8013439618768328 0.63481162890625 0.8417377463343109 0.7445627578125 1 0.8191165107421875 1
0 0.12841796875 0.9435483870967742 0.1025390625 0.11290322580645161
0 0.22021484375 0.5909090909090909 0.1328125 0.1774193548387097
0 0.6328125 0.4090909090909091 0.09765625 0.16422287390029325
0 0.7646484375 0.26392961876832843 0.1171875 0.1656891495601173
0 0.55126953125 0.4714076246334311 0.0986328125 0.1774193548387097
0 0.2900390625 0.9127565982404692 0.0908203125 0.1744868035190616
0 0.42919921875 0.5388563049853372 0.123046875 0.21700879765395895
0 0.38037109375 0.8548387096774194 0.0703125 0.14076246334310852