0 0.8779296875 0.9193548387096774 0.072265625 0.08284457478005865
0 0.97509765625 0.6920821114369502 0.04931640625 0.1378299120234604
0 0.39501953125 0.9442815249266863 0.13818359375 0.11143695014662756
0 0.35693359375 0.9941348973607038 0.0400390625 0.011730205278592375
0 0.49658203125 0.9912023460410557 0.04736328125 0.01686217008797654
0 0.4482421875 0.9215542521994134 0.064453125 0.0747800586510264
0 0.2333984375 0.5505865102639296 0.10205078125 0.10997067448680352
0 0.25048828125 0.3870967741935484 0.0615234375 0.08284457478005865
0 0.7255859375 0.9501466275659824 0.107421875 0.09970674486803519
0 0.81494140625 0.7346041055718475 0.04736328125 0.0593841642228739
0 0.82373046875 0.8005865102639296 0.0458984375 0.07331378299120235
0 0.759765625 0.6363636363636364 0.06298828125 0.09604105571847507
0 0.62060546875 0.6202346041055719 0.0927734375 0.12390029325513197
0 0.4794921875 0.5491202346041055 0.107421875 0.14589442815249268
0 0.958984375 0.9545454545454546 0.08203125 0.09090909090909091
0 0.841796875 0.9721407624633431 0.0908203125 0.05571847507331378
0 0.76708984375 0.9875366568914956 0.09375 0.024926686217008796
0 0.55078125 0.751466275659824 0.12939453125 0.14149560117302054
0 0.7548828125 0.4244868035190616 0.07763671875 0.14149560117302054
0 0.65185546875 0.4303519061583578 0.10546875 0.1590909090909091
0 0.51171875 0.4046920821114369 0.2001953125 0.22360703812316715
0 0.525390625 0.3313782991202346 0.1650390625 0.21700879765395895
0 0.1103515625 0.6488269794721407 0.22021484375 0.11070381231671554
0 0.1171875 0.5513196480938416 0.234375 0.17888563049853373
0 0.24072265625 0.6414956011730205 0.10986328125 0.08357771260997067
0 0.3427734375 0.6092375366568915 0.08984375 0.11363636363636363
0 0.34912109375 0.3629032258064516 0.20458984375 0.18695014662756598
0 0.32177734375 0.4912023460410557 0.1611328125 0.1466275659824047
0 0.4052734375 0.6788856304985337 0.09619140625 0.08870967741935484
0 0.39697265625 0.783724340175953 0.13427734375 0.13709677419354838
0 0.298828125 0.7082111436950147 0.07470703125 0.09530791788856305
0 0.9091796875 0.593841642228739 0.0380859375 0.08797653958944282
0 0.82666015625 0.5021994134897361 0.08447265625 0.09017595307917889
0 0.83837890625 0.6063049853372434 0.08251953125 0.12243401759530792
0 0.28662109375 0.8885630498533724 0.16259765625 0.1187683284457478
0 0.2548828125 0.967008797653959 0.14794921875 0.06598240469208211
0 0.9453125 0.8460410557184751 0.109375 0.11070381231671554
0 0.98779296875 0.48167155425219943 0.0244140625 0.14809384164222875
0 0.7548828125 0.8343108504398827 0.06201171875 0.13636363636363635
0 0.689453125 0.8233137829912024 0.0595703125 0.09237536656891496
0 0.68212890625 0.9046920821114369 0.10986328125 0.08944281524926687
0 0.5849609375 0.8819648093841642 0.06689453125 0.0813782991202346
0 0.6328125 0.9772727272727273 0.1025390625 0.045454545454545456
0 0.53759765625 0.9398826979472141 0.0849609375 0.12023460410557185
0 0.91748046875 0.44868035190615835 0.0576171875 0.0967741935483871
0 0.94970703125 0.4046920821114369 0.07177734375 0.08944281524926687
0 0.94873046875 0.32404692082111436 0.0810546875 0.07551319648093842
0 0.7080078125 0.6173020527859238 0.06982421875 0.14002932551319647
0 0.91650390625 0.7426686217008798 0.072265625 0.09310850439882698