0 0.087890625 0.20234604105571846 0.099609375 0.09530791788856305
0 0.056640625 0.09897360703812316 0.076171875 0.10117302052785923
0 0.02978515625 0.02346041055718475 0.0595703125 0.0469208211143695
0 0.9482421875 0.9457478005865103 0.0625 0.07551319648093842
0 0.92236328125 0.8702346041055719 0.0595703125 0.09457478005865103
0 0.82958984375 0.8372434017595308 0.08203125 0.11436950146627566
0 0.87060546875 0.9530791788856305 0.1015625 0.093841642228739
0 0.154296875 0.6913489736070382 0.14794921875 0.13563049853372433
0 0.103515625 0.5293255131964809 0.1044921875 0.12023460410557185
0 0.0419921875 0.6678885630498533 0.083984375 0.10557184750733138
0 0.1650390625 0.26759530791788855 0.11572265625 0.156158357771261
0 0.744140625 0.7419354838709677 0.08642578125 0.15029325513196481
0 0.077489345703125 1 0.247920064453125 0.920752168621701 0.174411609375 0.8194285366568915 0.0361068037109375 0.9697797126099706 0.077489345703125 1
0 0.09130859375 0.7991202346041055 0.12939453125 0.06085043988269795
0 0.3427734375 0.9149560117302052 0.20703125 0.17008797653958943
0 0.61376953125 0.9032258064516129 0.09814453125 0.13049853372434017
0 0.72119140625 0.9589442815249267 0.1005859375 0.0813782991202346
0 0.78759765625 0.9002932551319648 0.0634765625 0.09604105571847507
0 0.27978515625 0.3181818181818182 0.0966796875 0.12463343108504399
0 0.40380859375 0.5623167155425219 0.0859375 0.16422287390029325
0 0.9541015625 0.7096774193548387 0.091796875 0.18548387096774194