0 0.0888671875 0.0813782991202346 0.134765625 0.1627565982404692
0 0.5029296875 0.18181818181818182 0.09765625 0.10777126099706745
0 0.330078125 0.48900293255131966 0.15234375 0.16348973607038123
0 0.20263671875 0.5718475073313783 0.125 0.15395894428152493
0 0.21435546875 0.2690615835777126 0.123046875 0.1495601173020528
0 0.8603515625 0.593108504398827 0.1533203125 0.20087976539589442
0 0.955078125 0.12463343108504399 0.08935546875 0.1348973607038123
0 0.91162109375 0.28225806451612906 0.126953125 0.18548387096774194
0 0.8662109375 0.09897360703812316 0.0869140625 0.13269794721407624
0 0.63330078125 0.2653958944281525 0.06201171875 0.1627565982404692
0 0.6943359375 0.2925219941348974 0.068359375 0.14516129032258066
0 0.43701171875 0.3966275659824047 0.080078125 0.12609970674486803
0 0.515625 0.32697947214076245 0.12548828125 0.17082111436950145
0 0.310546875 0.34457478005865105 0.10400390625 0.1312316715542522
0 0.23388671875 0.436950146627566 0.08251953125 0.10337243401759531
0 0.17333984375 0.4237536656891496 0.08740234375 0.10483870967741936
0 0.37646484375 0.9112903225806451 0.13427734375 0.10850439882697947
0 0.39013671875 0.2375366568914956 0.11865234375 0.21041055718475074
0 0.23681640625 0.13416422287390029 0.1298828125 0.1348973607038123
0 0.0791015625 0.2595307917888563 0.158203125 0.18841642228739003
0 0.65673828125 0.9824046920821115 0.12255859375 0.03519061583577713
0 0.6640625 0.905425219941349 0.11181640625 0.11436950146627566
0 0.1728515625 0.9134897360703812 0.09130859375 0.1282991202346041
0 0.35693359375 0.7023460410557185 0.12060546875 0.21774193548387097
0 0.43017578125 0.998533724340176 0.1513671875 0.002932551319648094
0 0.58740234375 0.7324046920821115 0.0849609375 0.17155425219941348
0 0.72998046875 0.7624633431085044 0.1396484375 0.21700879765395895
0 0.8671875 0.8563049853372434 0.09814453125 0.15029325513196481
0 0.7275390625 0.9875366568914956 0.05859375 0.024926686217008796
0 0.79296875 0.9538123167155426 0.1171875 0.09237536656891496
0 0.1142578125 0.7052785923753666 0.20263671875 0.125366568914956
0 0.74755859375 0.4868035190615836 0.06103515625 0.09897360703812316
0 0.7685546875 0.37023460410557185 0.08349609375 0.10850439882697947
0 0.0546875 0.9362170087976539 0.10888671875 0.12683284457478006