0 0.41162109375 0.6766862170087976 0.1220703125 0.15762463343108504
0 0.32373046875 0.5175953079178885 0.11865234375 0.15835777126099707
0 0.849609375 0.7719941348973607 0.13525390625 0.18988269794721407
0 0.22802734375 0.9230205278592375 0.1064453125 0.15395894428152493
0 0.69873046875 0.7258064516129032 0.0703125 0.1282991202346041
0 0.65771484375 0.9032258064516129 0.06689453125 0.10777126099706745
0 0.892578125 0.41715542521994137 0.1171875 0.13269794721407624
0 0.96875 0.31085043988269795 0.06201171875 0.14589442815249268
0 0.42529296875 0.8504398826979472 0.109375 0.14589442815249268
0 0.52587890625 0.8218475073313783 0.07421875 0.20087976539589442
0 0.60986328125 0.7609970674486803 0.10498046875 0.15689149560117302
0 0.73291015625 0.6275659824046921 0.09375 0.15102639296187684
0 0.1328125 0.9464809384164223 0.0947265625 0.10703812316715543