0 0.03369140625 0.07111436950146628 0.0390625 0.10190615835777127
0 0.0078125 0.10997067448680352 0.01513671875 0.11436950146627566
0 0.21923828125 0.04325513196480939 0.06103515625 0.08577712609970674
0 0.13671875 0.030058651026392963 0.05615234375 0.060117302052785926
0 0.2958984375 0.038856304985337244 0.072265625 0.07771260997067449
0 0.732421875 0.3621700879765396 0.05322265625 0.07917888563049853
0 0.7041015625 0.43621700879765396 0.0576171875 0.09090909090909091
0 0.6826171875 0.780791788856305 0.07177734375 0.13636363636363635
0 0.41357421875 0.6744868035190615 0.09375 0.15689149560117302
0 0.4775390625 0.7324046920821115 0.0712890625 0.14002932551319647
0 0.3525390625 0.7881231671554252 0.06640625 0.16129032258064516
0 0.1416015625 0.8526392961876833 0.0458984375 0.13269794721407624
0 0.0927734375 0.8027859237536656 0.02685546875 0.10190615835777127
0 0.03076171875 0.8137829912023461 0.02685546875 0.10043988269794721
0 0.03173828125 0.7646627565982405 0.021484375 0.05571847507331378
0 0.16064453125 0.5219941348973607 0.0498046875 0.08577712609970674
0 0.21630859375 0.5791788856304986 0.05419921875 0.11070381231671554
0 0.263671875 0.6370967741935484 0.05224609375 0.11803519061583578
0 0.41748046875 0.3555718475073314 0.06787109375 0.10117302052785923
0 0.4833984375 0.3489736070381232 0.0595703125 0.10337243401759531
0 0.57958984375 0.3181818181818182 0.04638671875 0.10337243401759531
0 0.666015625 0.34237536656891493 0.05810546875 0.07551319648093842
0 0.00341796875 0.004398826979472141 0.0068359375 0.008797653958944282
0 0.2841796875 0.3980938416422287 0.0634765625 0.13049853372434017
0 0.36962890625 0.40689149560117305 0.0322265625 0.06524926686217009
0 0.33740234375 0.37609970674486803 0.0458984375 0.10190615835777127
0 0.35107421875 0.4633431085043988 0.05615234375 0.06818181818181818
0 0.1591796875 0.4046920821114369 0.1015625 0.13269794721407624
0 0.044921875 0.40982404692082114 0.0537109375 0.07258064516129033
0 0.01904296875 0.45161290322580644 0.03759765625 0.10997067448680352
0 0.0087890625 0.2587976539589443 0.017578125 0.17155425219941348
0 0.10888671875 0.38049853372434017 0.0244140625 0.056451612903225805
0 0.1142578125 0.2866568914956012 0.05224609375 0.06378299120234604
0 0.01953125 0.3357771260997067 0.0390625 0.05571847507331378
0 0.0673828125 0.3357771260997067 0.04248046875 0.054252199413489736
0 0.0078125 0.7082111436950147 0.015625 0.07331378299120235
0 0.060546875 0.7543988269794721 0.03564453125 0.1282991202346041
0 0.1572265625 0.6759530791788856 0.03515625 0.13196480938416422
0 0.11328125 0.6906158357771262 0.05078125 0.10997067448680352
0 0.123046875 0.7580645161290323 0.0341796875 0.0813782991202346
0 0.18896484375 0.9215542521994134 0.06787109375 0.13196480938416422
0 0.58251953125 0.7529325513196481 0.14404296875 0.21700879765395895
0 0.61181640625 0.5417888563049853 0.09521484375 0.1378299120234604
0 0.583984375 0.6048387096774194 0.0888671875 0.09824046920821114
0 0.46826171875 0.5197947214076246 0.09521484375 0.12463343108504399
0 0.5078125 0.5879765395894428 0.107421875 0.18181818181818182
0 0.9287109375 0.5879765395894428 0.083984375 0.12023460410557185
0 0.82861328125 0.3878299120234604 0.09521484375 0.10263929618768329
0 0.9013671875 0.14442815249266863 0.138671875 0.18475073313782991
0 0.92333984375 0.007331378299120235 0.1513671875 0.01466275659824047
0 0.46484375 0.13856304985337242 0.05078125 0.05791788856304985
0 0.2802734375 0.250733137829912 0.07763671875 0.08870967741935484
0 0.09619140625 0.1187683284457478 0.0341796875 0.09237536656891496
0 0.14404296875 0.14589442815249268 0.08935546875 0.17082111436950145
0 0.2275390625 0.14002932551319647 0.05615234375 0.07551319648093842
0 0.3115234375 0.1158357771260997 0.06201171875 0.07331378299120235
0 0.23779296875 0.20674486803519063 0.08251953125 0.08284457478005865
0 0.74755859375 0.17082111436950145 0.09423828125 0.06451612903225806
0 0.73095703125 0.093841642228739 0.1611328125 0.09457478005865103
0 0.6142578125 0.2221407624633431 0.13232421875 0.17521994134897362
0 0.51611328125 0.0021994134897360706 0.0791015625 0.004398826979472141
0 0.56640625 0.04032258064516129 0.04248046875 0.06304985337243402
0 0.76318359375 0.5733137829912024 0.1865234375 0.15029325513196481
0 0.37060546875 0.8724340175953079 0.0791015625 0.13196480938416422
0 0.3154296875 0.5461876832844574 0.07373046875 0.13416422287390029
0 0.29833984375 0.658357771260997 0.0703125 0.11950146627565983
0 0.0615234375 0.6011730205278593 0.0546875 0.13563049853372433
0 0.365234375 0.2587976539589443 0.09033203125 0.11950146627565983
0 0.45654296875 0.06598240469208211 0.0673828125 0.08651026392961877
0 0.49755859375 0.0344574780058651 0.0576171875 0.0689149560117302
0 0.37353515625 0.038856304985337244 0.0478515625 0.07771260997067449
0 0.44140625 0.005131964809384164 0.048828125 0.010263929618768328
0 0.7744140625 0.2785923753665689 0.119140625 0.12390029325513197
0 0.7568359375 0.4604105571847507 0.0693359375 0.10850439882697947
0 0.9609375 0.4662756598240469 0.078125 0.11143695014662756
0 0.93115234375 0.8929618768328446 0.0859375 0.11290322580645161
0 0.52734375 0.8966275659824047 0.09130859375 0.12243401759530792
0 0.22314453125 0.750733137829912 0.0908203125 0.1282991202346041
0 0.0732421875 0.9090909090909091 0.0615234375 0.10263929618768329
0 0.017578125 0.5879765395894428 0.03466796875 0.12096774193548387
0 0.78466796875 0.025659824046920823 0.16357421875 0.051319648093841645