0 0.44775390625 0.9222873900293255 0.1123046875 0.15542521994134897
0 0.3235150283203125 1 0.3956360458984375 0.7980256348973607 0.3663928056640625 0.7826310102639297 0.254253484375 1 0.3235150283203125 1
0 0.2060546875 0.8944281524926686 0.072265625 0.21114369501466276
0 0.7568359375 0.9200879765395894 0.123046875 0.1495601173020528
0 0.6162109375 0.750733137829912 0.21875 0.36363636363636365
0 0.3393260751953125 0.3773147727272727 0.2147715390625 0.8215288401759532 0.2434272978515625 0.8700815014662756 0.4983192626953125 0.614959064516129 0.3393260751953125 0.3773147727272727
0 0.2106611708984375 0.41830614222873896 0.1672266650390625 0.5245329809384164 0.169391021484375 0.7107085806451613 0.16956160546875 0.7109789501466276 0.316510923828125 0.4013078225806452 0.2106611708984375 0.41830614222873896
0 0.80126953125 0.2060117302052786 0.05859375 0.21114369501466276
0 0.4033203125 0.08944281524926687 0.19140625 0.17888563049853373
0 0.18115234375 0.3313782991202346 0.0341796875 0.19941348973607037
0 0.79150390625 0.5953079178885631 0.087890625 0.2595307917888563
0 0.8212890625 0.08357771260997067 0.0146484375 0.09970674486803519
0 0.76513671875 0.11730205278592376 0.0771484375 0.08944281524926687
0 0.75048828125 0.036656891495601175 0.0791015625 0.07331378299120235
0 0.80810546875 0.036656891495601175 0.0400390625 0.07331378299120235
0 0.765625 0.008064516129032258 0.0625 0.016129032258064516
0 0.5773789814453125 0.22156734164222874 0.401261087890625 0.5874704032258065 0.4725871494140625 0.6275363387096774 0.638694859375 0.2718041906158358 0.5773789814453125 0.22156734164222874
0 0.20947265625 0.093841642228739 0.0966796875 0.17595307917888564