0 0.248046875 0.12463343108504399 0.18017578125 0.21114369501466276
0 0.334598830078125 0 0.4394995380859375 0.10087204398826981 0.4631678408203125 0 0.334598830078125 0
0 0.398470783203125 0.6604289780058651 0.502965322265625 0.9302507815249266 0.5578396005859375 0.8934569237536657 0.430861353515625 0.6319113020527859 0.398470783203125 0.6604289780058651
0 0.68618734765625 0.9551208885630498 0.5046352919921875 0.658141728739003 0.4857680390625 0.6651442961876832 0.6114649765625 0.9384760146627567 0.68618734765625 0.9551208885630498
0 0.612632490234375 0.9262114105571848 0.4888735283203125 0.6704063328445748 0.4636127099609375 0.6752586847507331 0.552504310546875 0.9419802126099708 0.612632490234375 0.9262114105571848
0 0.64549878125 0.6853664868035191 0.4627792119140625 0.3840070146627566 0.42315515234375 0.4122845615835777 0.4902162919921875 0.668721568914956 0.64549878125 0.6853664868035191
0 0.6940397509765625 0.286958008797654 0.46753755078125 0.15905549120234605 0.4520534072265625 0.20566203519061582 0.663683796875 0.35003326099706744 0.6940397509765625 0.286958008797654
0 0.4948187802734375 0 0.5732855498046875 0.05748979912023461 0.5729553193359375 0 0.4948187802734375 0
0 0.518739615234375 0.18212801319648092 0.7394041865234375 0.26097202346041054 0.72656123828125 0.1155486055718475 0.5242990458984375 0.15075534897360704 0.518739615234375 0.18212801319648092
0 0.6392013544921875 0.520282491202346 0.68064895703125 0.44231450733137834 0.4739948486328125 0.32580056744868036 0.4669896171875 0.35383397507331377 0.4616861591796875 0.3617126129032258 0.6392013544921875 0.520282491202346
0 0.763544103515625 0.47034791495601175 0.5814083193359375 0.30565149706744865 0.5522340263671875 0.34581857331378296 0.703999708984375 0.5299189692082111 0.763544103515625 0.47034791495601175
0 0.4573770068359375 0 0.4603673212890625 0.022437370967741937 0.6378329599609375 0.14946385923753666 0.7327199931640626 0 0.4573770068359375 0
0 0.63818359375 0.7426686217008798 0.10205078125 0.14002932551319647
0 0.8896484375 0.026392961876832845 0.0908203125 0.05278592375366569
0 0.708850724609375 0 0.7350008447265625 0.13168130351906157 0.8237336787109375 0.038820545454545455 0.81474538671875 0 0.708850724609375 0
0 0.84033203125 0.8717008797653959 0.0654296875 0.09017595307917889
0 0.9375 0.843841642228739 0.11572265625 0.11143695014662756
0 0.86376953125 0.6862170087976539 0.080078125 0.12023460410557185
0 0.5992240400390625 0.4445007653958944 0.5834622763671875 0.4979395293255132 0.8065386748046875 0.7084916788856305 0.8403204892578126 0.5890481671554252 0.5992240400390625 0.4445007653958944
0 0.7216796875 0.7302052785923754 0.0869140625 0.12756598240469208
0 0.88623046875 0.5879765395894428 0.07568359375 0.07551319648093842
0 0.9375 0.49266862170087977 0.0732421875 0.08577712609970674
0 0.8916015625 0.4574780058651026 0.0634765625 0.0813782991202346
0 0.8740234375 0.15762463343108504 0.08056640625 0.12463343108504399
0 0.9658203125 0.10410557184750734 0.068359375 0.062316715542521994
0 0.88623046875 0.28079178885630496 0.0576171875 0.09017595307917889
0 0.94189453125 0.28152492668621704 0.06494140625 0.093841642228739
0 0.8125 0.4472140762463343 0.08544921875 0.07844574780058651
0 0.79931640625 0.5190615835777126 0.087890625 0.07551319648093842
0 0.75830078125 0.3519061583577713 0.06982421875 0.07771260997067449
0 0.822265625 0.24926686217008798 0.083984375 0.07771260997067449
0 0.7529296875 0.8680351906158358 0.05322265625 0.06451612903225806
0 0.94775390625 0.9530791788856305 0.10400390625 0.093841642228739
0 0.263671875 0.9714076246334311 0.1337890625 0.05718475073313783