0 0.4631678408203125 1 0.468687978515625 0.976473702346041 0.325864359375 0.9571370381231672 0.319243236328125 0.9852341304985337 0.334598830078125 1 0.4631678408203125 1
0 0.4746764833984375 0.8273168841642228 0.3106374921875 0.9184254999999999 0.31334178125 0.9513573870967742 0.489270673828125 0.9271859501466276 0.4746764833984375 0.8273168841642228
0 0.3189701376953125 0.8494117346041056 0.3189701376953125 0.9159911407624634 0.6044330048828125 0.7740718988269796 0.5705362548828125 0.6753790469208212 0.3189701376953125 0.8494117346041056
0 0.585606166015625 0.8101710571847507 0.4244860478515625 0.902155788856305 0.44049410546875 0.9369082580645162 0.591443853515625 0.9371975469208211 0.585606166015625 0.8101710571847507
0 0.589749451171875 0.3927974486803519 0.34690173046875 0.6687515542521993 0.361505541015625 0.7013874765395894 0.613100203125 0.5084353607038123 0.589749451171875 0.3927974486803519
0 0.281987302734375 0.5658780058651027 0.3146783427734375 0.6280772756598241 0.613567916015625 0.36351165982404693 0.5330077978515625 0.22159239589442814 0.281987302734375 0.5658780058651027
0 0.509189392578125 0.38578907624633435 0.3597445908203125 0.5986679501466275 0.370175017578125 0.6464807917888563 0.5687337861328124 0.4208309002932551 0.509189392578125 0.38578907624633435
0 0.710710169921875 0.5320200586510263 0.47778649609375 0.687956068914956 0.4886578642578125 0.7346204706744869 0.7352284365234375 0.622252646627566 0.710710169921875 0.5320200586510263
0 0.676267828125 0.4558041730205279 0.4450954541015625 0.6275089428152493 0.46650253515625 0.6493706173020528 0.712461470703125 0.5355242126099706 0.676267828125 0.4558041730205279
0 0.5729553193359375 1 0.5727018212890626 0.9558685909090909 0.4087060244140625 0.9369082580645162 0.4948187802734375 1 0.5729553193359375 1
0 0 0 0 0.4124151950146627 0.0089280625 0.49154850733137834 0.0521269658203125 0.4956006788856305 0.0141820234375 0 0 0
0 0.0840101044921875 0.400236435483871 0.128376462890625 0.41512921114369505 0.1855858291015625 0.007768369501466276 0.0657800595703125 0 0.0840101044921875 0.400236435483871
0 0.91165177734375 0.2608318797653959 0.7487802998046875 0.4404210718475073 0.76979596484375 0.48334725366568915 0.93617004296875 0.336171780058651 0.91165177734375 0.2608318797653959
0 0.64486948828125 0.39048653958944285 0.669971541015625 0.4474294237536657 0.8900523251953125 0.21264944574780062 0.826767453125 0.1234223680351906 0.64486948828125 0.39048653958944285
0 0.202793330078125 0 0.1669239541015625 0.26502381964809385 0.2208901513671875 0.28817060997067445 0.3160444306640625 0 0.202793330078125 0
0 0.1897660771484375 0.5889056363636364 0.2382188818359375 0.6502287903225806 0.3911662255859375 0.3453651862170088 0.29134180078125 0.28579417448680355 0.1897660771484375 0.5889056363636364
0 0.2618171015625 0.29386109824046924 0.188262244140625 0.289480862170088 0.1669239541015625 0.5973537580645162 0.2121967822265625 0.6031048841642228 0.2618171015625 0.29386109824046924
0 0.1269990146484375 0.6267339193548387 0.163776384765625 0.6267339193548387 0.1923810966796875 0.35778812170087976 0.1305016162109375 0.3560360234604105 0.1269990146484375 0.6267339193548387
0 0.284336599609375 0.562624284457478 0.3176114267578125 0.6283277082111437 0.4869043193359375 0.4285894442815249 0.4343651279296875 0.34799333431085044 0.284336599609375 0.562624284457478
0 0.2700194638671875 0.48272110557184755 0.3009592041015625 0.5282755014662757 0.5998487763671875 0.13142712170087975 0.5185193955078125 0.02950303812316716 0.2700194638671875 0.48272110557184755
0 0.283202630859375 0.4187467829912023 0.322315146484375 0.4432760806451613 0.4349824599609375 0.18221470674486803 0.3547626142578125 0.12053254252199413 0.283202630859375 0.4187467829912023
0 0.7327199931640626 1 0.7333297607421875 0.999039508797654 0.45044324609375 0.9479735850439882 0.4573770068359375 1 0.7327199931640626 1
0 0.8896484375 0.9582111436950147 0.0908203125 0.08357771260997067
0 0.81494140625 0.5630498533724341 0.11669921875 0.18328445747800587
0 0.5889949716796875 0.7900444750733138 0.588411244140625 0.9547408929618768 0.677144078125 0.9538649105571848 0.6870680947265625 0.7155806891495601 0.5889949716796875 0.7900444750733138
0 0.81474538671875 1 0.79979919921875 0.9354472375366568 0.7087312783203125 0.999398517595308 0.708850724609375 1 0.81474538671875 1
0 0.72705078125 0.8093841642228738 0.07958984375 0.0872434017595308
0 0.806640625 0.7419354838709677 0.08447265625 0.10997067448680352
0 0.92041015625 0.7074780058651027 0.09814453125 0.11803519061583578
0 0.96435546875 0.8247800586510264 0.07080078125 0.11436950146627566
0 0.9453125 0.5095307917888563 0.09033203125 0.09164222873900293
0 0.9541015625 0.3614369501466276 0.08056640625 0.1282991202346041
0 0.9091796875 0.1942815249266862 0.05859375 0.08431085043988269
0 0.970703125 0.2368035190615836 0.05859375 0.10557184750733138
0 0.69189453125 0.15469208211143695 0.0791015625 0.093841642228739
0 0.63916015625 0.2749266862170088 0.06689453125 0.10997067448680352
0 0.8486328125 0.10483870967741936 0.1025390625 0.06524926686217009
0 0.70947265625 0.04912023460410557 0.0732421875 0.09824046920821114
0 0.6240234375 0.156158357771261 0.09521484375 0.12243401759530792