0 0.9873046875 0.10997067448680352 0.025390625 0.11436950146627566
0 0.95556640625 0.1466275659824047 0.04638671875 0.08211143695014662
0 0.88916015625 0.17228739002932553 0.04638671875 0.07991202346041056
0 0.5322265625 0.14149560117302054 0.0908203125 0.09970674486803519
0 0.435546875 0.17888563049853373 0.1962890625 0.15395894428152493
0 0.4521484375 0.1092375366568915 0.04443359375 0.07258064516129033
0 0.39453125 0.013929618768328446 0.138671875 0.02785923753665689
0 0.35693359375 0.019794721407624633 0.0400390625 0.039589442815249266
0 0.416015625 0.05718475073313783 0.04541015625 0.05571847507331378
0 0.47119140625 0.047653958944281524 0.03857421875 0.038856304985337244
0 0.49658203125 0.020527859237536656 0.04736328125 0.04032258064516129
0 0.51806640625 0.5674486803519062 0.0673828125 0.08431085043988269
0 0.59716796875 0.5359237536656891 0.07763671875 0.10410557184750734
0 0.7890625 0.9164222873900293 0.07568359375 0.13049853372434017
0 0.7978515625 0.8541055718475073 0.0595703125 0.09604105571847507
0 0.88671875 0.7331378299120235 0.052734375 0.07258064516129033
0 0.94482421875 0.7118768328445748 0.03564453125 0.10777126099706745
0 0.5927734375 0.8101173020527859 0.08056640625 0.15102639296187684
0 0.47021484375 0.7925219941348973 0.0546875 0.0967741935483871
0 0.52099609375 0.844574780058651 0.05224609375 0.0872434017595308
0 0.20654296875 0.7595307917888563 0.115234375 0.1429618768328446
0 0.34228515625 0.8086510263929618 0.0712890625 0.08870967741935484
0 0.388671875 0.6444281524926686 0.22607421875 0.25513196480938416
0 0.3564453125 0.5241935483870968 0.06298828125 0.07331378299120235
0 0.38720703125 0.40615835777126097 0.0771484375 0.12096774193548387
0 0.23193359375 0.5652492668621701 0.18359375 0.20381231671554254
0 0.4921875 0.4560117302052786 0.0849609375 0.07844574780058651
0 0.5673828125 0.43914956011730205 0.04541015625 0.06598240469208211
0 0.72607421875 0.02126099706744868 0.107421875 0.04252199413489736
0 0.24951171875 0.2060117302052786 0.10791015625 0.11510263929618768
0 0.25537109375 0.36070381231671556 0.11083984375 0.08431085043988269
0 0.958984375 0.004398826979472141 0.08203125 0.008797653958944282
0 0.84130859375 0.030791788856304986 0.0908203125 0.06158357771260997
0 0.7666015625 0.06378299120234604 0.09375 0.12756598240469208
0 0.740234375 0.17961876832844575 0.09423828125 0.08284457478005865
0 0.6396484375 0.13343108504398826 0.0673828125 0.09530791788856305
0 0.67529296875 0.10190615835777127 0.068359375 0.07917888563049853
0 0.61865234375 0.26832844574780057 0.08642578125 0.1348973607038123
0 0.52978515625 0.27346041055718473 0.1025390625 0.11363636363636363
0 0.13671875 0.26832844574780057 0.05712890625 0.06524926686217009
0 0.16259765625 0.3284457478005865 0.06396484375 0.04325513196480939
0 0.2158203125 0.27712609970674484 0.11474609375 0.08431085043988269
0 0.32666015625 0.2866568914956012 0.11279296875 0.10043988269794721
0 0.42626953125 0.22947214076246333 0.19091796875 0.13929618768328444
0 0.25439453125 0.04032258064516129 0.1474609375 0.08064516129032258
0 0.08544921875 0.4032258064516129 0.0771484375 0.10117302052785923
0 0.30517578125 0.43841642228739003 0.08447265625 0.08211143695014662
0 0.81591796875 0.6195014662756598 0.06982421875 0.10850439882697947
0 0.9921875 0.4508797653958944 0.015625 0.10997067448680352
0 0.96044921875 0.2587976539589443 0.0791015625 0.17155425219941348
0 0.994140625 0.3357771260997067 0.01171875 0.05571847507331378
0 0.84033203125 0.313049853372434 0.07275390625 0.11510263929618768
0 0.8994140625 0.3592375366568915 0.09912109375 0.1495601173020528
0 0.87060546875 0.46774193548387094 0.06201171875 0.08064516129032258
0 0.93115234375 0.46994134897360706 0.05517578125 0.09164222873900293
0 0.892578125 0.8878299120234604 0.08251953125 0.14882697947214077
0 0.6748046875 0.8533724340175953 0.07470703125 0.10117302052785923
0 0.7763671875 0.7302052785923754 0.09228515625 0.1282991202346041
0 0.9560546875 0.7866568914956011 0.06298828125 0.10263929618768329
0 0.9873046875 0.7082111436950147 0.025390625 0.07331378299120235
0 0.93359375 0.6063049853372434 0.0498046875 0.09237536656891496
0 0.658203125 0.656158357771261 0.09130859375 0.16495601173020527
0 0.49853515625 0.7038123167155426 0.09228515625 0.07404692082111437
0 0.52490234375 0.6312316715542522 0.08544921875 0.07258064516129033
0 0.4033203125 0.8958944281524927 0.08642578125 0.10263929618768329
0 0.4150390625 0.7954545454545454 0.08544921875 0.1063049853372434
0 0.21630859375 0.8922287390029325 0.0458984375 0.06964809384164222
0 0.19775390625 0.8093841642228738 0.07421875 0.08870967741935484
0 0.177734375 0.41642228739002934 0.14794921875 0.10410557184750734
0 0.13720703125 0.12023460410557185 0.158203125 0.12316715542521994
0 0.72021484375 0.9743401759530792 0.0615234375 0.051319648093841645
0 0.14453125 0.8658357771260997 0.07861328125 0.08651026392961877
0 0.14013671875 0.718475073313783 0.078125 0.07844574780058651
0 0.6328125 0.026392961876832845 0.1025390625 0.05205278592375367
0 0.53759765625 0.016129032258064516 0.0849609375 0.03152492668621701
0 0.77490234375 0.4868035190615836 0.0751953125 0.1187683284457478
0 0.876953125 0.6429618768328446 0.05224609375 0.08870967741935484
0 0.98974609375 0.5879765395894428 0.02001953125 0.12096774193548387
0 0.6962890625 0.47287390029325516 0.08447265625 0.12609970674486803