0 0.92529296875 0.093841642228739 0.10595703125 0.1495601173020528
0 0.9462890625 0.6422287390029325 0.080078125 0.10997067448680352
0 0.05224609375 0.40249266862170086 0.1044921875 0.15102639296187684
0 0.21728515625 0.5755131964809385 0.142578125 0.14589442815249268
0 0.077451330078125 0.9807701158357771 0.326716755859375 0.6802708196480939 0.3172765234375 0.6419968049853372 0.03092178515625 0.8822662170087976 0.077451330078125 0.9807701158357771
0 0.2529296875 0.9230205278592375 0.14306640625 0.15175953079178886
0 0.22265625 0.16862170087976538 0.12060546875 0.1590909090909091
0 0.341796875 0.35043988269794724 0.208984375 0.28225806451612906
0 0.3063163505859375 0.8805325791788857 0.5638906259765625 0.7097092844574779 0.4226401708984375 0.5039732448680352 0.2775163359375 0.8435398225806452 0.3063163505859375 0.8805325791788857
0 0.07861328125 0.6348973607038123 0.150390625 0.17521994134897362
0 0.13916015625 0.6326979472140762 0.12109375 0.12976539589442815
0 0.4164522880859375 1 0.541915869140625 0.8797724325513198 0.5502247197265625 0.7401213005865103 0.3715845634765625 0.938375991202346 0.4164522880859375 1
0 0.65673828125 0.06818181818181818 0.12255859375 0.13563049853372433
0 0.7353515625 0.6209677419354839 0.11181640625 0.25
0 0.5927734375 0.9486803519061584 0.11572265625 0.10263929618768329
0 0.076171875 0.15249266862170088 0.15234375 0.11143695014662756
0 0.12646484375 0.26392961876832843 0.140625 0.12609970674486803
0 0.43017578125 0.0872434017595308 0.1513671875 0.17375366568914957
0 0.7275390625 0.039589442815249266 0.05859375 0.07917888563049853
0 0.708984375 0.14516129032258066 0.05078125 0.09970674486803519
0 0.7607421875 0.16202346041055718 0.05029296875 0.10263929618768329
0 0.79345703125 0.010997067448680353 0.1171875 0.021994134897360705
0 0.7880859375 0.07258064516129033 0.107421875 0.08211143695014662
0 0.80029296875 0.14222873900293256 0.06396484375 0.08211143695014662
0 0.94384765625 0.8064516129032258 0.0947265625 0.1436950146627566
0 0.440183142578125 0.6313659090909091 0.6512238076171875 0.39383898680351903 0.6209400009765625 0.31386271700879764 0.41568727734375 0.5380517697947214 0.440183142578125 0.6313659090909091
0 0.779296875 0.907624633431085 0.1953125 0.18475073313782991
0 0.0546875 0.03519061583577713 0.10888671875 0.07038123167155426