0 0.02392578125 0.6920821114369502 0.04736328125 0.1378299120234604
0 0.2197265625 0.908357771260997 0.0693359375 0.0967741935483871
0 0.21923828125 0.9765395894428153 0.06103515625 0.0469208211143695
0 0.1240234375 0.9494134897360704 0.06103515625 0.09017595307917889
0 0.13671875 0.998533724340176 0.05615234375 0.002932551319648094
0 0.29638671875 0.9868035190615836 0.07177734375 0.026392961876832845
0 0.40673828125 0.7272727272727273 0.08935546875 0.12463343108504399
0 0.82861328125 0.42668621700879766 0.044921875 0.09237536656891496
0 0.7529296875 0.42008797653958946 0.1005859375 0.12243401759530792
0 0.54931640625 0.8115835777126099 0.09033203125 0.13563049853372433
0 0.53515625 0.6341642228739003 0.13818359375 0.17302052785923755
0 0.63525390625 0.6407624633431085 0.05712890625 0.17228739002932553
0 0.35595703125 0.8936950146627566 0.09765625 0.13636363636363635
0 0.24462890625 0.7587976539589443 0.09326171875 0.1466275659824047
0 0.3916015625 0.49486803519061584 0.060546875 0.12976539589442815
0 0.33740234375 0.41642228739002934 0.0703125 0.156158357771261
0 0.46923828125 0.46114369501466274 0.05224609375 0.11730205278592376
0 0.74462890625 0.6979472140762464 0.0625 0.11730205278592376
0 0.81884765625 0.7118768328445748 0.0634765625 0.11656891495601172
0 0.8583984375 0.8577712609970675 0.0869140625 0.1378299120234604
0 0.748046875 0.8057184750733137 0.08740234375 0.10483870967741936
0 0.67138671875 0.9347507331378299 0.1259765625 0.125366568914956
0 0.82373046875 0.5681818181818182 0.0830078125 0.12316715542521994
0 0.81005859375 0.2126099706744868 0.08984375 0.18181818181818182
0 0.6484375 0.3629032258064516 0.060546875 0.1436950146627566
0 0.00341796875 0.9545454545454546 0.0068359375 0.09090909090909091
0 0.107421875 0.7888563049853372 0.08349609375 0.14002932551319647
0 0.15966796875 0.7082111436950147 0.0830078125 0.12976539589442815
0 0.93505859375 0.8973607038123167 0.1298828125 0.09310850439882698
0 0.923828125 0.969208211143695 0.15185546875 0.06158357771260997
0 0.91259765625 0.2829912023460411 0.15576171875 0.16715542521994134
0 0.04541015625 0.8475073313782991 0.08984375 0.11950146627565983
0 0.00146484375 0.8453079178885631 0.0029296875 0.10997067448680352
0 0.03759765625 0.48167155425219943 0.0751953125 0.14809384164222875
0 0.1279296875 0.5887096774193549 0.083984375 0.1092375366568915
0 0.51611328125 0.9472140762463344 0.0791015625 0.10557184750733138
0 0.2978515625 0.6099706744868035 0.06494140625 0.093841642228739
0 0.49755859375 0.9926686217008798 0.0576171875 0.01466275659824047
0 0.37353515625 0.998533724340176 0.0478515625 0.002932551319648094
0 0.44189453125 0.9750733137829912 0.048828125 0.04912023460410557
0 0.08935546875 0.33284457478005863 0.04345703125 0.17668621700879766
0 0.17626953125 0.42008797653958946 0.068359375 0.1532258064516129
0 0.2177734375 0.13416422287390029 0.0986328125 0.1312316715542522
0 0.423828125 0.26466275659824046 0.07421875 0.1590909090909091
0 0.556640625 0.36730205278592376 0.07763671875 0.13636363636363635
0 0.42919921875 0.8841642228739003 0.06103515625 0.09457478005865103
0 0.93896484375 0.6744868035190615 0.1220703125 0.22653958944281524
0 0.78466796875 0.9420821114369502 0.16357421875 0.11510263929618768
0 0.07421875 0.6488269794721407 0.046875 0.09824046920821114
0 0.73046875 0.5095307917888563 0.1015625 0.08284457478005865
0 0.03515625 0.18475073313782991 0.06298828125 0.15542521994134897