0 0.03662109375 0.41275659824046923 0.0732421875 0.2089442815249267
0 0.09912109375 0.2961876832844575 0.169921875 0.22067448680351906
0 0.84228515625 0.20087976539589442 0.0625 0.15835777126099707
0 0.9296875 0.20307917888563048 0.11328125 0.1429618768328446
0 0.41650390625 0.34237536656891493 0.0576171875 0.09530791788856305
0 0.13916015625 0.5799120234604106 0.126953125 0.07111436950146628
0 0.3671875 0.11290322580645161 0.11767578125 0.13269794721407624
0 0.23974609375 0.08797653958944282 0.0625 0.08431085043988269
0 0.28857421875 0.03592375366568915 0.0556640625 0.0718475073313783
0 0.322265625 0.19941348973607037 0.11669921875 0.11656891495601172
0 0.54638671875 0.28152492668621704 0.09326171875 0.10117302052785923
0 0.677734375 0.3387096774193548 0.087890625 0.14809384164222875
0 0.6650390625 0.2280058651026393 0.0595703125 0.07258064516129033
0 0.75146484375 0.313049853372434 0.06396484375 0.11436950146627566
0 0.48095703125 0.3196480938416422 0.07568359375 0.11217008797653959
0 0.232421875 0.4875366568914956 0.07080078125 0.11950146627565983
0 0.021484375 0.8035190615835777 0.04296875 0.0872434017595308
0 0.06591796875 0.6627565982404692 0.07861328125 0.09750733137829912