0 0.9892578125 0.9596774193548387 0.021484375 0.054252199413489736
0 0.2294921875 0.6891495601173021 0.0595703125 0.08944281524926687
0 0.25927734375 0.6070381231671554 0.0634765625 0.10117302052785923
0 0.27880859375 0.22727272727272727 0.080078125 0.15102639296187684
0 0.57568359375 0.33651026392961875 0.10546875 0.17595307917888564
0 0.5048828125 0.2749266862170088 0.080078125 0.15395894428152493
0 0.64111328125 0.20967741935483872 0.07421875 0.17888563049853373
0 0.8720703125 0.13343108504398826 0.052734375 0.14809384164222875
0 0.92626953125 0.18621700879765396 0.0302734375 0.11290322580645161
0 0.98779296875 0.17228739002932553 0.017578125 0.10997067448680352
0 0.98974609375 0.22653958944281524 0.015625 0.06158357771260997
0 0.85498046875 0.4963343108504399 0.0556640625 0.09530791788856305
0 0.7939453125 0.43548387096774194 0.060546875 0.12316715542521994
0 0.74072265625 0.3724340175953079 0.0595703125 0.13049853372434017
0 0.5751953125 0.6862170087976539 0.0751953125 0.11290322580645161
0 0.50341796875 0.6964809384164223 0.0654296875 0.1158357771260997
0 0.3984375 0.7331378299120235 0.0517578125 0.1158357771260997
0 0.30322265625 0.7089442815249267 0.0654296875 0.08357771260997067
0 0.72119140625 0.6363636363636364 0.072265625 0.14516129032258066
0 0.626953125 0.6290322580645161 0.0361328125 0.07331378299120235
0 0.66357421875 0.6620234604105572 0.0517578125 0.11290322580645161
0 0.6474609375 0.5667155425219942 0.0625 0.07624633431085044
0 0.8583984375 0.624633431085044 0.11328125 0.1495601173020528
0 0.97705078125 0.6165689149560117 0.0458984375 0.08064516129032258
0 0.9951171875 0.5703812316715543 0.009765625 0.12023460410557185
0 0.9140625 0.6502932551319648 0.0283203125 0.06158357771260997
0 0.90869140625 0.7536656891495601 0.05859375 0.0718475073313783
0 0.9951171875 0.6979472140762464 0.009765625 0.06158357771260997
0 0.9599609375 0.6986803519061584 0.0478515625 0.060117302052785926
0 0.96240234375 0.23826979472140764 0.041015625 0.14222873900293256
0 0.85693359375 0.32697947214076245 0.041015625 0.14516129032258066
0 0.90576171875 0.3101173020527859 0.056640625 0.1217008797653959
0 0.89404296875 0.23607038123167157 0.0380859375 0.09090909090909091
0 0.8203125 0.06598240469208211 0.076171875 0.13196480938416422
0 0.38916015625 0.25513196480938416 0.1611328125 0.2434017595307918
0 0.3603515625 0.4875366568914956 0.1064453125 0.15395894428152493
0 0.38916015625 0.4178885630498534 0.0986328125 0.11143695014662756
0 0.517578125 0.5073313782991202 0.1064453125 0.13929618768328444
0 0.47314453125 0.4340175953079179 0.119140625 0.20234604105571846
0 0.029296875 0.44501466275659823 0.05859375 0.13343108504398826
0 0.1240234375 0.6627565982404692 0.10546875 0.1158357771260997
0 0.06396484375 0.9149560117302052 0.1201171875 0.17008797653958943
0 0.5263671875 0.9266862170087976 0.056640625 0.06598240469208211
0 0.7275390625 0.7976539589442815 0.0869140625 0.09970674486803519
0 0.931640625 0.9376832844574781 0.0380859375 0.10263929618768329
0 0.87841796875 0.9032258064516129 0.099609375 0.1774193548387097
0 0.78662109375 0.9178885630498533 0.0625 0.08357771260997067
0 0.6953125 0.9464809384164223 0.0693359375 0.08064516129032258
0 0.77490234375 0.8453079178885631 0.091796875 0.093841642228739
0 0.21533203125 0.8995601173020528 0.1044921875 0.07331378299120235
0 0.2353515625 0.9648093841642229 0.177734375 0.07038123167155426
0 0.361328125 0.8394428152492669 0.1474609375 0.19794721407624633
0 0.193359375 0.45821114369501464 0.20703125 0.17008797653958943
0 0.6201171875 0.11803519061583578 0.0888671875 0.14809384164222875
0 0.68505859375 0.4743401759530792 0.0830078125 0.14809384164222875
0 0.703125 0.35117302052785926 0.0791015625 0.13343108504398826
0 0.962890625 0.40689149560117305 0.0625 0.15102639296187684
0 0.6337890625 0.7910557184750733 0.1015625 0.1348973607038123
0 0.53564453125 0.9787390029325513 0.07421875 0.04252199413489736
0 0.18505859375 0.781524926686217 0.1328125 0.13929618768328444
0 0.20166015625 0.5813782991202346 0.0771484375 0.12023460410557185
0 0.0107421875 0.5799120234604106 0.0205078125 0.12316715542521994
0 0.0263671875 0.10997067448680352 0.052734375 0.12609970674486803
0 0.44775390625 0.09604105571847507 0.1015625 0.1378299120234604
0 0.78369140625 0.2470674486803519 0.1015625 0.1436950146627566
0 0.9462890625 0.0689149560117302 0.068359375 0.11436950146627566