0 0.58837890625 0.32331378299120234 0.1220703125 0.15835777126099707
0 0.67626953125 0.48240469208211145 0.119140625 0.15835777126099707
0 0.150390625 0.2280058651026393 0.134765625 0.1906158357771261
0 0.77197265625 0.07697947214076246 0.1064453125 0.15395894428152493
0 0.30126953125 0.27419354838709675 0.0703125 0.12903225806451613
0 0.34228515625 0.0967741935483871 0.06640625 0.10850439882697947
0 0.107421875 0.5828445747800587 0.1171875 0.13196480938416422
0 0.03125 0.6891495601173021 0.0625 0.1466275659824047
0 0.57470703125 0.1495601173020528 0.109375 0.1466275659824047
0 0.47412109375 0.1781524926686217 0.07421875 0.20087976539589442
0 0.39013671875 0.23900293255131966 0.10546875 0.15689149560117302
0 0.26708984375 0.3724340175953079 0.09375 0.15102639296187684
0 0.8671875 0.053519061583577714 0.0947265625 0.10703812316715543