0 0.0625 0.0813782991202346 0.080078125 0.09237536656891496
0 0.59326171875 0.05205278592375367 0.1533203125 0.10410557184750734
0 0.53466796875 0.06598240469208211 0.0712890625 0.08357771260997067
0 0.77490234375 0.4670087976539589 0.1123046875 0.12316715542521994
0 0.7587890625 0.6480938416422287 0.068359375 0.09237536656891496
0 0.2294921875 0.05205278592375367 0.119140625 0.09237536656891496
0 0.134765625 0.28152492668621704 0.052734375 0.06598240469208211
0 0.12353515625 0.2089442815249267 0.0517578125 0.08211143695014662
0 0.19580078125 0.3885630498533724 0.0693359375 0.10703812316715543
0 0.34912109375 0.40175953079178883 0.103515625 0.1378299120234604
0 0.5048828125 0.47653958944281527 0.119140625 0.1627565982404692
0 0.00927734375 0.05278592375366569 0.0185546875 0.07917888563049853
0 0.1025390625 0.03152492668621701 0.099609375 0.045454545454545456
0 0.18408203125 0.012463343108504398 0.1025390625 0.011730205278592375
0 0.42431640625 0.2558651026392962 0.14453125 0.1598240469208211
0 0.20458984375 0.6217008797653959 0.087890625 0.15835777126099707
0 0.3173828125 0.6121700879765396 0.1171875 0.1774193548387097
0 0.4716796875 0.6348973607038123 0.22265625 0.25219941348973607
0 0.45703125 0.716275659824047 0.1845703125 0.24193548387096775
0 0.8935546875 0.35703812316715544 0.2109375 0.12756598240469208
0 0.88623046875 0.4640762463343108 0.2275390625 0.20381231671554254
0 0.76611328125 0.3680351906158358 0.1220703125 0.09530791788856305
0 0.654296875 0.40615835777126097 0.099609375 0.12903225806451613
0 0.650390625 0.6774193548387096 0.2265625 0.21114369501466276
0 0.6787109375 0.5359237536656891 0.1787109375 0.1656891495601173
0 0.58447265625 0.3313782991202346 0.1064453125 0.09970674486803519
0 0.5927734375 0.21627565982404692 0.1494140625 0.15395894428152493
0 0.701171875 0.2961876832844575 0.0830078125 0.10703812316715543
0 0.0322265625 0.4398826979472141 0.04296875 0.09824046920821114
0 0.12451171875 0.5366568914956011 0.09375 0.10263929618768329
0 0.1103515625 0.4237536656891496 0.0927734375 0.1378299120234604
0 0.7119140625 0.09750733137829912 0.1796875 0.1348973607038123
0 0.74658203125 0.024193548387096774 0.1630859375 0.04838709677419355
0 0.02490234375 0.1627565982404692 0.0498046875 0.12316715542521994
0 0.19873046875 0.17082111436950145 0.0703125 0.15102639296187684
0 0.27099609375 0.18035190615835778 0.06640625 0.10410557184750734
0 0.27783203125 0.09164222873900293 0.1220703125 0.10117302052785923
0 0.384765625 0.11363636363636363 0.0751953125 0.09090909090909091
0 0.33154296875 0.019794721407624633 0.1123046875 0.03372434017595308
0 0.43603515625 0.05791788856304985 0.0947265625 0.1158357771260997
0 0.029296875 0.5997067448680352 0.0576171875 0.10703812316715543
0 0.015625 0.6473607038123167 0.029296875 0.09970674486803519
0 0.02001953125 0.7360703812316716 0.0361328125 0.08357771260997067
0 0.25341796875 0.4083577712609971 0.078125 0.15395894428152493
0 0.03125 0.2763929618768328 0.0625 0.10410557184750734