0 0.7412109375 0.4706744868035191 0.083984375 0.16862170087976538
0 0.51171875 0.7734604105571847 0.126953125 0.26392961876832843
0 0.45068359375 0.9420821114369502 0.1181640625 0.1158357771260997
0 0.6796875 0.9281524926686217 0.115234375 0.1378299120234604
0 0.67529296875 0.24926686217008798 0.125 0.10850439882697947
0 0.65380859375 0.14516129032258066 0.111328125 0.12023460410557185
0 0.5791015625 0.5879765395894428 0.09765625 0.14076246334310852
0 0.630859375 0.45234604105571846 0.1328125 0.21700879765395895
0 0.62158203125 0.8042521994134897 0.1015625 0.18181818181818182
0 0.552734375 0.9318181818181818 0.080078125 0.1348973607038123
0 0.56298828125 0.9816715542521994 0.080078125 0.03519061583577713
0 0.20068359375 0.7023460410557185 0.0654296875 0.23020527859237536
0 0.701171875 0.6649560117302052 0.162109375 0.20821114369501467
0 0.78271484375 0.9032258064516129 0.1044921875 0.18181818181818182
0 0.1982421875 0.21114369501466276 0.0712890625 0.1935483870967742
0 0.20703125 0.9860703812316716 0.068359375 0.02785923753665689
0 0.3486328125 0.7309384164222874 0.1669921875 0.20967741935483872
0 0.32177734375 0.33724340175953077 0.1328125 0.14809384164222875
0 0.29638671875 0.1092375366568915 0.166015625 0.2126099706744868
0 0.17333984375 0.04912023460410557 0.0244140625 0.08064516129032258
0 0.5048828125 0.05865102639296188 0.076171875 0.10557184750733138
0 0.59326171875 0.04618768328445748 0.0830078125 0.09237536656891496