0 0.98779296875 0.3064516129032258 0.0224609375 0.15249266862170088
0 0.78564453125 0.0747800586510264 0.0771484375 0.10703812316715543
0 0.7841796875 0.012463343108504398 0.06640625 0.024926686217008796
0 0.890625 0.03812316715542522 0.068359375 0.07624633431085044
0 0.7001953125 0.0021994134897360706 0.078125 0.004398826979472141
0 0.58251953125 0.2785923753665689 0.099609375 0.14076246334310852
0 0.12353515625 0.6202346041055719 0.0498046875 0.10410557184750734
0 0.20654296875 0.626099706744868 0.1123046875 0.1378299120234604
0 0.42529296875 0.18988269794721407 0.1015625 0.15249266862170088
0 0.4423828125 0.3841642228739003 0.154296875 0.19501466275659823
0 0.33251953125 0.37976539589442815 0.064453125 0.1906158357771261
0 0.63623046875 0.093841642228739 0.109375 0.15249266862170088
0 0.759765625 0.23973607038123168 0.1044921875 0.16422287390029325
0 0.6025390625 0.532258064516129 0.068359375 0.14516129032258066
0 0.66259765625 0.6173020527859238 0.080078125 0.17302052785923755
0 0.517578125 0.5718475073313783 0.05859375 0.13049853372434017
0 0.21240234375 0.3196480938416422 0.0703125 0.13049853372434017
0 0.1298828125 0.30718475073313783 0.072265625 0.13049853372434017
0 0.0849609375 0.14809384164222875 0.09765625 0.15395894428152493
0 0.20703125 0.20161290322580644 0.0966796875 0.1187683284457478
0 0.2900390625 0.06671554252199413 0.1396484375 0.12609970674486803
0 0.126953125 0.46480938416422285 0.09375 0.1378299120234604
0 0.146484375 0.8555718475073314 0.1005859375 0.20234604105571846
0 0.32177734375 0.6854838709677419 0.068359375 0.1598240469208211
0 0.91064453125 0.20161290322580644 0.09375 0.15689149560117302
0 0.85400390625 0.29105571847507333 0.0927734375 0.1466275659824047
0 0.0361328125 0.10703812316715543 0.072265625 0.10557184750733138
0 0.0478515625 0.03592375366568915 0.095703125 0.051319648093841645
0 0.0615234375 0.781524926686217 0.1181640625 0.187683284457478
0 0.9619140625 0.13636363636363635 0.0693359375 0.13196480938416422
0 0.97412109375 0.5359237536656891 0.0517578125 0.1627565982404692
0 0.89013671875 0.42302052785923755 0.0927734375 0.12316715542521994
0 0.4599609375 0.04912023460410557 0.087890625 0.09824046920821114
0 0.70361328125 0.4039589442815249 0.072265625 0.10410557184750734
0 0.541015625 0.01686217008797654 0.052734375 0.03372434017595308
0 0.93603515625 0.7023460410557185 0.048828125 0.19501466275659823
0 0.83984375 0.6092375366568915 0.0771484375 0.16862170087976538
0 0.79833984375 0.9222873900293255 0.1103515625 0.14222873900293256
0 0.56982421875 0.7873900293255132 0.083984375 0.17595307917888564
0 0.42236328125 0.6781524926686217 0.0869140625 0.15249266862170088
0 0.55615234375 0.10703812316715543 0.0673828125 0.10557184750733138
0 0.03369140625 0.35117302052785926 0.0673828125 0.250733137829912
0 0.1650390625 0.062316715542521994 0.1806640625 0.11143695014662756
0 0.94873046875 0.3548387096774194 0.0517578125 0.10997067448680352
0 0.23046875 0.5263929618768328 0.1123046875 0.093841642228739
0 0.98095703125 0.8651026392961877 0.0380859375 0.17302052785923755