0 0.8208029775390625 0.44890907624633425 0.8330078125 0.44245313636363637 0.8330078125 0.23574601759530792 0.826728521484375 0.22102460850439884 0.807723677734375 0.2311209897360704 0.8208029775390625 0.44890907624633425
0 0.781539234375 0.20790192961876833 0.7199134638671875 0.45804079472140763 0.7874647939453125 0.4802951026392962 0.803814328125 0.2120256319648094 0.781539234375 0.20790192961876833
0 0.77989263671875 0.22060816862170088 0.734858396484375 0.22060816862170088 0.61714287109375 0.6042149090909091 0.683898611328125 0.6559031964809384 0.77989263671875 0.22060816862170088
0 0.7705344189453125 0.38150668181818187 0.7083160439453124 0.6271946304985337 0.794236626953125 0.6360963724340176 0.794040953125 0.40591695894428154 0.7705344189453125 0.38150668181818187
0 0.6126600419921875 0.2632003387096774 0.4260049765625 0.6335126217008797 0.5042223388671875 0.6691195850439883 0.6347349453125 0.28546931671554254 0.6126600419921875 0.2632003387096774
0 0.5851480029296875 0.21406371994134896 0.543076482421875 0.16421398826979472 0.3102020595703125 0.546988724340176 0.4061961005859375 0.669832788856305 0.5851480029296875 0.21406371994134896
0 0.5652555654296875 0.28278408944281525 0.4212645205078125 0.5106686466275661 0.4449667734375 0.6014663709677419 0.59759612109375 0.29868918035190617 0.5652555654296875 0.28278408944281525
0 0.6256499560546875 0.46278317155425225 0.520175001953125 0.8179625293255133 0.5812082294921875 0.8553498064516128 0.65721370703125 0.47936064516129034 0.6256499560546875 0.46278317155425225
0 0.5847635830078125 0.4129334384164223 0.468622658203125 0.7654422829912024 0.522545208984375 0.8206330425219942 0.599550796875 0.44557654985337247 0.5847635830078125 0.4129334384164223
0 0.8330078125 0.47734478005865105 0.794040953125 0.3574441275659824 0.806865701171875 0.6075171260997068 0.8330078125 0.6078556568914956 0.8330078125 0.47734478005865105
0 0.45117674609375 1 0.4872527685546875 0.9080609457478005 0.458217544921875 0.8760146950146627 0.3975754482421875 1 0.45117674609375 1
0 0.347421251953125 1 0.462957986328125 0.7558412346041055 0.4244418798828125 0.7175637565982405 0.24379995703125 0.9949353123167155 0.24696746875 1 0.347421251953125 1
0 0.302730623046875 0 0.1669921875 0.04141645454545455 0.1669921875 0.21117792961876833 0.3552354931640625 0.07104850293255131 0.341718107421875 0 0.302730623046875 0
0 0.600131263671875 0.09747264222873901 0.55865234765625 0.023588199413489736 0.3536280751953125 0.17847842375366568 0.3939218447265625 0.3306981363636363 0.600131263671875 0.09747264222873901
0 0.4924102412109375 0 0.3561217470703125 0.021295042521994132 0.3590845341796875 0.13345696334310853 0.5682567041015625 0.05779220821114369 0.565000185546875 0 0.4924102412109375 0
0 0.5853173955078125 0.21853630498533727 0.5408756689453125 0.16779637096774191 0.395699521484375 0.3965710381231672 0.45021464453125 0.4766867096774194 0.5853173955078125 0.21853630498533727
0 0.5176421884765625 0.1931437551319648 0.4868292431640625 0.1459645366568915 0.180273021484375 0.5248957287390029 0.2492143642578125 0.6489128240469207 0.5176421884765625 0.1931437551319648
0 0.460148669921875 0.22570888563049854 0.4435570791015625 0.16606721114369502 0.2418452822265625 0.2751872008797654 0.283567033203125 0.3975123914956012 0.460148669921875 0.22570888563049854
0 0.8330078125 0.8142564193548386 0.8330078125 0.4305470865102639 0.8015255283203125 0.4210881495601173 0.8330078125 0.8142564193548386
0 0.54150390625 0.9435483870967742 0.1240234375 0.11290322580645161
0 0.806102927734375 0.6314720219941349 0.6947024453125 0.632362133431085 0.6443352197265625 0.7819113328445747 0.8055104140625 0.7667784530791789 0.806102927734375 0.6314720219941349
0 0.8330078125 0.9746675293255131 0.8330078125 0.8255437683284458 0.7930527197265625 0.9538121129032259 0.8330078125 0.9746675293255131
0 0.7080078125 0.843108504398827 0.05859375 0.1217008797653959
0 0.662109375 0.9494134897360704 0.07421875 0.10117302052785923
0 0.2646484375 0.7895894428152492 0.0634765625 0.12023460410557185
0 0.3466796875 0.7089442815249267 0.07421875 0.10263929618768329
0 0.2314453125 0.9750733137829912 0.044921875 0.04985337243401759
0 0.197265625 0.8167155425219942 0.060546875 0.11290322580645161
0 0.26611328125 0.6862170087976539 0.08203125 0.14516129032258066