0 0.73388671875 0.5667155425219942 0.09375 0.11510263929618768
0 0.77294921875 0.6774193548387096 0.072265625 0.1158357771260997
0 0.81787109375 0.8196480938416423 0.1142578125 0.16202346041055718
0 0.9150390625 0.9611436950146628 0.09375 0.07771260997067449
0 0.8359375 0.24413489736070382 0.080078125 0.1436950146627566
0 0.74609375 0.21041055718475074 0.0869140625 0.10557184750733138
0 0.689453125 0.041788856304985335 0.0703125 0.08357771260997067
0 0.8095703125 0.07551319648093842 0.10009765625 0.13269794721407624
0 0.64453125 0.4941348973607038 0.109375 0.1972140762463343
0 0.533203125 0.4186217008797654 0.09375 0.125366568914956
0 0.40673828125 0.12463343108504399 0.09130859375 0.1158357771260997