0 0.97998046875 0.6642228739002932 0.0400390625 0.5278592375366569
0 0.86572265625 0.9941348973607038 0.2685546875 0.011730205278592375
0 0.7678100205078126 1 0.9338681318359375 0.6567676041055719 0.597728904296875 0.27641450586510263 0.4247875595703125 0.37150282258064515 0.544063626953125 1 0.7678100205078126 1
0 0.265117416015625 1 0 0.5580221026392962 0.0006628369140625 1 0.265117416015625 1
0 0.056042810546875 0.5445906363636364 0.156850568359375 0.9566612932551319 0.488118287109375 0.985919275659824 0.40042979296875 0.41904689736070383 0.1056989462890625 0.33127311876832843 0.056042810546875 0.5445906363636364
0 0.46240234375 0.906158357771261 0.30908203125 0.18695014662756598
0 0.0771484375 0.3350439882697947 0.154296875 0.27126099706744866
0 0.9814453125 0.14076246334310852 0.037109375 0.28152492668621704
0 0.56884765625 0.19281524926686217 0.39990234375 0.38563049853372433
0 0.14697265625 0.14882697947214077 0.29345703125 0.29765395894428154
0 0.9072265625 0.3035190615835777 0.185546875 0.4274193548387097