0 0.9775390625 0.31085043988269795 0.044921875 0.6217008797653959
0 0.3046875 0.3790322580645161 0.31494140625 0.38343108504398826
0 0.13916015625 0.6165689149560117 0.2783203125 0.312316715542522
0 0.1640625 0.9384164222873901 0.30078125 0.12316715542521994
0 0.21728515625 0.8687683284457478 0.22216796875 0.12903225806451613
0 0.42919921875 0.751466275659824 0.28125 0.22580645161290322
0 0.43603515625 0.905425219941349 0.1982421875 0.18914956011730205
0 0.69287109375 0.6209677419354839 0.42822265625 0.41935483870967744
0 0.7099609375 0.8995601173020528 0.2734375 0.20087976539589442
0 0.97802734375 0.7573313782991202 0.0439453125 0.3159824046920821
0 0.685546875 0.3526392961876833 0.1162109375 0.44501466275659823
0 0.80419921875 0.3313782991202346 0.1015625 0.42595307917888564