0 0.19140625 0.3387096774193548 0.3828125 0.5425219941348973
0 0.36865234375 0.7294721407624634 0.28466796875 0.3870967741935484
0 0.45263671875 0.4662756598240469 0.21875 0.32111436950146627
0 0.638671875 0.26173020527859236 0.19677734375 0.24780058651026393
0 0.5537109375 0.093841642228739 0.18359375 0.187683284457478
0 0.8701171875 0.28812316715542524 0.259765625 0.5762463343108505
0 0.890625 0.7749266862170088 0.21875 0.3181818181818182
0 0.93603515625 0.9420821114369502 0.12744140625 0.1158357771260997
0 0.73193359375 0.9904692082111437 0.2001953125 0.01906158357771261
0 0.71240234375 0.8812316715542522 0.291015625 0.2375366568914956
0 0.11572265625 0.7969208211143695 0.23095703125 0.40615835777126097
0 0.19580078125 0.9450146627565983 0.21142578125 0.10997067448680352
0 0.47216796875 0.906158357771261 0.28173828125 0.18695014662756598