0 0.736488392578125 0 0.7703736982421875 0.7254538885630498 0.9219504736328125 0.733042857771261 0.86542494921875 0 0.736488392578125 0
0 0.9257775205078125 0 0.9522658291015625 0.6950974824046922 1 0.6850345762463343 1 0 0.9257775205078125 0
0 0.6187969228515625 0.7026866275659824 0.7526896640625 0.5319321774193548 0.60616537109375 0.012079680351906158 0.5000616279296874 0.5281375175953079 0.6187969228515625 0.7026866275659824
0 0.16259765625 0.7859237536656891 0.3251953125 0.4281524926686217
0 0.60595703125 0.8687683284457478 0.318359375 0.2624633431085044
0 0.96240234375 0.9002932551319648 0.0751953125 0.19941348973607037
0 0.83154296875 0.8548387096774194 0.3359375 0.2903225806451613
0 0.14013671875 0.1781524926686217 0.2802734375 0.3563049853372434
0 0.30712890625 0.6099706744868035 0.265625 0.4149560117302053
0 0.35498046875 0.8944281524926686 0.24609375 0.21114369501466276
0 0.4326171875 0.22360703812316715 0.240234375 0.4472140762463343