0 0.04150390625 0.9376832844574781 0.0830078125 0.12390029325513197
0 0.05078125 0.48900293255131966 0.10107421875 0.6598240469208211
0 0.2177734375 0.7221407624633431 0.21240234375 0.35777126099706746
0 0.21484375 0.4032258064516129 0.18212890625 0.30498533724340177
0 0.080078125 0.1217008797653959 0.15966796875 0.24266862170087977
0 0.64013671875 0.6649560117302052 0.52197265625 0.5689149560117303
0 0.26513671875 0.12683284457478006 0.228515625 0.2536656891495601
0 0.52392578125 0.17668621700879766 0.35498046875 0.3526392961876833
0 0.82275390625 0.18181818181818182 0.35400390625 0.36363636363636365
0 0.8759765625 0.9831378299120235 0.248046875 0.03372434017595308
0 0.92138671875 0.6693548387096774 0.15673828125 0.5894428152492669