0 0.20703125 0.7954545454545454 0.2041015625 0.3152492668621701
0 0.18017578125 0.9721407624633431 0.3603515625 0.05571847507331378
0 0.08349609375 0.7888563049853372 0.1669921875 0.2375366568914956
0 0.005859375 0.5593841642228738 0.01171875 0.28152492668621704
0 0.482421875 0.20821114369501467 0.19580078125 0.3321114369501466
0 0.03759765625 0.1158357771260997 0.0751953125 0.2316715542521994
0 0.716796875 0.7558651026392962 0.56591796875 0.48826979472140764
0 0.29345703125 0.2221407624633431 0.2744140625 0.4442815249266862
0 0.6621697177734375 0.7555131055718476 0.7108854736328125 0.7701420131964809 0.7775340390625 0.25402046041055715 0.6499908349609375 0.2398421539589443 0.6621697177734375 0.7555131055718476
0 0.72021484375 0.11436950146627566 0.21484375 0.2287390029325513
0 0.8740234375 0.6268328445747801 0.251953125 0.7243401759530792
0 0.92529296875 0.12316715542521994 0.1494140625 0.24633431085043989
0 0.5915318388671875 0.8396296994134899 0.6548623427734375 0.8396296994134899 0.6719129580078125 0.2398421539589443 0.5135863623046875 0.26178559970674486 0.5915318388671875 0.8396296994134899