0 0.07373046875 0.20234604105571846 0.1474609375 0.35043988269794724
0 0.55517578125 0.26173020527859236 0.21484375 0.28079178885630496
0 0.62060546875 0.093841642228739 0.1708984375 0.187683284457478
0 0.37255859375 0.3680351906158358 0.38427734375 0.34824046920821117
0 0.4150390625 0.09164222873900293 0.17333984375 0.18255131964809385
0 0.22412109375 0.09970674486803519 0.205078125 0.19941348973607037
0 0.517578125 0.6972140762463344 0.21728515625 0.3189149560117302
0 0.95947265625 0.12390029325513197 0.0791015625 0.24780058651026393
0 0.78271484375 0.5102639296187683 0.337890625 0.48533724340175954
0 0.7734375 0.19501466275659823 0.21728515625 0.2719941348973607
0 0.19189453125 0.6862170087976539 0.3837890625 0.624633431085044
0 0.353515625 0.9442815249266863 0.2890625 0.11143695014662756
0 0.13232421875 0.8643695014662757 0.2646484375 0.26832844574780057