0 0.1689453125 0.8189149560117303 0.337890625 0.3621700879765396
0 0.05810546875 0.2587976539589443 0.11572265625 0.46187683284457476
0 0.20556640625 0.4846041055718475 0.2890625 0.3519061583577713
0 0.2763671875 0.3387096774193548 0.28564453125 0.29178885630498536
0 0.3818359375 0.11070381231671554 0.2431640625 0.22140762463343108
0 0.56884765625 0.17228739002932553 0.212890625 0.25146627565982405
0 0.42138671875 0.9501466275659824 0.45703125 0.09897360703812316
0 0.564453125 0.9435483870967742 0.14111328125 0.11290322580645161
0 1 0.11183867155425219 0.6694770927734375 0.33127311876832843 0.7596014521484376 0.6201952521994135 1 0.4446476950146628 1 0.11183867155425219
0 0.5771484375 0.6326979472140762 0.35986328125 0.4281524926686217
0 0.83544921875 0.9831378299120235 0.3291015625 0.03372434017595308