0 0.1943359375 0.9516129032258065 0.388671875 0.0967741935483871
0 0.92724609375 0.9032258064516129 0.1455078125 0.1935483870967742
0 0.83740234375 0.906158357771261 0.169921875 0.18695014662756598
0 0.48193359375 0.844574780058651 0.22216796875 0.31085043988269795
0 0.1337890625 0.7008797653958945 0.21630859375 0.35117302052785926
0 0.43701171875 0.28519061583577715 0.2705078125 0.36730205278592376
0 0.23828125 0.3255131964809384 0.19384765625 0.3357771260997067
0 0.0576171875 0.3409090909090909 0.115234375 0.24193548387096775
0 0.08642578125 0.12023460410557185 0.14892578125 0.20967741935483872
0 0.8984375 0.3782991202346041 0.203125 0.36363636363636365
0 0.66455078125 0.5755131964809385 0.18798828125 0.24120234604105573