0 0.87646484375 0.7368035190615836 0.2470703125 0.5234604105571847
0 0.71044921875 0.9875366568914956 0.5791015625 0.024926686217008796
0 0.60498046875 0.7617302052785924 0.34765625 0.3944281524926686
0 0.685746982421875 0.7010059252199414 0.7920056484375 0.6559883328445748 0.6530520087890626 0.2467362331378299 0.5581901591796875 0.2768916085043988 0.685746982421875 0.7010059252199414
0 0.7702088330078125 0.5946005366568915 0.9173362158203126 0.5127500791788856 0.909784599609375 0.5038854736070382 0.7020944697265625 0.0011850483870967743 0.5903864755859375 0.11168308064516129 0.7702088330078125 0.5946005366568915
0 0.18896484375 0.3533724340175953 0.3779296875 0.7067448680351907
0 0.2978515625 0.08651026392961877 0.2265625 0.17302052785923755
0 0.54443359375 0.47580645161290325 0.201171875 0.2873900293255132
0 0.8740234375 0.1656891495601173 0.251953125 0.3313782991202346
0 0.07861328125 0.8863636363636364 0.1572265625 0.22727272727272727
0 0.298828125 0.8621700879765396 0.298828125 0.2756598240469208