0 0.28271484375 0.9200879765395894 0.1416015625 0.1598240469208211
0 0.095703125 0.8995601173020528 0.19140625 0.20087976539589442
0 0.18017578125 0.6737536656891495 0.216796875 0.32331378299120234
0 0.0458984375 0.6942815249266863 0.09130859375 0.19134897360703812
0 0.23583984375 0.2756598240469208 0.1357421875 0.1942815249266862
0 0.248046875 0.436950146627566 0.1328125 0.1774193548387097
0 0.0888671875 0.4303519061583578 0.177734375 0.29178885630498536
0 0.06982421875 0.14002932551319647 0.1396484375 0.2793255131964809
0 0.69580078125 0.9464809384164223 0.181640625 0.10703812316715543
0 0.82080078125 0.7763929618768328 0.08740234375 0.2404692082111437
0 0.9150390625 0.6906158357771262 0.125 0.25219941348973607
0 0.53857421875 0.9259530791788856 0.21826171875 0.14736070381231672
0 0.36962890625 0.6847507331378299 0.18212890625 0.19794721407624633
0 0.96337890625 0.21334310850439883 0.0732421875 0.42668621700879766
0 0.65283203125 0.7448680351906158 0.20556640625 0.2565982404692082
0 0.3173828125 0.08431085043988269 0.19921875 0.16862170087976538
0 0.419921875 0.4237536656891496 0.22607421875 0.3255131964809384
0 0.5673828125 0.36436950146627567 0.2861328125 0.4208211143695015