0 0.2119140625 0.7441348973607038 0.3271484375 0.40175953079178883
0 0.0234375 0.624633431085044 0.04638671875 0.42008797653958946
0 1 0.6238524369501466 0.5801200234375 0.9312029721407624 0.6063827626953125 1 1 1 1 0.6238524369501466
0 0.3796179775390625 0 0.3406452392578125 0.5799655483870968 0.5034112314453125 0.6377923914956012 0.637811728515625 0 0.3796179775390625 0
0 0.6280687109375 0 0.6037107216796875 0.554364917888563 0.68652770703125 0.6348241598240469 0.9520288330078125 0 0.6280687109375 0
0 0.092194505859375 0.5726510102639296 0.2968009921875 0.6201952521994135 0.36743887109375 0.03137942961876833 0.1920618828125 0.013093170087976539 0.092194505859375 0.5726510102639296
0 0 0.06789938123167155 0.0069418779296875 0.005778715542521995 0 0.0055434442815249264 0 0.06789938123167155
0 0.06640625 0.26759530791788855 0.1328125 0.5351906158357771
0 0.6650390625 0.5703812316715543 0.35986328125 0.37023460410557185
0 0.90869140625 0.35777126099706746 0.1826171875 0.624633431085044
0 0.95263671875 0.5593841642228738 0.0947265625 0.23826979472140764