0 0.53369140625 0.156158357771261 0.2373046875 0.312316715542522
0 0.2314453125 0.024926686217008796 0.2041015625 0.04985337243401759
0 0.95703125 0.4002932551319648 0.0859375 0.5557184750733137
0 0.04736328125 0.14589442815249268 0.09375 0.29178885630498536
0 0.798828125 0.4714076246334311 0.1953125 0.6686217008797654
0 0.525390625 0.5234604105571847 0.224609375 0.8181818181818182
0 0.4945593017578125 0 0.276791162109375 0.21459453519061586 0.281929345703125 0.7698524750733138 0.5054437333984375 0.7891321480938417 0.564533666015625 0.09891579765395894 0.5400547216796875 0 0.4945593017578125 0
0 0.1672878671875 1 0.2279775966796875 0.34569704692082115 0 0.7612300982404692 0 1 0.1672878671875 1
0 0.2913083525390625 1 0.4977363408203125 0.4575198841642229 0.433507990234375 0.3765447683284458 0.2510997744140625 0.5654866480938416 0.1424583916015625 1 0.2913083525390625 1
0 0.64794921875 0.8966275659824047 0.212890625 0.20674486803519063
0 0.96240234375 0.7287390029325513 0.0751953125 0.31671554252199413
0 0.83935546875 0.8137829912023461 0.1689453125 0.3724340175953079