0 0.22705078125 0.8665689149560117 0.4541015625 0.2668621700879765
0 0.091796875 0.6136363636363636 0.18359375 0.44941348973607037
0 0.06982421875 0.20527859237536658 0.1396484375 0.40982404692082114
0 0.66259765625 0.04618768328445748 0.373046875 0.09237536656891496
0 0.71240234375 0.8665689149560117 0.3193359375 0.2668621700879765
0 0.36572265625 0.38269794721407624 0.56103515625 0.7646627565982405
0 0.193359375 0.12609970674486803 0.24609375 0.25219941348973607
0 0.57080078125 0.11730205278592376 0.33544921875 0.23387096774193547
0 0.892578125 0.2280058651026393 0.21484375 0.3101173020527859
0 0.82861328125 0.47873900293255134 0.1943359375 0.20381231671554254
0 0.94091796875 0.6722873900293255 0.1181640625 0.655425219941349
0 0.94580078125 0.907624633431085 0.1064453125 0.18475073313782991