0 0.93896484375 0.8592375366568915 0.1220703125 0.28152492668621704
0 0.7177734375 0.7470674486803519 0.3603515625 0.5058651026392962
0 0.443359375 0.7250733137829912 0.2421875 0.5491202346041055
0 0.57080078125 0.32111436950146627 0.17529296875 0.27785923753665687
0 0.12109375 0.6642228739002932 0.20361328125 0.4596774193548387
0 0.123046875 0.20087976539589442 0.193359375 0.3775659824046921
0 0.25146484375 0.5131964809384164 0.1943359375 0.5960410557184751
0 0.4013671875 0.2624633431085044 0.21630859375 0.41275659824046923
0 0.7763671875 0.18255131964809385 0.447265625 0.34237536656891493
0 0.87109375 0.437683284457478 0.2578125 0.14882697947214077
0 0.9609375 0.5850439882697948 0.078125 0.25733137829912023