0 0.2294921875 0.07551319648093842 0.458984375 0.14809384164222875
0 0.13037109375 0.3519061583577713 0.2607421875 0.47214076246334313
0 0.083984375 0.7595307917888563 0.16796875 0.4809384164222874
0 0.4541015625 0.9259530791788856 0.283203125 0.14809384164222875
0 0.71044921875 0.7331378299120235 0.4091796875 0.532258064516129
0 0.28515625 0.7844574780058651 0.306640625 0.4310850439882698
0 0.3515625 0.33944281524926684 0.359375 0.4809384164222874
0 0.72314453125 0.05205278592375367 0.3154296875 0.10410557184750734
0 0.89794921875 0.1187683284457478 0.1962890625 0.2375366568914956
0 0.87841796875 0.31451612903225806 0.2421875 0.36656891495601174
0 0.5439453125 0.2844574780058651 0.4912109375 0.5557184750733137