0 0.0810546875 0.03812316715542522 0.162109375 0.07624633431085044
0 0.3736359375 1 0.675674158203125 0.7941695454545455 0.54946386328125 0.6136695835777126 0.2908191748046875 0.8856006774193548 0.3736359375 1
0 0.49560546875 0.5425219941348973 0.2099609375 0.27346041055718473
0 0.66845703125 0.6620234604105572 0.1650390625 0.2060117302052786
0 0.31884765625 0.3775659824046921 0.24072265625 0.17595307917888564
0 0.27490234375 0.21041055718475074 0.31396484375 0.22434017595307917
0 0.61767578125 0.2001466275659824 0.2001953125 0.22360703812316715
0 0.2080078125 0.8775659824046921 0.232421875 0.24486803519061584
0 0.287109375 0.6840175953079178 0.25048828125 0.2719941348973607
0 0.8369140625 0.8394428152492669 0.326171875 0.32038123167155425
0 0.94287109375 0.656158357771261 0.1142578125 0.2829912023460411
0 0.81103515625 0.16495601173020527 0.26025390625 0.3291788856304985
0 0.11865234375 0.7082111436950147 0.2373046875 0.5835777126099707
0 0.84521484375 0.5293255131964809 0.15283203125 0.2587976539589443