0 0.93359375 0.8673020527859238 0.126953125 0.2653958944281525
0 0.69873046875 0.7390029325513197 0.3994140625 0.5219941348973607
0 0.3994140625 0.7118768328445748 0.271484375 0.5762463343108505
0 0.5439453125 0.29105571847507333 0.1953125 0.30791788856304986
0 0.0810546875 0.6532258064516129 0.162109375 0.5058651026392962
0 0.0830078125 0.1774193548387097 0.162109375 0.3548387096774194
0 0.1923828125 0.4912023460410557 0.2197265625 0.656891495601173
0 0.35888671875 0.22434017595307917 0.2412109375 0.44868035190615835
0 0.76171875 0.1693548387096774 0.4765625 0.3387096774193548
0 0.8642578125 0.4252199413489736 0.271484375 0.17008797653958943
0 0.9609375 0.5901759530791789 0.078125 0.2829912023460411