0 0.3469117802734375 0.1747332302052786 0.485716421875 0.38038459677419356 0.778519203125 0.08371617595307917 0.7240724404296875 0.005796369501466276 0.611207865234375 0.002838392961876833 0.3469117802734375 0.1747332302052786
0 0.544921875 0.46187683284457476 0.23828125 0.31085043988269795
0 0.35302734375 0.32331378299120234 0.1875 0.23460410557184752
0 0.740234375 0.6517595307917888 0.271484375 0.20527859237536658
0 0.787109375 0.8394428152492669 0.3544921875 0.2595307917888563
0 0.404296875 0.8409090909090909 0.2275390625 0.2565982404692082
0 0.869140625 0.12023460410557185 0.26171875 0.2287390029325513
0 0.77978515625 0.3093841642228739 0.2841796875 0.312316715542522
0 0.1767578125 0.15175953079178886 0.349609375 0.3035190615835777
0 0.05615234375 0.32111436950146627 0.1123046875 0.3196480938416422
0 0.1884765625 0.841642228739003 0.294921875 0.30791788856304986
0 0.91650390625 0.312316715542522 0.1669921875 0.6070381231671554
0 0.15380859375 0.4662756598240469 0.173828125 0.29472140762463345