0 0.12646484375 0.7426686217008798 0.25244140625 0.4831378299120235
0 0.36376953125 0.7309384164222874 0.23046875 0.5124633431085044
0 0.624386228515625 0.5190503255131965 0.8887731845703125 0.1594227991202346 0.786683234375 0.06116388123167155 0.5733412529296875 0.43651286070381234 0.624386228515625 0.5190503255131965
0 0.6617952255859375 0.6053131642228738 0.8842990458984376 0.3183972741935484 0.8044594287109375 0.21031243695014665 0.6042060625 0.548323068914956 0.6617952255859375 0.6053131642228738
0 0.991624298828125 0.20441690469208212 0.753414453125 0.5306364692082112 0.77214469921875 0.5724937434017595 1 0.33018834017595305 0.991624298828125 0.20441690469208212
0 0.95759435546875 0.16118302346041055 0.7481790302734375 0.5168801656891495 0.758396994140625 0.5577640586510264 1 0.2574767038123167 0.95759435546875 0.16118302346041055
0 0.39501953125 0.34237536656891493 0.22802734375 0.29545454545454547
0 0.6217685771484375 0 0.49873705859375 0.38541820821114364 0.55021744921875 0.4222509589442815 0.78144769140625 0 0.6217685771484375 0
0 0.6859020478515625 0.31663695747800585 0.7369470234375 0.363801224340176 0.9686126826171875 0.0002434017595307918 0.82987513671875 0 0.6859020478515625 0.31663695747800585
0 0.05419921875 0.3709677419354839 0.1083984375 0.5109970674486803
0 0.0625 0.8511730205278593 0.125 0.29765395894428154
0 0.201171875 0.2749266862170088 0.150390625 0.2595307917888563