0 0.708984375 0.0344574780058651 0.146484375 0.0689149560117302
0 0.90185546875 0.07258064516129033 0.1962890625 0.14516129032258066
0 0.912109375 0.9516129032258065 0.169921875 0.0967741935483871
0 0.94140625 0.5843108504398827 0.1171875 0.39296187683284456
0 0.97998046875 0.3313782991202346 0.0400390625 0.10557184750733138
0 0.8935546875 0.8020527859237536 0.1025390625 0.14516129032258066
0 0.64892578125 0.7272727272727273 0.1162109375 0.18475073313782991
0 0.54443359375 0.3533724340175953 0.1298828125 0.23607038123167157
0 0.28369140625 0.06158357771260997 0.1875 0.12316715542521994
0 0.72216796875 0.2653958944281525 0.23046875 0.32111436950146627
0 0.775390625 0.5278592375366569 0.171875 0.22434017595307917
0 0.8327212958984375 1 0.88040121875 0.8919139560117302 0.77336908984375 0.8464048313782991 0.6805448447265625 0.8392940014662756 0.65118203515625 0.9857766187683284 0.6985472412109375 1 0.8327212958984375 1
0 0.03515625 0.14589442815249268 0.0703125 0.2126099706744868
0 0.326171875 0.3035190615835777 0.1484375 0.28005865102639294
0 0.1806640625 0.3379765395894428 0.1240234375 0.2434017595307918
0 0.36279296875 0.8196480938416423 0.267578125 0.28005865102639294
0 0.51123046875 0.9288856304985337 0.150390625 0.14222873900293256
0 0.0859375 0.8988269794721407 0.171875 0.20234604105571846
0 0.296875 0.5557184750733137 0.3349609375 0.2565982404692082
0 0.01171875 0.5733137829912024 0.0234375 0.25513196480938416
0 0.44580078125 0.07258064516129033 0.2255859375 0.14516129032258066