0 0.93603515625 0.19208211143695014 0.12744140625 0.3841642228739003
0 0.732421875 0.13416422287390029 0.19970703125 0.26832844574780057
0 0.71240234375 0.030058651026392963 0.291015625 0.060117302052785926
0 0.11572265625 0.0036656891495601175 0.23095703125 0.007331378299120235
0 0.19580078125 0.11730205278592376 0.21142578125 0.23387096774193547
0 0.3447265625 0.4215542521994135 0.22265625 0.2859237536656892
0 0.33056640625 0.16642228739002932 0.1953125 0.26759530791788855
0 0.123046875 0.38563049853372433 0.24560546875 0.4215542521994135
0 0.47216796875 0.07331378299120235 0.28173828125 0.1466275659824047
0 0.5859375 0.28005865102639294 0.28076171875 0.27346041055718473
0 0.61474609375 0.7082111436950147 0.376953125 0.5835777126099707
0 0.22607421875 0.7602639296187683 0.34521484375 0.47947214076246336
0 0.89599609375 0.7089442815249267 0.2080078125 0.45454545454545453