0 0.09326171875 0.18988269794721407 0.1865234375 0.37976539589442815
0 0.89208984375 0.22287390029325513 0.2158203125 0.3284457478005865
0 0.365234375 0.04912023460410557 0.16650390625 0.09824046920821114
0 0.7021484375 0.09530791788856305 0.2216796875 0.18988269794721407
0 0.298828125 0.34017595307917886 0.3515625 0.37390029325513197
0 0.01953125 0.5425219941348973 0.0390625 0.22947214076246333
0 0.78076171875 0.7382697947214076 0.37353515625 0.4303519061583578
0 0.1484375 0.842375366568915 0.296875 0.3152492668621701
0 0.42626953125 0.8834310850439883 0.30615234375 0.23313782991202345
0 0.42138671875 0.5872434017595308 0.41357421875 0.3848973607038123
0 0.7294921875 0.4142228739002933 0.26953125 0.24780058651026393