0 0.8623046875 0.07404692082111437 0.2734375 0.14809384164222875
0 0.63134765625 0.23900293255131966 0.287109375 0.4772727272727273
0 0.35595703125 0.2368035190615836 0.29931640625 0.47287390029325516
0 0.03955078125 0.10043988269794721 0.0791015625 0.20087976539589442
0 0.03662109375 0.5190615835777126 0.0732421875 0.24120234604105573
0 0.046875 0.3189149560117302 0.09375 0.16862170087976538
0 0.22802734375 0.7008797653958945 0.1298828125 0.17595307917888564
0 0.201171875 0.5124633431085044 0.08349609375 0.1495601173020528
0 0.744140625 0.8724340175953079 0.19677734375 0.25513196480938416
0 0.9248046875 0.6979472140762464 0.150390625 0.5219941348973607
0 0.89208984375 0.21920821114369501 0.2158203125 0.437683284457478
0 0.681640625 0.6605571847507331 0.240234375 0.20454545454545456
0 0.5634765625 0.8995601173020528 0.142578125 0.20087976539589442