0 0.44580078125 0.844574780058651 0.224609375 0.31085043988269795
0 0.7314453125 0.968475073313783 0.193359375 0.06304985337243402
0 0.04248046875 0.6048387096774194 0.0849609375 0.5271260997067448
0 0.9306640625 0.8533724340175953 0.138671875 0.2932551319648094
0 0.1943359375 0.5373900293255132 0.185546875 0.6334310850439883
0 0.453125 0.48826979472140764 0.21337890625 0.7756598240469208
0 0.466925607421875 1 0.6889633505859375 0.7811137346041056 0.684091841796875 0.2544710615835777 0.47217798046875 0.23618496920821114 0.4161548505859375 0.8908309589442814 0.4431607802734375 1 0.466925607421875 1
0 0.7961383251953125 0 0.735243462890625 0.6567676041055719 1 0.17401181964809384 1 0 0.7961383251953125 0
0 0.6889633505859375 0 0.4794853544921875 0.5507075659824047 0.540380216796875 0.6275096217008798 0.71332133984375 0.44830487976539585 0.8253678232421875 0 0.6889633505859375 0
0 0.33740234375 0.11656891495601172 0.20166015625 0.23240469208211142
0 0.03759765625 0.29472140762463345 0.07470703125 0.30058651026392963
0 0.15576171875 0.19501466275659823 0.16015625 0.39002932551319647