0 0.61328125 0.24193548387096775 0.4921875 0.4560117302052786
0 0.31689453125 0.2368035190615836 0.228515625 0.4736070381231672
0 0.1142578125 0.1744868035190616 0.228515625 0.3489736070381232
0 0.92724609375 0.3519061583577713 0.115234375 0.5982404692082112
0 0.73193359375 0.6774193548387096 0.203125 0.37390029325513197
0 0.57861328125 0.5813782991202346 0.220703125 0.28152492668621704
0 0.2822265625 0.6502932551319648 0.259765625 0.3313782991202346
0 0.0791015625 0.6656891495601173 0.158203125 0.36070381231671556
0 0.021484375 0.969208211143695 0.04296875 0.06158357771260997
0 0.2021484375 0.9362170087976539 0.2001953125 0.12609970674486803
0 0.7880859375 0.9582111436950147 0.1953125 0.08357771260997067
0 0.94287109375 0.8922287390029325 0.091796875 0.2155425219941349