0 0.97216796875 0.17521994134897362 0.0556640625 0.3489736070381232
0 0.87646484375 0.2126099706744868 0.20703125 0.4252199413489736
0 0.6865234375 0.14809384164222875 0.181640625 0.2961876832844575
0 0.55615234375 0.23826979472140764 0.181640625 0.2595307917888563
0 0.4736328125 0.08651026392961877 0.1640625 0.17302052785923755
0 0.2509765625 0.22580645161290322 0.2021484375 0.45161290322580644
0 0.07470703125 0.22653958944281524 0.1337890625 0.4252199413489736
0 0.9619140625 0.6649560117302052 0.076171875 0.3621700879765396
0 0.84228515625 0.624633431085044 0.15625 0.2668621700879765
0 0.6875 0.4963343108504399 0.177734375 0.3548387096774194
0 0.521484375 0.5359237536656891 0.111328125 0.3284457478005865
0 0.1337890625 0.7580645161290323 0.267578125 0.4809384164222874
0 0.37451171875 0.6400293255131965 0.125 0.34310850439882695
0 0.3623046875 0.9252199413489736 0.2900390625 0.1495601173020528
0 0.640625 0.875366568914956 0.302734375 0.24926686217008798
0 0.96044921875 0.968475073313783 0.0791015625 0.060117302052785926
0 0.10400390625 0.9948680351906158 0.2080078125 0.010263929618768328