0 0.8740234375 0.24266862170087977 0.251953125 0.48533724340175954
0 0.63330078125 0.2595307917888563 0.2490234375 0.5190615835777126
0 0.19564990234375 0.9643679882697948 0.4160363603515625 0.5627881114369501 0.3611937861328125 0.47719002052785925 0.086783595703125 0.8636075542521995 0.19564990234375 0.9643679882697948
0 0.1750756259765625 0.8076306671554253 0.382116666015625 0.44577368181818183 0.320685802734375 0.38728785483870964 0.0895536826171875 0.6958970293255131 0.1750756259765625 0.8076306671554253
0 0.20471554296875 0.42493516715542523 0.0016546162109375 0.6488799105571847 0.0032131572265625 0.7829439178885631 0.22498107421875 0.46854236803519056 0.20471554296875 0.42493516715542523
0 0.0141845205078125 0.8636540953079179 0.2306708369140625 0.482899215542522 0.2193941279296875 0.4400828607038123 0.00247335546875 0.7193069589442815 0.0038898203125 0.8411498137829913 0.0141845205078125 0.8636540953079179
0 0.60546875 0.656891495601173 0.244140625 0.31671554252199413
0 0.3777268720703125 1 0.4953387041015625 0.6145888387096774 0.440597068359375 0.5771835351906158 0.2170922421875 1 0.3777268720703125 1
0 0.1640079482421875 1 0.29880097265625 0.6922692815249267 0.2443919033203125 0.6439607214076246 0.0252302998046875 1 0.1640079482421875 1
0 0.9521484375 0.6173020527859238 0.095703125 0.5425219941348973
0 0.939453125 0.1348973607038123 0.115234375 0.2697947214076246
0 0.810546875 0.7228739002932552 0.1611328125 0.2785923753665689