0 0.23583984375 0.876099706744868 0.4716796875 0.24486803519061584
0 0.0859375 0.6195014662756598 0.171875 0.49853372434017595
0 0.0615234375 0.1972140762463343 0.123046875 0.39296187683284456
0 0.70361328125 0.020527859237536656 0.4140625 0.04105571847507331
0 0.759765625 0.8768328445747801 0.35546875 0.24633431085043989
0 0.3740234375 0.3944281524926686 0.623046875 0.7888563049853372
0 0.1826171875 0.1092375366568915 0.2734375 0.218475073313783
0 0.60205078125 0.09897360703812316 0.373046875 0.19794721407624633
0 0.919921875 0.19208211143695014 0.16015625 0.34457478005865105
0 0.888671875 0.4706744868035191 0.2158203125 0.22580645161290322
0 0.9736328125 0.6605571847507331 0.052734375 0.6788856304985337
0 0.97998046875 0.9230205278592375 0.0400390625 0.15395894428152493