0 0.91796875 0.624633431085044 0.16357421875 0.42008797653958946
0 0.79296875 0.5359237536656891 0.1650390625 0.36656891495601174
0 0.59765625 0.8299120234604106 0.400390625 0.34017595307917886
0 0.18798828125 0.6517595307917888 0.37548828125 0.6964809384164223
0 0.28955078125 0.9831378299120235 0.19677734375 0.03372434017595308
0 0.0472399501953125 0 0.4053013017578125 0.7847710879765396 0.64644466015625 0.5689938255131964 0.2883833095703125 0 0.0472399501953125 0
0 0.037109375 0.09824046920821114 0.07421875 0.19574780058651026
0 0.332227556640625 0 0.636701419921875 0.4958489545454546 0.6902889072265626 0.4885345835777126 0.663495275390625 0 0.332227556640625 0
0 1 0.0055434442815249264 0.8364363974609375 0 0.946047015625 0.5507075659824047 1 0.06789938123167155 1 0.0055434442815249264
0 0.99951171875 0.26759530791788855 0.0009765625 0.5351906158357771
0 0.7734375 0.24633431085043989 0.19921875 0.49193548387096775