0 0.021484375 0.09970674486803519 0.04296875 0.19941348973607037
0 0.0625 0.7214076246334311 0.125 0.21407624633431085
0 0.04052734375 0.5205278592375366 0.0810546875 0.2434017595307918
0 0.01416015625 0.3181818181818182 0.0283203125 0.17008797653958943
0 0.49755859375 0.18988269794721407 0.1767578125 0.2668621700879765
0 0.2080078125 0.20674486803519063 0.25390625 0.2785923753665689
0 0.20263671875 0.032991202346041054 0.2001953125 0.06598240469208211
0 0.71484375 0.5520527859237536 0.3515625 0.4574780058651026
0 0.7880859375 0.11950146627565983 0.1953125 0.23900293255131966
0 0.17724609375 0.45234604105571846 0.138671875 0.16129032258064516
0 0.32666015625 0.8548387096774194 0.171875 0.2903225806451613
0 0.3828125 0.5388563049853372 0.236328125 0.28885630498533726
0 0.732421875 0.9244868035190615 0.328125 0.15102639296187684
0 0.94287109375 0.08651026392961877 0.091796875 0.17302052785923755
0 0.931640625 0.46920821114369504 0.10546875 0.3841642228739003