0 0.84375 0.18035190615835778 0.30859375 0.36070381231671556
0 0.96728515625 0.750733137829912 0.0654296875 0.4750733137829912
0 0.83837890625 0.5212609970674487 0.314453125 0.3870967741935484
0 0.763671875 0.6810850439882697 0.310546875 0.32111436950146627
0 0.65380859375 0.9032258064516129 0.2626953125 0.1935483870967742
0 0.453125 0.8651026392961877 0.23046875 0.2697947214076246
0 0.6015625 0.04398826979472141 0.4921875 0.08797653958944282
0 0.4482421875 0.051319648093841645 0.15234375 0.10263929618768329
0 0.2421278671875 0.39189607917888564 0.0008074130859375 0.576004357771261 0.00496919921875 0.9339968328445749 0.34241454296875 0.69931142228739 0.2421278671875 0.39189607917888564
0 0.4375 0.37316715542521994 0.3916015625 0.4706744868035191
0 0.166015625 0.015395894428152493 0.33203125 0.021994134897360705