0 0.7102825771484375 0 0.7438763955078125 0.7189407536656891 0.890023884765625 0.7262551231671555 0.8340005322265625 0 0.7102825771484375 0
0 1 0.00014729472140762463 0.893031115234375 0.0018274780058651027 0.9192533837890625 0.6896827712609971 1 0.6726669178885631 1 0.00014729472140762463
0 0.597728904296875 0.6969973093841643 0.7268257802734375 0.5324214736070382 0.585549798828125 0.03137942961876833 0.4832465556640625 0.5287641217008797 0.597728904296875 0.6969973093841643
0 0.92822265625 0.9912023460410557 0.1435546875 0.01686217008797654
0 0.15771484375 0.7859237536656891 0.31494140625 0.4281524926686217
0 0.58544921875 0.8651026392961877 0.30615234375 0.2690615835777126
0 0.94580078125 0.8951612903225806 0.1064453125 0.20967741935483872
0 0.806640625 0.8511730205278593 0.33203125 0.29765395894428154
0 0.1357421875 0.18181818181818182 0.271484375 0.36363636363636365
0 0.296875 0.6077712609970675 0.25634765625 0.39956011730205276
0 0.34326171875 0.8900293255131965 0.23681640625 0.21920821114369501
0 0.4189453125 0.22580645161290322 0.23193359375 0.45161290322580644