0 0.94580078125 0.18988269794721407 0.1064453125 0.37976539589442815
0 0.65869140625 0.8775659824046921 0.2705078125 0.24486803519061584
0 0.13232421875 0.8233137829912024 0.2626953125 0.3533724340175953
0 0.0810546875 0.5102639296187683 0.162109375 0.250733137829912
0 0.38134765625 0.7478005865102639 0.2197265625 0.28005865102639294
0 0.8525390625 0.7448680351906158 0.22607421875 0.33944281524926684
0 0.6484375 0.37390029325513197 0.322265625 0.3651026392961877
0 0.70751953125 0.09310850439882698 0.283203125 0.18621700879765396
0 0.33642578125 0.19941348973607037 0.4150390625 0.39882697947214074
0 0.0830078125 0.08797653958944282 0.166015625 0.17595307917888564
0 0.9267578125 0.5425219941348973 0.146484375 0.22947214076246333
0 0.9755859375 0.842375366568915 0.048828125 0.3152492668621701