0 0.22900390625 0.9266862170087976 0.4580078125 0.1466275659824047
0 0.13037109375 0.6524926686217009 0.2607421875 0.45234604105571846
0 0.0830078125 0.24486803519061584 0.16552734375 0.4897360703812317
0 0.4453125 0.07771260997067449 0.2744140625 0.15542521994134897
0 0.6962890625 0.26099706744868034 0.392578125 0.5219941348973607
0 0.28173828125 0.22580645161290322 0.2939453125 0.4178885630498534
0 0.3515625 0.6598240469208211 0.34521484375 0.4596774193548387
0 0.71728515625 0.9420821114369502 0.30615234375 0.1158357771260997
0 0.89599609375 0.873900293255132 0.20751953125 0.25219941348973607
0 0.8740234375 0.6708211143695014 0.251953125 0.35043988269794724
0 0.53955078125 0.7082111436950147 0.47314453125 0.5278592375366569