0 0.8544921875 0.7404692082111437 0.29052734375 0.5190615835777126
0 0.6962890625 0.9633431085043989 0.568359375 0.07258064516129033
0 0.57666015625 0.7368035190615836 0.31005859375 0.3519061583577713
0 0.6488805263671875 0.6823682346041056 0.7438763955078125 0.6421386964809384 0.6196510283203125 0.27641450586510263 0.53484398046875 0.3033625659824047 0.6488805263671875 0.6823682346041056
0 0.663495275390625 0.05698005865102639 0.5636276748046875 0.15572556011730204 0.7243899140625 0.5872800850439882 0.8559226552734375 0.5141352140762463 0.8491714658203126 0.5062134428152493 0.663495275390625 0.05698005865102639
0 0.18701171875 0.3651026392961877 0.3740234375 0.6444281524926686
0 0.30126953125 0.10483870967741936 0.2021484375 0.20967741935483872
0 0.5224609375 0.4809384164222874 0.1796875 0.2565982404692082
0 0.83740234375 0.17668621700879766 0.2646484375 0.3526392961876833
0 0.087890625 0.8731671554252199 0.17578125 0.2536656891495601
0 0.302734375 0.8511730205278593 0.267578125 0.29765395894428154