0 0.23486328125 0.31085043988269795 0.4697265625 0.6217008797653959
0 0.57763671875 0.3782991202346041 0.1953125 0.3035190615835777
0 0.07666015625 0.7573313782991202 0.1533203125 0.3159824046920821
0 0.712890625 0.5278592375366569 0.14501953125 0.16788856304985336
0 0.76904296875 0.6656891495601173 0.130859375 0.16129032258064516
0 0.74853515625 0.4244868035190616 0.171875 0.1972140762463343
0 0.78271484375 0.2316715542521994 0.1533203125 0.2653958944281525
0 0.9248046875 0.5344574780058651 0.150390625 0.2925219941348974
0 0.916015625 0.8497067448680352 0.16796875 0.2998533724340176
0 0.33740234375 0.7939882697947214 0.29052734375 0.4120234604105572
0 0.58251953125 0.780791788856305 0.1845703125 0.43841642228739003