0 0.283203125 0.041788856304985335 0.1416015625 0.08357771260997067
0 0.095703125 0.07844574780058651 0.19140625 0.15689149560117302
0 0.08642578125 0.9464809384164223 0.1640625 0.10703812316715543
0 0.0576171875 0.5835777126099707 0.11474609375 0.37976539589442815
0 0.02001953125 0.3379765395894428 0.0400390625 0.10117302052785923
0 0.1044921875 0.7947214076246334 0.09912109375 0.14002932551319647
0 0.341796875 0.7221407624633431 0.11279296875 0.1781524926686217
0 0.44287109375 0.3592375366568915 0.1259765625 0.22947214076246333
0 0.69580078125 0.06818181818181818 0.181640625 0.13563049853372433
0 0.27099609375 0.27419354838709675 0.2236328125 0.31085043988269795
0 0.21875 0.5285923753665689 0.16650390625 0.21700879765395895
0 0.33957062890625 0.9725071612903226 0.3111093095703125 0.8305218167155426 0.221134931640625 0.8374143313782991 0.117388876953125 0.8815262478005865 0.16421229296875 0.9876706671554253 0.2569410732421875 0.9973201363636364 0.33957062890625 0.9725071612903226
0 0.95166015625 0.1590909090909091 0.0966796875 0.20527859237536658
0 0.65478515625 0.31158357771260997 0.14306640625 0.27126099706744866
0 0.7958984375 0.34457478005865105 0.11962890625 0.23533724340175954
0 0.619140625 0.8115835777126099 0.25927734375 0.27126099706744866
0 0.47509765625 0.9237536656891495 0.1455078125 0.15249266862170088
0 0.990234375 0.8321114369501467 0.01953125 0.3357771260997067
0 0.89892578125 0.8951612903225806 0.18798828125 0.20967741935483872
0 0.68310546875 0.5557184750733137 0.32470703125 0.24853372434017595
0 0.97412109375 0.5725806451612904 0.0517578125 0.2470674486803519
0 0.53857421875 0.07917888563049853 0.21826171875 0.15762463343108504