0 0.1337890625 0.07331378299120235 0.267578125 0.1466275659824047
0 0.3623046875 0.23973607038123168 0.2900390625 0.4780058651026393
0 0.640625 0.2375366568914956 0.302734375 0.4750733137829912
0 0.96044921875 0.09970674486803519 0.0791015625 0.19941348973607037
0 0.96337890625 0.5212609970674487 0.0732421875 0.2434017595307918
0 0.953125 0.3181818181818182 0.09375 0.17008797653958943
0 0.77001953125 0.7052785923753666 0.130859375 0.17888563049853373
0 0.796875 0.5139296187683284 0.083984375 0.15249266862170088
0 0.24951171875 0.873900293255132 0.1982421875 0.25219941348973607
0 0.07080078125 0.7023460410557185 0.1416015625 0.5278592375366569
0 0.10400390625 0.21920821114369501 0.2080078125 0.43841642228739003
0 0.31201171875 0.6642228739002932 0.2421875 0.20674486803519063
0 0.431640625 0.9017595307917888 0.14453125 0.19648093841642228