0 0.3349609375 0.4046920821114369 0.1953125 0.33284457478005863
0 0.22802734375 0.30131964809384165 0.1201171875 0.2653958944281525
0 0.404296875 0.6869501466275659 0.2431640625 0.5953079178885631
0 0.22216796875 0.6165689149560117 0.1162109375 0.2697947214076246
0 0.22509765625 0.8724340175953079 0.1279296875 0.2434017595307918
0 0.63134765625 0.4706744868035191 0.220703125 0.3387096774193548
0 0.5068359375 0.16202346041055718 0.333984375 0.32404692082111436
0 0.29248046875 0.11950146627565983 0.1884765625 0.23900293255131966
0 0.61767578125 0.8343108504398827 0.4267578125 0.3313782991202346
0 0.79443359375 0.7265395894428153 0.0771484375 0.4442815249266862
0 0.73828125 0.9288856304985337 0.181640625 0.14222873900293256