0 0.3828125 0.2434017595307918 0.486328125 0.4508797653958944
0 0.6767578125 0.2368035190615836 0.22607421875 0.47287390029325516
0 0.88232421875 0.17521994134897362 0.2353515625 0.3497067448680352
0 0.072265625 0.3519061583577713 0.11376953125 0.592375366568915
0 0.265625 0.6737536656891495 0.20068359375 0.37023460410557185
0 0.41748046875 0.5791788856304986 0.21923828125 0.2793255131964809
0 0.7109375 0.6473607038123167 0.2578125 0.32697947214076245
0 0.91650390625 0.6612903225806451 0.1669921875 0.35777126099706746
0 0.9736328125 0.966275659824047 0.052734375 0.06744868035190615
0 0.78955078125 0.9332844574780058 0.1982421875 0.13343108504398826
0 0.2109375 0.9552785923753666 0.193359375 0.08870967741935484
0 0.056640625 0.8892961876832844 0.091796875 0.22140762463343108