0 0.18017578125 0.7763929618768328 0.2919921875 0.43841642228739003
0 0.5703125 0.7243401759530792 0.330078125 0.5513196480938416
0 0.7724609375 0.8475073313782991 0.375 0.30498533724340177
0 0.9013671875 0.6033724340175953 0.197265625 0.5439882697947214
0 0.46533203125 0.2844574780058651 0.2783203125 0.5689149560117303
0 0.73095703125 0.2932551319648094 0.2177734375 0.5806451612903226
0 0.9296875 0.1495601173020528 0.140625 0.28152492668621704
0 0.02490234375 0.8497067448680352 0.0498046875 0.27712609970674484
0 0.01904296875 0.4039589442815249 0.0380859375 0.16422287390029325
0 0.0341796875 0.5652492668621701 0.068359375 0.2829912023460411
0 0.16796875 0.11730205278592376 0.322265625 0.23460410557184752
0 0.1767578125 0.29178885630498536 0.146484375 0.5425219941348973