0 0.93408203125 0.10483870967741936 0.1318359375 0.20967741935483872
0 0.0810546875 0.7243401759530792 0.162109375 0.41935483870967744
0 0.2392578125 0.40249266862170086 0.29150390625 0.29545454545454547
0 0.0810546875 0.1598240469208211 0.162109375 0.3196480938416422
0 0.75 0.7038123167155426 0.38671875 0.4178885630498534
0 0.86181640625 0.34237536656891493 0.27587890625 0.3159824046920821
0 0.5625 0.2529325513196481 0.412109375 0.5058651026392962
0 0.29345703125 0.906158357771261 0.21875 0.18695014662756598
0 0.2822265625 0.6913489736070382 0.16796875 0.21627565982404692
0 0.54248046875 0.6847507331378299 0.2421875 0.3460410557184751
0 0.65576171875 0.9252199413489736 0.0966796875 0.1495601173020528