0 0.9736328125 0.10043988269794721 0.052734375 0.20087976539589442
0 0.9306640625 0.718475073313783 0.12744140625 0.21114369501466276
0 0.955078125 0.5190615835777126 0.08935546875 0.24120234604105573
0 0.98095703125 0.3189149560117302 0.0380859375 0.16862170087976538
0 0.49755859375 0.19134897360703812 0.17529296875 0.26466275659824046
0 0.7841796875 0.20821114369501467 0.2509765625 0.2756598240469208
0 0.78955078125 0.0344574780058651 0.1982421875 0.0689149560117302
0 0.2822265625 0.5498533724340176 0.34716796875 0.45234604105571846
0 0.2109375 0.12023460410557185 0.193359375 0.2404692082111437
0 0.81494140625 0.4508797653958944 0.13720703125 0.15835777126099707
0 0.6669921875 0.8504398826979472 0.169921875 0.28885630498533726
0 0.611328125 0.5366568914956011 0.234375 0.2859237536656892
0 0.26513671875 0.9215542521994134 0.32421875 0.15689149560117302
0 0.056640625 0.0872434017595308 0.091796875 0.1744868035190616
0 0.06787109375 0.46774193548387094 0.10498046875 0.3790322580645161