0 0.24267578125 0.7881231671554252 0.2626953125 0.42302052785923755
0 0.60009765625 0.7346041055718475 0.296875 0.5300586510263929
0 0.7861328125 0.8453079178885631 0.34033203125 0.3086510263929619
0 0.90673828125 0.5989736070381232 0.1865234375 0.4941348973607038
0 0.4990234375 0.2903225806451613 0.248046875 0.5674486803519062
0 0.74267578125 0.29765395894428154 0.19384765625 0.5703812316715543
0 0.927734375 0.16715542521994134 0.13330078125 0.2873900293255132
0 0.0615234375 0.8592375366568915 0.123046875 0.28152492668621704
0 0.02197265625 0.18255131964809385 0.0439453125 0.34237536656891493
0 0.05419921875 0.437683284457478 0.1083984375 0.14882697947214077
0 0.06884765625 0.5850439882697948 0.13720703125 0.25733137829912023
0 0.22509765625 0.13856304985337242 0.29248046875 0.27419354838709675
0 0.234375 0.33064516129032256 0.12841796875 0.49486803519061584