0 0.03271484375 0.17155425219941348 0.0654296875 0.34310850439882695
0 0.33349609375 0.8870967741935484 0.310546875 0.22580645161290322
0 0.8935546875 0.8240469208211144 0.212890625 0.3519061583577713
0 0.9521484375 0.49193548387096775 0.095703125 0.2873900293255132
0 0.65283203125 0.7646627565982405 0.251953125 0.32111436950146627
0 0.12109375 0.7602639296187683 0.2421875 0.3885630498533724
0 0.34619140625 0.3357771260997067 0.3701171875 0.41935483870967744
0 0.2783203125 0.060117302052785926 0.3251953125 0.12023460410557185
0 0.7041015625 0.18255131964809385 0.4765625 0.3651026392961877
0 0.94970703125 0.054252199413489736 0.1005859375 0.10850439882697947
0 0.0556640625 0.5285923753665689 0.111328125 0.2624633431085044