0 0.708984375 0.9252199413489736 0.146484375 0.1495601173020528
0 0.90185546875 0.9039589442815249 0.1962890625 0.19208211143695014
0 0.81591796875 0.6774193548387096 0.2236328125 0.3343108504398827
0 0.95361328125 0.6986803519061584 0.0927734375 0.19794721407624633
0 0.75830078125 0.2668621700879765 0.140625 0.20087976539589442
0 0.74560546875 0.43328445747800587 0.13671875 0.18328445747800587
0 0.9091796875 0.4274193548387097 0.181640625 0.30058651026392963
0 0.9287109375 0.13563049853372433 0.142578125 0.27126099706744866
0 0.28369140625 0.9516129032258065 0.1875 0.0967741935483871
0 0.15478515625 0.782991202346041 0.08984375 0.24780058651026393
0 0.06103515625 0.6942815249266863 0.1220703125 0.26099706744868034
0 0.44580078125 0.9310850439882697 0.224609375 0.1378299120234604
0 0.6201171875 0.6891495601173021 0.1875 0.20381231671554254
0 0.02294921875 0.21114369501466276 0.0458984375 0.4222873900293255
0 0.328125 0.750733137829912 0.2119140625 0.26392961876832843
0 0.673828125 0.07844574780058651 0.205078125 0.15689149560117302
0 0.568359375 0.41935483870967744 0.232421875 0.3357771260997067
0 0.416015625 0.3585043988269795 0.2958984375 0.4340175953079179