0 0.96826171875 0.9318181818181818 0.0634765625 0.10997067448680352
0 0.06689453125 0.3196480938416422 0.1337890625 0.4780058651026393
0 0.22216796875 0.6803519061583577 0.333984375 0.34310850439882695
0 0.07080078125 0.8878299120234604 0.1357421875 0.22434017595307917
0 0.78759765625 0.32404692082111436 0.4248046875 0.4838709677419355
0 0.88525390625 0.7302052785923754 0.2294921875 0.36363636363636365
0 0.58935546875 0.7734604105571847 0.4716796875 0.4530791788856305
0 0.27685546875 0.10997067448680352 0.25 0.21407624633431085
0 0.267578125 0.35117302052785926 0.193359375 0.24926686217008798
0 0.56201171875 0.35117302052785926 0.279296875 0.4002932551319648
0 0.6875 0.07991202346041056 0.111328125 0.1598240469208211