0 0.39697265625 0.969208211143695 0.3291015625 0.06158357771260997
0 0.09814453125 0.9193548387096774 0.19580078125 0.16055718475073313
0 0.23974609375 0.5747800586510264 0.4794921875 0.6209677419354839
0 0.03955078125 0.11436950146627566 0.0791015625 0.21627565982404692
0 0.17236328125 0.3247800586510264 0.22314453125 0.3841642228739003
0 0.8408203125 0.9391495601173021 0.17822265625 0.1217008797653959
0 0.2392578125 0.12609970674486803 0.18896484375 0.2287390029325513
0 0.5458984375 0.14809384164222875 0.341796875 0.2719941348973607
0 0.8740234375 0.1282991202346041 0.251953125 0.23313782991202345
0 0.66259765625 0.5293255131964809 0.3125 0.4310850439882698
0 0.91845703125 0.42595307917888564 0.158203125 0.2690615835777126
0 0.9091796875 0.7133431085043989 0.17626953125 0.22947214076246333
0 0.640625 0.8922287390029325 0.2099609375 0.21480938416422288