0 0.02783203125 0.17521994134897362 0.0556640625 0.3497067448680352
0 0.12255859375 0.2118768328445748 0.2041015625 0.4237536656891496
0 0.31103515625 0.14882697947214077 0.17919921875 0.29765395894428154
0 0.439453125 0.23900293255131966 0.18017578125 0.2565982404692082
0 0.521484375 0.0872434017595308 0.16162109375 0.1744868035190616
0 0.7421875 0.22580645161290322 0.20068359375 0.4508797653958944
0 0.91650390625 0.2280058651026393 0.13232421875 0.42008797653958946
0 0.0380859375 0.6620234604105572 0.076171875 0.35777126099706746
0 0.15673828125 0.6217008797653959 0.1552734375 0.26466275659824046
0 0.3095703125 0.49486803519061584 0.17626953125 0.35117302052785926
0 0.47412109375 0.5344574780058651 0.11083984375 0.3247800586510264
0 0.86279296875 0.7580645161290323 0.27392578125 0.4838709677419355
0 0.61962890625 0.6370967741935484 0.1240234375 0.33944281524926684
0 0.630859375 0.9222873900293255 0.287109375 0.15542521994134897
0 0.35595703125 0.8731671554252199 0.29931640625 0.2529325513196481
0 0.03955078125 0.966275659824047 0.0791015625 0.06744868035190615
0 0.89208984375 0.9912023460410557 0.2158203125 0.017595307917888565